"m.z" "r.t" "p.value" "t.score"
157.14146 7.82 0.0000000001 -0.5458172858
325.17107 10.465 0.0000000001 -1.4222406854
191.99763 10.928 0.0000000001 -0.8535777467
240.15945 8.688 0.0000000001 -0.4707920482
268.15443 8.687 0.0000000001 -28.2665582822
216.06872 8.046 0.0000000001 -0.7098601121
277.08920 2.364 0.0000000001 -0.2482513301
209.03017 5.657 0.0000000001 -4.2337065246
253.09279 5.964 0.0000000001 -0.2614715175
340.26912 12.54 0.0000000001 -0.6111411048
326.23230 10.263 0.0000000003 -0.4350630134
331.95245 4.82 0.0000000005 -0.1776739890
445.81506 12.734 0.0000000007 -26.3631253636
311.15530 10.615 0.0000000009 -0.4303088614
417.30441 12.205 0.0000000033 -1.1026579442
174.14874 8.541 0.0000000081 -0.6256146775
340.13251 6.956 0.0000000374 0.4723092914
165.06909 3.268 0.0000001143 -0.3251648643
401.15295 10.707 0.0000002020 -0.1416562772
272.13379 2.368 0.0000002228 -0.3082232097
182.08107 8.577 0.0000004934 -0.2599391933
165.04176 12.772 0.0000008281 0.1896995108
155.15427 5.154 0.0000009973 0.2662120263
185.11830 12.558 0.0000012852 0.1826225832
208.06134 11.426 0.0000028972 -0.1854262796
199.96928 8.234 0.0000030288 -0.1401013174
705.82720 8.883 0.0000050178 27.9935523157
246.04396 9.126 0.0000070847 -0.1646373739
508.01346 5.713 0.0000108259 -0.3613378894
289.22728 9.974 0.0000112898 -0.7052201092
229.56251 1.002 0.0000115288 0.2191833224
321.89751 4.849 0.0000115288 -0.3509908130
258.15450 8.641 0.0000151107 0.5266722658
307.11092 12.054 0.0000174561 -0.2253265244
105.03673 2.076 0.0000218555 -1.1878086103
416.35181 10.38 0.0000353926 -0.2212480943
226.09353 10.051 0.0000524300 1.6225915795
416.37491 11.688 0.0000577708 -0.1478432563
266.06696 10.05 0.0000687065 -0.2570311715
212.11265 2.743 0.0000831451 -0.4469485155
360.99793 9.63 0.0000815814 -0.3279466151
414.33618 10.38 0.0001377886 -0.2517839427
583.15175 9.301 0.0001429601 29.9779470375
756.24129 8.822 0.0001538562 1.5376578561
162.07594 1.02 0.0001685768 0.2000720884
379.97192 3.482 0.0001655306 -0.0471640225
189.08795 4.9 0.0002057533 -1.6180368250
328.10279 10.232 0.0002210867 -0.1288439126
226.12834 4.744 0.0002595962 -1.0317402654
207.14907 8.611 0.0002550258 -0.1548642003
85.02833 1.167 0.0002836232 0.1601354687
253.05434 6.017 0.0002836232 -0.2361869235
412.86265 1.253 0.0002786571 0.3019860436
212.11807 9.798 0.0002786571 -0.2406851838
338.11688 6.931 0.0002990235 1.6219398404
209.10183 7.667 0.0002938051 0.2205724506
174.04068 9.047 0.0003322019 -0.1494247234
642.31799 0.711 0.0003884831 0.0897365247
480.00681 6.217 0.0004162551 -0.1692972354
101.01674 5.642 0.0004308263 0.5008939692
279.11598 10.313 0.0004382892 -0.1491415076
111.02003 12.66 0.0004614083 -1.6083460377
190.15486 1.3 0.0004856612 0.2859849623
147.11266 1.298 0.0005287416 -0.2439403314
377.91489 4.919 0.0005851336 -0.1197151290
264.07714 0.994 0.0006051425 -0.2693590036
255.09499 7.907 0.0006690547 0.0721925560
190.92841 8.648 0.0006917169 0.2428280677
195.11263 6.089 0.0007033137 -0.2031886442
219.12255 11.03 0.0007767745 -24.0533866886
379.14916 11.813 0.0008028033 -0.1820628511
211.10753 8.605 0.0008573058 0.3300642522
310.14136 10.22 0.0008573058 30.0238483491
447.89196 1.202 0.0009455221 0.1735659586
569.26508 11.514 0.0009927168 -0.0662375124
188.16425 9.634 0.0010937155 -0.0605071134
365.10535 5.437 0.0011477037 0.4823216113
387.28674 11.884 0.0011662402 -0.0948009912
177.10193 10.234 0.0011662402 -0.0946122859
133.08570 7.047 0.0011477037 -0.2076401392
421.20414 10.379 0.0013247983 -0.2656254196
508.08591 1.012 0.0013892204 0.1431557196
336.85871 2.805 0.0014565205 0.1310817531
388.87366 2.809 0.0015030431 0.1047381986
286.20103 9.535 0.0017568710 -0.1838394375
204.15923 8.684 0.0018980530 -0.0620232024
706.32819 8.954 0.0021787215 0.2402735287
124.00731 0.904 0.0021787215 0.2653378593
238.09924 7.85 0.0022121497 0.1040469642
233.09932 6.804 0.0022460474 -0.2627905070
253.11829 6.707 0.0023864511 0.1754252946
308.18542 9.698 0.0025348476 -0.0773977619
557.34613 12.217 0.0026121685 -0.0756755326
453.18585 12.336 0.0026121685 -0.1331844220
522.20241 6.584 0.0029000783 0.3564766607
371.12243 11.684 0.0029875019 0.2704457984
384.12233 6.947 0.0030773235 0.2741711812
162.83902 11.979 0.0031231517 -0.4833922696
271.18060 10.852 0.0031696012 0.5416527760
104.07053 0.875 0.0032166797 0.1926710607
281.07666 10.459 0.0032643944 0.1494320741
186.11234 2.243 0.0035644776 -0.3244468939
231.06209 9.352 0.0037782516 29.7399632012
245.16055 5.096 0.0039461575 -0.1761908179
257.11322 8.472 0.0040036142 0.2809689198
231.08377 4.726 0.0041208121 -0.5486304289
166.08610 7.964 0.0041805708 -0.1216479480
345.07272 11.44 0.0043645941 0.2669496213
345.07263 11.048 0.0044913236 0.4571168276
336.85849 10.106 0.0045559305 0.1728185502
418.16272 8.633 0.0048228607 0.2314853950
434.21735 8.685 0.0051038639 0.0580769777
198.09718 1.002 0.0051038639 0.1504390938
449.30468 12.874 0.0053242381 -0.1599675180
221.15347 12.88 0.0054758910 -0.2122632730
307.11091 10.806 0.0055531702 -0.1181395892
449.11725 0.993 0.0057909481 0.0847010612
335.19002 11.609 0.0061222577 -0.2165192399
240.11491 9.07 0.0060378675 0.2266721196
256.10980 7.843 0.0061222577 0.6614789969
437.23540 10.424 0.0066512829 0.3705284693
207.12252 10.344 0.0066512829 -0.4097757813
214.03322 0.96 0.0065603528 0.4440013252
236.58849 1.017 0.0068365499 0.0830564728
461.80297 1.263 0.0070264407 0.2203536052
207.14903 10.244 0.0070264407 -0.0644709641
331.09246 10.166 0.0072210547 0.1101628723
227.89438 8.954 0.0072210547 0.1241321814
152.05663 10.045 0.0074204928 0.0985786892
245.12827 10.024 0.0074204928 -0.0837300173
323.19003 11.58 0.0077289198 -0.2298932025
445.07303 5.714 0.0077289198 -0.1106182071
282.11969 8.251 0.0078342530 0.0051659496
245.09525 8.796 0.0079408705 0.2623953408
518.83193 1.289 0.0086083028 0.1114790862
572.35541 12.497 0.0086083028 -0.2702901374
163.06002 1.001 0.0090806828 0.1671956006
440.22751 8.348 0.0092023363 0.0784078851
148.06036 0.977 0.0093254423 0.4985495683
489.16273 12.42 0.0094500156 -0.1348227073
207.07621 8.806 0.0095760710 -0.3854353547
186.07591 5.789 0.0097036235 0.1898534302
115.07521 4.193 0.0098326882 -0.1451850072
261.21717 11.699 0.0099632804 -0.1400478962
177.14837 10.693 0.0099632804 -0.1435799688
416.28513 11.536 0.0100954153 -0.1855349365
232.05761 9.265 0.0102291084 1.7430539651
189.15960 1.36 0.0103643753 0.1484599831
228.07861 8.707 0.0103643753 1.1070381070
180.08653 1.783 0.0105012317 0.1186730264
111.02000 9.054 0.0106396933 0.0983588717
302.01923 4.916 0.0107797761 -0.1367886908
387.11466 5.628 0.0113566418 0.2192353832
466.81659 1.86 0.0113566418 0.0648666762
172.07175 9.946 0.0115050735 2.5112447568
305.22233 11.03 0.0121161605 -0.1453746993
235.12873 7.948 0.0124323578 0.0361823615
201.02649 10.16 0.0125931801 0.0524493131
320.20668 12.357 0.0130867521 -0.3944133417
356.24298 12.717 0.0127558415 -0.0748287449
113.03080 1.937 0.0130867521 0.5528322823
276.13611 4.661 0.0129203596 0.1303338652
278.17495 7.936 0.0130867521 0.0251082599
113.03078 1.938 0.0129203596 0.4893039462
225.06165 1.205 0.0137714255 0.1156288049
333.09137 11.511 0.0139474605 -0.0580819792
180.08652 1.003 0.0144875409 0.1261778111
128.04539 9.945 0.0146716219 0.6376615408
241.10289 0.989 0.0150459790 0.2356924872
288.00378 4.675 0.0160189105 -1.6046739966
426.21209 8.442 0.0170467261 -0.0947319319
242.13058 8.916 0.0172590968 28.1123995116
306.08103 11.419 0.0174737845 0.2114462063
258.11248 9.938 0.0183561234 0.1590259176
412.19637 8.44 0.0183561234 -0.1441518025
261.14835 12.903 0.0185827106 -0.6120455063
191.06606 11.966 0.0190432373 -0.0969958417
694.92303 12.344 0.0192772201 -0.1076220327
249.15572 1.016 0.0197527336 0.1730574115
226.08222 7.649 0.0199943082 0.0235409793
289.15454 10.891 0.0202384577 -0.3206962193
172.20593 8.813 0.0207345706 -0.0705904155
434.15768 9.106 0.0212412523 0.1219399328
437.93057 3.589 0.0217586850 -0.1253274326
256.01510 9.976 0.0217586850 -0.1364927770
285.97708 9.15 0.0225553956 0.2753694815
297.09353 5.148 0.0236570417 -0.5166724198
206.10229 7.942 0.0242251633 0.7647293565
177.10207 3.9 0.0250995122 0.4130766992
384.11905 1.015 0.0250995122 0.1346259604
246.97734 4.126 0.0250995122 0.1331218003
107.04896 8.69 0.0248050745 -0.0117726339
275.03886 11.955 0.0250995122 0.1699687812
180.06885 1.005 0.0250995122 0.3608088565
180.01162 0.852 0.0253969708 -0.2026970984
632.05540 0.993 0.0253969708 0.1741984316
356.24314 11.873 0.0263077199 -0.0394303814
450.01277 1.949 0.0269304476 0.1395160886
553.88232 12.299 0.0269304476 0.1762755773
309.12663 11.904 0.0266175108 -0.1344245030
172.09669 9.97 0.0269304476 0.1451252070
414.30011 11.739 0.0275658604 -0.0779700051
286.20099 9.676 0.0278883876 -0.0650573332
441.19742 11.281 0.0282141630 0.0953112881
159.05110 3.693 0.0295502657 0.2065332734
241.15468 4.688 0.0298926726 0.0528188721
185.12834 7.4 0.0302384848 0.2860643743
202.17990 9.685 0.0320195605 0.0605607446
302.06729 10.869 0.0323863674 0.0445738851
158.09236 9.95 0.0327567684 0.1249539845
200.10289 1.337 0.0331307910 0.1312798247
464.08922 11.123 0.0331307910 -0.2058783758
145.04945 1.0 0.0338898111 0.0955771062
145.04935 0.994 0.0338898111 0.0955771062
439.28392 12.663 0.0342748641 -0.3916422283
262.18017 8.577 0.0342748641 -0.1827228151
71.01366 1.245 0.0346636496 0.0778152911
267.17197 12.682 0.0350561957 -0.0924066405
193.09709 3.414 0.0354525304 0.6420961079
101.07896 2.801 0.0362566790 0.5404015993
128.95069 2.586 0.0366645498 -0.1337700205
243.13377 10.443 0.0370763229 -0.0733967810
258.12554 8.709 0.0374920270 0.1146305397
150.12764 10.599 0.0383353439 0.1258975123
269.08778 1.414 0.0391947323 0.1505665245
379.19346 9.538 0.0391947323 -0.0995877663
163.09646 8.511 0.0396305262 0.0056537820
309.11905 9.619 0.0400704256 -0.0649767105
272.17023 7.569 0.0400704256 0.0368051997
100.07559 2.81 0.0405144601 0.4648320295
526.33502 11.108 0.0405144601 -0.0696764407
88.98779 8.834 0.0414150525 0.0000000000
156.96584 6.254 0.0423325411 -0.0254917620
229.05791 5.313 0.0423325411 -0.0775843916
333.14431 9.911 0.0432671652 -0.1076188049
130.05081 0.9 0.0432671652 0.2057264715
346.08652 8.44 0.0432671652 -0.0586056123
117.09095 7.027 0.0432671652 -0.0382066347
515.56788 1.001 0.0432671652 0.2010479897
176.10292 0.994 0.0451887853 0.1476549199
396.45639 11.969 0.0456802784 -0.1354125732
158.08099 7.879 0.0456802784 -0.0259055087
278.19036 9.315 0.0461762678 -0.2420181678
209.13823 7.93 0.0461762678 0.0589553505
223.96317 2.425 0.0471818590 -0.1113550908
289.06943 3.383 0.0492483565 -0.0192231070
203.04026 4.626 0.0487247400 0.2960776800
251.17527 9.996 0.0487247400 -0.0946552455
168.12286 3.898 0.0487247400 0.0654825847
575.39459 12.631 0.0492483565 -0.0984059913
297.04541 6.041 0.0492483565 0.1176307823
379.14947 11.1 0.0482058057 0.2414119275
89.05968 2.623 0.0497766864 0.0352880012
160.07973 4.375 0.0497766864 0.2667174603
182.98610 9.194 0.0503097611 -0.1108701789
190.92839 9.84 0.0503097611 0.1129557337
711.06927 2.468 0.0513902707 -0.3674513927
151.06264 11.301 0.0513902707 0.1662664725
180.05942 1.204 0.0519377688 0.0675775210
310.21667 9.245 0.0519377688 -0.3058703442
236.22177 12.503 0.0519377688 0.1642061355
793.36499 8.806 0.0524901380 0.1070634184
317.14938 10.984 0.0530474100 -0.0737738138
111.08028 10.089 0.0547489616 0.0679800528
422.92822 10.675 0.0553261641 0.1210459001
296.20090 9.244 0.0553261641 -0.2617102874
120.06550 0.875 0.0559084293 0.1186329678
156.07664 1.417 0.0564957895 -0.1415287395
239.09126 11.735 0.0570882769 -0.0892478087
223.09228 0.991 0.0570882769 0.1954394639
101.02426 1.2 0.0582887631 0.0977252280
92.52214 1.525 0.0582887631 -0.0997086163
360.23904 9.879 0.0582887631 0.2004386898
160.84199 11.608 0.0595101473 -0.2076859915
382.34265 11.093 0.0595101473 -0.1412479726
463.48311 1.347 0.0595101473 -0.1133372422
423.12576 9.396 0.0613819778 0.0555837491
188.94906 1.465 0.0620166532 0.1215097995
102.95673 6.96 0.0620166532 -0.0405353665
401.24885 9.151 0.0613819778 0.1593978965
575.39471 12.566 0.0620166532 -0.0774326609
690.50885 12.897 0.0626567492 -0.1311740205
647.41104 12.469 0.0633022988 0.0885350767
209.09206 9.067 0.0639533348 0.0448557970
354.93174 12.592 0.0646098903 0.1518999278
276.00377 4.139 0.0652719984 -0.0690142157
165.01160 11.331 0.0666130043 0.0867855498
144.10184 1.135 0.0666130043 -0.1419552987
206.02797 12.026 0.0659396920 0.0686194816
149.04539 1.234 0.0666130043 0.0525180929
360.02505 8.292 0.0679766180 -0.0697935922
471.24462 10.798 0.0686669858 0.0703986794
241.03105 1.001 0.0700650100 0.1377616904
530.20775 7.351 0.0707727330 0.2875059386
269.08780 10.595 0.0736624781 0.0535257206
276.10116 7.893 0.0736624781 0.9675689801
487.28036 11.49 0.0736624781 -0.0810626839
230.98854 11.635 0.0729311469 0.0479072644
265.11811 10.779 0.0729311469 -0.3655491474
258.91731 1.113 0.0743997951 -0.1004459519
187.87340 8.427 0.0751431314 0.0660422306
348.89496 2.036 0.0766479965 0.0595321371
437.21277 12.146 0.0766479965 0.0487480616
272.16433 10.137 0.0766479965 -0.0663176018
617.28564 8.799 0.0774095924 0.0825140582
199.10043 1.206 0.0789512793 0.0580261554
147.07632 5.289 0.0781773421 0.0364423011
175.04773 9.931 0.0789512793 0.0759903681
127.03885 1.001 0.0789512793 0.1470266667
245.07683 8.42 0.0789512793 0.0054544700
370.07339 6.623 0.0797314375 -0.0834709629
272.20084 10.484 0.0805178505 0.0644152085
215.17541 7.058 0.0805178505 -0.1346116259
307.85583 8.541 0.0813105520 0.0882963488
97.02825 1.049 0.0813105520 0.1267375294
210.13344 8.407 0.0821095755 0.0473979825
172.09674 10.106 0.0821095755 0.1295338181
179.05607 7.974 0.0821095755 0.3866594680
273.15962 10.88 0.0829149550 -0.1486558864
294.20617 9.687 0.0837267239 -0.0320917162
85.02830 0.999 0.0837267239 0.1220012396
102.12759 12.537 0.0845449161 -0.2961570128
444.99817 11.416 0.0853695653 0.0481931216
302.01938 5.534 0.0862007050 -0.1417086044
308.20098 9.244 0.0862007050 -0.0808432303
330.91568 12.664 0.0870383691 -0.0791838583
465.12645 12.602 0.0895908440 -0.1278894888
213.03271 11.009 0.0895908440 0.0676858627
290.26883 12.224 0.0904549421 -0.0851985639
188.94916 1.43 0.0904549421 0.0742048395
191.06619 1.892 0.0922032496 0.0692372369
490.28535 11.201 0.0922032496 0.3769793390
257.09930 9.85 0.0948764933 -0.0644932530
114.09122 5.331 0.0948764933 0.2735437105
348.10080 8.211 0.0948764933 -0.0264780238
187.87337 8.733 0.0957812507 0.0761226501
97.02831 0.999 0.0957812507 0.1608719374
276.19543 8.459 0.0966929020 0.0291235407
386.29016 12.02 0.0966929020 0.0161219541
188.93295 2.197 0.0985370201 0.0829308129
178.09029 4.179 0.0985370201 -0.0243542596
410.56647 0.991 0.0985370201 0.1030792786
261.94159 4.797 0.0994695537 29.2018443783
256.93816 2.426 0.1013557368 -0.1078163458
233.10721 6.699 0.1023094528 -0.1163350549
196.09662 9.84 0.1023094528 -0.0357760011
118.08623 0.915 0.1023094528 0.1008268048
315.04139 9.462 0.1023094528 0.0515035817
231.93170 11.761 0.1032702960 0.0668124568
102.95671 8.75 0.1042382997 0.0963086760
229.15463 3.876 0.1061959207 0.0386587623
264.19561 6.634 0.1071856040 -0.0466811783
112.98560 0.672 0.1081825799 -0.0611177426
146.96114 0.743 0.1091868812 -0.1002103782
132.07667 1.015 0.1091868812 0.1386841320
130.08616 0.963 0.1091868812 0.1748548381
689.95621 12.574 0.1112175912 0.1674451987
439.68412 3.58 0.1112175912 0.0718781147
116.92850 12.983 0.1122440653 0.0918354590
221.05066 7.947 0.1132779957 0.1060252798
129.05452 7.943 0.1143194148 0.2227086481
761.58417 12.508 0.1153683552 0.0000000000
173.92616 11.435 0.1153683552 0.0368217032
440.29200 12.712 0.1174889291 -0.6050075338
164.95691 2.482 0.1174889291 -0.0226995826
181.07165 0.988 0.1229242416 -0.0710766649
243.11284 11.056 0.1207270060 0.2851122822
205.06813 0.998 0.1229242416 -0.2435580755
382.58487 0.991 0.1229242416 0.0601815049
88.03921 2.029 0.1229242416 0.1340735336
473.97051 0.82 0.1229242416 -0.0375736161
324.99643 2.073 0.1218217507 0.3703377036
349.24438 10.041 0.1218217507 0.0083510638
260.16772 11.756 0.1207270060 -0.0619302545
270.19113 8.84 0.1251525884 -0.0213859509
198.12756 10.512 0.1262785076 -0.0217429600
113.09592 6.146 0.1262785076 -0.4169186082
132.06535 4.662 0.1262785076 0.0855864265
103.04006 2.128 0.1274122992 0.2337784826
189.12341 0.99 0.1274122992 0.1138887634
169.97727 2.61 0.1274122992 -0.0661974722
134.04472 2.01 0.1285539947 0.1431697995
451.21470 10.875 0.1308612217 0.1699533131
225.07557 11.622 0.1320268154 -0.0352402349
283.10376 10.507 0.1320268154 0.0971175063
210.13340 6.021 0.1332004370 0.0079672309
317.14536 3.942 0.1343821175 0.0653306327
201.01679 2.458 0.1343821175 0.4413470026
250.03838 8.012 0.1343821175 -0.0498806953
73.06475 7.028 0.1367697769 0.0518727964
180.97290 1.07 0.1367697769 -0.0902965248
146.08114 0.943 0.1379758168 0.1252640848
153.06571 9.803 0.1379758168 0.0840501576
139.03992 10.477 0.1391900372 -0.0339770965
211.08237 1.037 0.1391900372 0.0874367314
193.09712 6.272 0.1404124681 0.1650889131
217.11826 7.86 0.1428820814 -0.0796306673
186.11247 5.226 0.1428820814 -0.3521476882
169.09472 0.91 0.1466488250 0.0401509646
101.07077 0.99 0.1466488250 0.0604516262
308.20093 9.228 0.1466488250 -0.0177175102
249.10805 2.365 0.1492018793 0.1744645948
258.15462 8.299 0.1504910611 -0.0426072646
144.06544 5.699 0.1504910611 0.0388141829
170.11762 6.354 0.1530948781 -0.3278947823
250.18018 7.42 0.1517887179 -0.0359229888
146.93845 2.351 0.1530948781 0.0590563493
382.14517 12.078 0.1517887179 0.0408271616
353.14236 11.998 0.1530948781 0.0671582863
125.02431 1.208 0.1530948781 0.0440676018
146.08105 6.033 0.1544095703 0.1214139228
371.17238 10.818 0.1557328225 -0.1431427479
154.12262 4.195 0.1584051197 -0.0714085385
324.19171 10.394 0.1597542201 0.0977276859
131.54204 0.971 0.1611119920 0.1516507342
352.16861 12.568 0.1624784626 0.0308607522
187.07130 10.882 0.1652376084 0.0798202667
276.00379 4.592 0.1652376084 -0.0233021728
104.10691 0.751 0.1652376084 0.1847418177
264.12424 11.817 0.1638536591 0.0000000000
269.12445 6.202 0.1638536591 0.0795816409
480.15680 12.825 0.1652376084 -0.4773928228
179.05488 1.986 0.1666303375 0.1158848244
311.12905 0.991 0.1666303375 0.1329166194
174.12357 5.985 0.1666303375 0.1767914741
102.01944 2.648 0.1708614676 -0.0766723155
108.04423 11.408 0.1722895793 0.0056673363
255.04329 11.107 0.1766274799 0.1065027940
239.14878 8.324 0.1766274799 0.0329829638
398.32649 11.304 0.1751725600 0.3189233916
322.12982 12.527 0.1751725600 0.0557580437
145.08582 10.901 0.1766274799 -1.4125268761
374.59629 1.031 0.1737266015 0.1773209756
361.18300 10.229 0.1766274799 0.0050364774
119.07014 6.478 0.1766274799 0.0382149300
286.17993 9.975 0.1751725600 0.0195185945
426.21226 8.517 0.1737266015 -0.0021783335
190.92833 2.326 0.1795643047 0.0364305340
487.03583 1.444 0.1825372745 -0.0497272810
233.87537 2.909 0.1825372745 0.0187443894
672.85934 0.671 0.1840373747 -0.0813045401
99.51218 7.619 0.1870649260 -0.0256268629
663.43469 12.755 0.1870649260 -0.3244007331
141.06581 4.488 0.1885924243 0.1389121498
299.01967 4.218 0.1885924243 0.1718130118
250.17998 6.152 0.1916749830 0.0001826531
409.06754 1.095 0.1932300892 0.0865439914
165.01913 9.687 0.1947944434 -0.0633649845
189.14840 10.117 0.1979509852 -0.0703349986
307.11093 11.428 0.1979509852 -0.0870711603
182.98867 11.912 0.1979509852 -0.0673031750
90.50687 7.619 0.1979509852 -0.0577330852
131.07020 9.176 0.2027557079 -0.0219822926
294.14084 3.52 0.2027557079 0.1335148172
204.12289 1.12 0.2011447837 -0.1265500687
632.05529 1.0 0.2011447837 0.1353793760
79.51944 1.507 0.2011447837 -0.0980793700
305.14947 10.889 0.2027557079 -0.0269464596
360.96807 11.999 0.2027557079 0.0487731372
258.10995 0.974 0.2043760103 0.1648590298
203.05251 1.003 0.2043760103 0.0789803613
203.05260 0.997 0.2043760103 0.0789803613
90.52578 1.842 0.2060057115 -0.0221897986
217.04941 1.246 0.2060057115 -0.0190826330
415.25378 9.765 0.2060057115 -0.0041437185
153.12730 10.118 0.2076448320 -0.0261222247
372.25891 11.165 0.2092933920 0.0618714344
242.28430 9.88 0.2092933920 0.0698389394
203.04007 4.18 0.2092933920 0.1034724264
173.09307 1.007 0.2109514116 0.0870685232
725.29382 9.519 0.2126189102 1.1434868575
281.15950 9.565 0.2126189102 0.0253584003
175.05762 0.989 0.2126189102 -0.0676622322
170.15375 8.756 0.2142959073 -0.0326708498
90.05492 0.83 0.2159824219 0.0699057189
257.09938 9.828 0.2159824219 -0.0343655272
172.13321 4.594 0.2159824219 -0.1283896353
363.16229 10.301 0.2210992576 0.2004893876
130.04974 4.011 0.2210992576 0.0404574790
569.31421 11.238 0.2228240275 0.0159412875
269.08792 0.988 0.2228240275 0.0358595373
343.12322 5.46 0.2228240275 0.3860235707
290.13862 11.042 0.2245584059 -0.2269729279
435.19839 11.83 0.2245584059 0.0259933297
358.25885 9.566 0.2280560574 -0.0097955861
146.11750 0.877 0.2280560574 0.1111590980
227.17524 7.949 0.2280560574 -0.0634709942
204.12297 0.92 0.2298193641 -0.1254485022
344.20657 10.379 0.2298193641 -0.0034832905
405.01419 1.275 0.2333750216 -0.0291995254
165.07559 2.494 0.2315923468 -0.1969768419
279.17010 9.088 0.2333750216 0.0608923950
247.08243 10.759 0.2333750216 0.0145772483
108.94851 0.711 0.2333750216 -0.0668087553
168.07780 1.032 0.2333750216 -0.0540396976
321.13092 8.71 0.2333750216 -0.0110463011
90.50677 12.471 0.2351674041 -0.0896678610
793.36467 9.087 0.2351674041 -0.1186390318
87.04396 1.983 0.2351674041 0.1510164736
294.20602 6.275 0.2369695099 -0.0551932343
111.02004 12.395 0.2387813541 -2.0240518242
323.14249 11.965 0.2387813541 -0.0750436306
290.13863 10.97 0.2387813541 -0.2321801638
91.00367 9.096 0.2406029513 -0.0586948895
195.05086 2.523 0.2406029513 0.0543863951
205.10695 10.206 0.2461264051 -0.0886721282
415.54919 1.007 0.2461264051 0.1314145138
691.06024 9.046 0.2461264051 -0.0397134515
159.07629 1.01 0.2442754629 0.0670192499
344.22801 9.105 0.2461264051 -0.0028780587
204.05581 1.036 0.2479871563 0.0916055756
131.08142 4.505 0.2498577297 0.0729095873
191.10249 10.256 0.2498577297 -0.0095253105
427.09502 6.181 0.2498577297 -0.1603249177
194.92729 4.977 0.2517381380 -0.0488915717
233.12847 10.953 0.2517381380 0.2085670433
171.14906 0.951 0.2517381380 -0.1241347319
96.96958 2.479 0.2536283937 -0.0883553271
319.20160 9.052 0.2536283937 0.0349919812
111.02014 10.424 0.2555285090 0.0488463516
263.12129 11.682 0.2555285090 0.0000000000
132.10186 1.065 0.2593583647 0.0931679774
157.06169 4.523 0.2593583647 -0.1015506961
225.93234 3.726 0.2612881276 -0.0506664116
248.96050 0.661 0.2612881276 -0.0495595144
191.08147 10.173 0.2612881276 -0.0395263184
75.00862 7.446 0.2632277950 -0.0668284091
305.09646 11.916 0.2632277950 -0.0698243111
147.07643 0.914 0.2651773772 0.0892021879
524.15241 10.436 0.2671368841 0.0227143928
175.11892 1.026 0.2671368841 -0.0022341627
477.00025 10.29 0.2691063254 0.0375475630
311.00019 10.587 0.2691063254 0.0425180796
106.04982 0.84 0.2691063254 0.0453284903
116.07055 0.913 0.2691063254 0.0797656998
255.82195 4.296 0.2691063254 -0.0425757222
325.20100 11.795 0.2710857104 -0.0107441352
219.13381 10.095 0.2710857104 0.0752950123
328.16675 10.866 0.2730750479 -0.0018163138
134.89444 9.219 0.2750743465 -0.0540567108
379.17993 11.998 0.2750743465 -0.0655465969
166.05314 0.939 0.2750743465 0.0182034919
549.21370 9.63 0.2770836142 0.1968391961
81.52049 1.948 0.2770836142 -0.1451396226
176.12800 11.055 0.2770836142 0.0591493282
146.96129 2.582 0.2791028590 -0.1034887410
329.08807 11.946 0.2791028590 0.0318810562
158.11745 10.092 0.2791028590 0.0844163945
228.12846 0.972 0.2811320881 -0.0058343057
181.05831 4.499 0.2811320881 0.2698327590
220.14418 9.691 0.2831713087 0.0269292173
316.94798 0.643 0.2831713087 -0.0561932647
231.93157 9.376 0.2831713087 0.0468870010
101.02432 0.988 0.2852205272 0.0579090414
146.06332 5.783 0.2852205272 0.1396166955
315.04155 8.621 0.2852205272 0.0633814903
231.93167 11.489 0.2872797501 0.0353061254
486.24869 9.759 0.2872797501 -0.0714427056
344.22784 9.107 0.2893489831 0.0009282358
149.11722 7.029 0.2914282317 0.0238455095
118.06085 1.015 0.2914282317 -0.0022182494
175.10759 1.012 0.2914282317 -0.0838444201
183.11264 6.732 0.2935175011 0.1467436023
239.12775 12.444 0.2935175011 -0.0737615877
421.16730 12.055 0.2956167958 0.0202719572
229.11827 0.988 0.2956167958 0.1129305905
111.02019 7.619 0.2977261203 -0.0562173380
195.12266 6.237 0.2977261203 0.0057641678
307.16514 10.397 0.2998454784 0.0504633524
272.95899 0.639 0.3041143090 0.0473058075
114.06612 1.012 0.3041143090 -0.0109576749
91.05396 9.695 0.3041143090 0.0177702726
783.81581 0.699 0.3062637874 -0.0762777380
207.01410 0.908 0.3062637874 -0.0599718018
377.91455 5.802 0.3062637874 -0.0396408876
119.52785 7.619 0.3084233109 0.1343085415
332.24300 9.924 0.3105928816 0.0427645271
315.04161 9.833 0.3105928816 0.0499447340
259.18052 10.234 0.3105928816 -0.2308261132
137.04578 8.857 0.3127725008 -0.0140563749
379.28156 0.626 0.3127725008 0.0181439079
208.10014 4.098 0.3127725008 0.0030072328
289.06771 9.654 0.3149621697 -0.0373123147
200.23726 9.743 0.3149621697 -0.0246415804
80.97482 3.003 0.3149621697 0.0161962988
167.09123 2.306 0.3149621697 -0.0085728261
217.06176 9.907 0.3215914787 -0.1957980988
502.85944 1.678 0.3215914787 0.1085328986
168.12290 3.516 0.3283112328 0.0157404892
235.96117 3.8 0.3328412984 0.0837701912
205.08172 2.444 0.3305712440 0.1497160353
220.11785 6.676 0.3193716586 0.1405239888
223.11742 8.987 0.3238213485 -1.8944213646
130.08608 3.859 0.3260612670 -0.0795225144
311.00018 10.361 0.3283112328 0.0491377499
93.07378 0.817 0.3328412984 0.0133880576
197.80798 4.227 0.3215914787 -0.0729052462
229.91606 11.99 0.3238213485 -0.0588060373
168.09294 7.024 0.3328412984 0.0348784829
244.15546 11.136 0.3193716586 0.0366475988
305.06317 10.048 0.3260612670 0.0176483279
293.09537 12.356 0.3328412984 0.0377960081
314.18103 9.232 0.3193716586 0.1676901163
277.11832 10.94 0.3171618889 0.1421542912
335.22869 10.076 0.3260612670 0.0470036752
193.10697 8.321 0.3193716586 0.0433985676
247.03088 1.446 0.3215914787 0.0054081165
778.20494 9.657 0.3238213485 -0.3296066052
72.08071 0.917 0.3305712440 0.0713388335
279.13399 9.833 0.3283112328 0.1073074839
311.00024 10.987 0.3215914787 0.0256210855
364.09756 6.636 0.3238213485 0.0318476340
304.15421 10.089 0.3305712440 0.0082163300
259.09244 5.411 0.3215914787 0.0884052404
397.17136 10.833 0.3193716586 0.0083918402
145.12218 6.4 0.3305712440 -0.1988018411
210.06989 1.178 0.3283112328 -0.1303582404
190.11859 1.167 0.3305712440 0.0592432101
133.06070 0.894 0.3328412984 0.0500691419
83.53570 0.571 0.3351213931 -0.0135206724
314.18100 9.212 0.3351213931 0.1676901163
222.99521 11.996 0.3374115251 0.0564244284
313.01459 8.756 0.3397116907 0.0259182338
188.06636 9.702 0.3397116907 0.0399615077
217.03298 1.411 0.3397116907 -0.0542887183
168.07661 2.356 0.3420218860 -0.0297384431
118.05098 0.862 0.3420218860 0.0476635766
480.15680 12.579 0.3420218860 -0.8896190323
314.18103 9.221 0.3420218860 0.1676901163
321.89743 5.763 0.3443421065 -0.0354229146
652.33835 11.955 0.3490126029 0.0576667356
183.09899 6.515 0.3490126029 0.2509970317
310.99992 9.847 0.3490126029 0.0346327737
113.02429 0.991 0.3513628679 0.0125592830
145.06186 0.91 0.3537231358 0.0070564543
89.02439 1.449 0.3537231358 0.0749962611
365.10514 4.803 0.3584736534 -0.3478791419
219.19531 12.438 0.3584736534 0.2185083967
132.03019 2.166 0.3584736534 0.0798090769
203.05259 1.204 0.3632640975 -0.0104454367
393.11557 10.785 0.3632640975 0.1021122462
136.04808 1.003 0.3632640975 0.0537478447
152.03747 0.922 0.3656742716 -0.1648712287
209.83376 3.865 0.3656742716 0.0056486328
255.13494 9.538 0.3656742716 0.0401756410
214.08938 9.197 0.3680944021 -0.1340009902
151.09639 3.899 0.3705244796 0.0070317799
261.18080 11.062 0.3705244796 0.0313048321
695.42517 12.546 0.3729644944 0.0077471509
231.07733 11.943 0.3803440576 0.0127855955
287.10956 8.45 0.3803440576 -0.0312131210
208.09662 10.549 0.3828237144 0.0426033292
191.98266 0.935 0.3828237144 -0.0274235618
327.93213 5.808 0.3754144362 -0.0230223581
269.08932 8.607 0.3778742943 -0.0661324618
507.57935 0.991 0.3828237144 0.0565747752
255.04659 1.162 0.3828237144 0.0256073193
229.56254 1.202 0.3803440576 0.1227697624
217.04958 0.799 0.3828237144 0.0831561405
187.99651 0.829 0.3778742943 -0.0144341184
138.05484 4.812 0.3754144362 -0.1234935382
342.26364 10.588 0.3803440576 0.2041285058
90.52582 0.761 0.3828237144 -0.0405126781
125.87298 8.404 0.3778742943 0.0215705586
312.21699 8.835 0.3878126598 0.1838225328
275.05621 0.754 0.3878126598 0.0369151418
205.08168 1.646 0.3878126598 0.0168005148
102.95662 5.572 0.3903219229 -0.0568049806
228.99393 11.618 0.3928410285 -0.0481013843
471.19640 11.271 0.3953699626 -0.0446073107
437.29077 11.98 0.4004572587 0.0269236060
493.13580 8.792 0.4004572587 -0.0680765722
231.17020 3.973 0.4004572587 0.0833003272
197.06686 8.384 0.4004572587 -0.2246734982
440.02592 5.068 0.4030155905 -0.1138986644
520.33185 10.388 0.4030155905 0.0224256989
189.08695 10.311 0.4055836905 0.0502005041
288.21670 9.624 0.4081615426 -0.0444445634
120.08070 7.05 0.4081615426 0.0751593130
190.92835 1.975 0.4107491299 0.0170259083
239.01644 1.016 0.4107491299 -0.0235056640
548.29046 12.305 0.4107491299 0.0706452744
219.07643 9.969 0.4133464355 -0.0410275450
149.04551 1.551 0.4133464355 -0.0486740373
127.03890 1.207 0.4133464355 0.0004126814
277.15562 9.231 0.4159534415 0.0464913712
185.00655 4.81 0.4159534415 0.0030683165
276.14394 5.173 0.4159534415 -0.1946472484
284.17015 9.68 0.4185701299 0.1417091759
525.28825 10.405 0.4185701299 0.0038458637
173.10430 1.503 0.4185701299 0.0336293998
196.14204 0.68 0.4211964821 -0.0147514183
83.03866 0.637 0.4238324791 -0.0358429407
150.02283 0.922 0.4238324791 -0.0944304171
698.16849 9.637 0.4264781013 0.0823594678
318.22760 10.422 0.4317981408 0.0218549656
204.01919 9.981 0.4317981408 0.0150123615
389.16269 10.288 0.4344725168 0.0115166001
127.05112 0.93 0.4344725168 -0.0004632931
296.95007 11.91 0.4371564352 0.0523785058
128.04530 10.421 0.4398498740 0.0179831669
180.10164 9.656 0.4398498740 0.0277933733
91.05396 10.004 0.4398498740 0.0022427790
608.38342 11.87 0.4425528110 0.0007540625
446.29603 10.761 0.4452652233 0.0539418039
426.35752 12.401 0.4479870876 -0.2710003601
272.94442 0.605 0.4507183800 0.0142464411
271.09953 11.391 0.4534590765 -0.0019339446
407.18846 10.548 0.4534590765 0.2246903772
248.16462 9.682 0.4562091521 -0.0130364096
635.06932 10.199 0.4617373396 0.0177267800
239.01650 0.999 0.4617373396 -0.0308206885
173.92615 11.13 0.4589685817 0.0084413803
390.87042 6.254 0.4589685817 -0.0386288827
324.09111 12.039 0.4617373396 0.0150391044
434.87184 1.655 0.4617373396 0.0967412757
315.04150 8.971 0.4589685817 0.0664534116
300.20181 8.715 0.4617373396 -0.0010295095
363.06231 1.036 0.4645153996 -0.0383681166
310.20133 9.1 0.4700993191 0.0184242472
100.07559 1.37 0.4700993191 -0.0580785064
143.03486 0.991 0.4757201214 0.0115700534
212.07631 2.342 0.4729051239 0.2401979006
143.03485 0.992 0.4757201214 0.0115700534
223.98822 12.487 0.4729051239 0.0174753435
317.05597 8.648 0.4757201214 0.0519999831
143.03486 0.991 0.4757201214 0.0115700534
322.94348 10.845 0.4757201214 -0.0718436811
91.50454 9.41 0.4785442831 0.0155166720
247.14414 10.417 0.4842199827 0.0018890594
699.36720 0.627 0.4899319849 -0.0323742660
117.08494 1.011 0.4928015231 0.0019343226
261.14441 5.814 0.4928015231 -0.0098840036
129.93629 10.623 0.4956800443 0.0066387447
184.04007 6.249 0.4956800443 0.0906463025
138.05490 5.226 0.4985675168 0.0235472900
367.10513 0.988 0.4985675168 0.0211210123
281.24847 0.429 0.5014639082 0.0132926661
247.18027 8.894 0.5014639082 -0.1082561295
635.06930 10.43 0.5043691856 0.0321900567
133.08579 6.236 0.5043691856 0.0155241531
283.01366 7.055 0.5043691856 0.0423848651
353.26603 0.658 0.5072833160 0.0663913105
367.10526 0.978 0.5072833160 0.0211670186
149.08072 5.991 0.5072833160 -0.0407168133
116.07153 0.909 0.5102062654 0.0057396676
131.03477 0.991 0.5102062654 0.0293909648
221.05068 9.929 0.5160784844 0.0013983027
780.21936 9.632 0.5160784844 0.0261387947
635.06921 9.54 0.5160784844 0.0190547901
150.05492 9.579 0.5190276841 0.0223642879
582.15784 9.692 0.5190276841 0.0412743773
147.05113 9.687 0.5190276841 0.0153561633
196.09681 9.124 0.5190276841 0.2538882306
258.91571 10.016 0.5219855634 0.1396369837
86.09628 1.047 0.5219855634 0.0342681811
420.92733 9.22 0.5219855634 0.0097496916
659.33848 0.69 0.5219855634 0.0347037380
133.10515 1.114 0.5249520861 0.0410228273
171.02739 2.092 0.5249520861 0.0613937735
377.14150 10.798 0.5249520861 1.6427055930
135.02986 1.549 0.5279272158 0.0165803298
187.08647 12.053 0.5279272158 -0.0186244746
353.16799 1.006 0.5279272158 -0.0329746062
197.12923 6.244 0.5309109153 0.0168405341
189.04672 0.935 0.5309109153 -0.1025210207
230.24769 11.321 0.5309109153 -0.0054434570
247.07118 11.161 0.5369038740 -0.0618866869
264.09794 10.479 0.5369038740 -0.0550251266
640.16271 9.119 0.5369038740 0.0330848201
162.07700 0.889 0.5339031474 -0.0118125707
370.07357 5.901 0.5339031474 0.0175692953
302.23231 9.527 0.5369038740 -0.0129068703
86.09634 1.065 0.5339031474 0.0331951696
250.17998 7.782 0.5369038740 0.0067972355
104.03526 0.832 0.5399130568 -0.0112102729
279.18024 10.347 0.5429306569 -0.0047999878
298.18579 10.238 0.5429306569 0.0423779527
349.10883 0.973 0.5429306569 0.0467432945
612.85868 0.702 0.5429306569 0.0321522974
187.04184 1.45 0.5459566350 -0.0303475540
76.03924 0.818 0.5489909515 0.0559577322
210.05010 7.041 0.5489909515 0.0095901193
252.12307 9.556 0.5489909515 0.0221991945
137.04564 10.098 0.5520335660 0.0302813098
210.05015 7.025 0.5520335660 0.0095451880
265.15854 9.744 0.5520335660 -0.0236241878
158.04011 0.897 0.5550844378 0.2105262932
88.04027 1.037 0.5581435260 -0.0197536193
201.03806 1.449 0.5581435260 0.0437512158
780.21934 9.608 0.5581435260 0.0169214407
317.05589 8.206 0.5612107888 0.0469773988
275.21163 9.852 0.5642861844 0.2866860857
272.07651 7.249 0.5642861844 -0.1450677722
237.08688 10.308 0.5673696701 -0.0005562215
295.12886 9.271 0.5704612031 0.0504635638
131.08129 8.998 0.5704612031 0.0497435655
504.99519 10.333 0.5704612031 0.0192722743
707.35472 0.668 0.5735607400 -0.0041061693
191.13902 0.914 0.5766682370 0.0348113749
110.54134 1.31 0.5797836498 -0.0424398054
417.03007 9.815 0.5829069337 -0.0230249853
195.05092 2.207 0.5860380436 -0.0423125352
270.08905 11.955 0.5860380436 0.0639251829
139.53088 1.201 0.5860380436 0.0657039111
133.09701 9.684 0.5891769339 0.0444524879
105.01920 1.397 0.5891769339 0.0173644884
437.23557 9.826 0.5891769339 0.0041471937
237.08673 7.957 0.6049864659 0.0004504292
582.15797 10.491 0.6049864659 0.0373583950
332.19155 8.904 0.6018093724 -0.0142106841
287.07730 9.604 0.5986398250 -0.0034048028
87.00860 1.205 0.5954778713 0.0525223692
146.96100 1.206 0.6049864659 -0.0181859246
257.02774 4.803 0.6049864659 -25.9794254986
199.10770 8.742 0.6049864659 -0.0563708814
102.95673 5.012 0.6049864659 0.0286980858
215.86845 7.975 0.5986398250 0.0104037038
233.07664 7.143 0.6049864659 -0.0074171566
132.99174 11.311 0.6049864659 -0.0466077045
522.08875 9.141 0.5923235587 -0.0353067321
269.02976 10.317 0.6049864659 0.0172574472
225.04926 4.79 0.5954778713 -0.1610657916
89.05965 3.335 0.5923235587 -0.0124047569
284.17018 9.876 0.5954778713 0.0498839059
130.06211 1.029 0.5923235587 0.0098143543
311.00842 7.066 0.6049864659 0.0961816445
793.31830 11.544 0.5986398250 0.0055699958
388.25410 9.464 0.5986398250 -0.0268884548
303.20673 9.547 0.6081710571 0.0274709255
177.11198 6.256 0.6145625382 -0.0065633965
583.16022 8.649 0.6145625382 0.0417529770
567.39009 0.618 0.6145625382 0.0475146404
508.35937 12.585 0.6177693296 0.1429975855
98.98413 2.329 0.6209834219 -0.0411590810
217.05670 5.627 0.6209834219 0.0117948658
237.08701 10.015 0.6274333076 0.0370462892
320.13331 1.017 0.6306689992 -0.0169606727
117.06976 7.935 0.6306689992 0.0131772458
141.01566 3.755 0.6339117881 -0.0170867731
131.04616 0.888 0.6339117881 0.0317413501
119.03487 0.991 0.6339117881 0.0044048442
226.95144 0.643 0.6339117881 0.0393808161
177.08678 6.573 0.6371616224 0.0274165853
85.02931 0.991 0.6371616224 0.0337840421
144.06298 0.713 0.6404184497 -0.0072019601
432.14178 9.674 0.6404184497 0.0241159664
487.62840 3.778 0.6404184497 0.0672788135
174.95605 1.643 0.6436822172 0.0091276190
86.05991 1.918 0.6436822172 0.0024892377
166.94304 3.234 0.6436822172 -0.0146342362
432.27996 10.695 0.6502303604 0.4214169533
128.03523 4.581 0.6502303604 0.0414095010
73.07600 9.618 0.6502303604 -0.0075425725
235.07137 9.931 0.6502303604 0.0141350642
476.30655 10.048 0.6502303604 -0.0091259871
183.07790 9.596 0.6502303604 0.0103859761
206.10331 0.816 0.6535146284 -0.0536577860
321.89737 5.269 0.6535146284 0.0146868410
161.04543 0.992 0.6535146284 0.0142776869
283.16937 12.138 0.6535146284 0.0094984459
206.10339 0.808 0.6568056218 -0.0604059137
96.04426 4.377 0.6568056218 -0.0531116117
198.04960 1.023 0.6568056218 -0.0342511895
612.88161 0.614 0.6601032859 0.0027529540
263.17526 10.779 0.6601032859 -0.2437417883
78.91870 3.875 0.6634075656 -0.0021686308
383.24276 12.069 0.6634075656 -0.0196634762
237.89749 2.487 0.6733595409 -0.0376945720
255.82207 3.971 0.6733595409 -0.0190691310
232.15429 4.856 0.6733595409 -0.0035466677
328.24808 10.663 0.6766897241 0.1040465734
153.06584 9.4 0.6766897241 -0.0105177943
211.14407 9.009 0.6766897241 0.0420274761
509.38014 12.432 0.6800262415 0.0172830207
115.03993 0.99 0.6800262415 0.0301914491
185.09192 7.552 0.6833690358 0.3103453133
243.75525 3.939 0.6833690358 0.0081854648
200.07205 9.032 0.6833690358 -0.0009241808
223.14409 9.125 0.6900732240 -0.0147923179
298.05252 1.172 0.6900732240 -0.0115503489
189.12329 3.624 0.6900732240 0.0084772843
317.18723 11.592 0.6900732240 0.0163561333
233.00668 11.007 0.6900732240 -0.0094937340
242.02522 10.323 0.6867180494 -0.0179991465
333.11538 10.392 0.6934345012 1.0657697065
318.05966 8.714 0.6934345012 0.0112841358
409.08652 10.494 0.6968018222 0.0275084589
314.34186 10.586 0.7035543583 -0.0748335732
582.15788 10.23 0.7035543583 0.0575867369
652.35148 0.688 0.6968018222 0.0045913356
162.07595 3.034 0.7001751277 0.0024050338
241.08692 11.965 0.7035543583 0.1041077512
385.90170 1.566 0.7001751277 -0.0199265900
191.08138 10.787 0.7001751277 -0.0090579961
245.21100 12.02 0.7035543583 0.0054920920
190.92842 5.012 0.7001751277 -0.0154732743
88.11195 0.79 0.7001751277 -0.0863468723
667.32529 0.715 0.7035543583 -0.0369048173
129.06569 0.987 0.7069394540 0.0622909315
101.05956 10.514 0.7069394540 -0.0374830382
132.99174 11.641 0.7137269995 -0.0124445857
261.09446 1.214 0.7103303546 0.0123550008
190.92842 8.022 0.7137269995 -0.0158611822
206.10211 8.266 0.7137269995 0.0558353131
376.21774 9.262 0.7137269995 0.0177196398
203.00457 1.459 0.7137269995 -0.0399231234
281.02414 3.841 0.7171293278 -0.0057183762
705.32528 9.119 0.7171293278 -0.0367971027
428.05961 8.554 0.7205372781 -0.1581936275
87.05520 0.896 0.7205372781 -0.0438779149
105.05448 1.968 0.7205372781 0.1229392285
232.93500 9.648 0.7205372781 -0.0304722973
199.09645 9.587 0.7273697984 0.0159051543
331.17529 11.712 0.7273697984 -0.0782262646
438.97194 1.517 0.7273697984 0.0509263880
88.07557 0.874 0.7239507890 0.0249858005
334.12581 1.044 0.7239507890 -0.0144132122
307.24774 12.579 0.7239507890 0.0788596603
459.28007 10.076 0.7273697984 0.0051080675
348.98978 11.448 0.7273697984 0.0124487327
145.09707 0.931 0.7307942442 -0.0235122438
242.98224 6.978 0.7307942442 -0.0144092086
205.12233 10.874 0.7342240637 0.1010424526
201.98379 6.282 0.7376591939 0.0246587344
309.18077 10.914 0.7342240637 -0.0048798111
95.01369 0.988 0.7376591939 -0.0408234297
175.09635 5.995 0.7376591939 0.0017324129
396.31046 11.517 0.7376591939 0.0130135689
88.07559 0.78 0.7376591939 0.0219379147
454.24306 9.525 0.7410995718 -0.0000921922
110.54142 0.75 0.7410995718 -0.0069733202
309.18085 10.921 0.7410995718 0.0003927566
307.14011 10.363 0.7410995718 -0.0166589440
161.04539 1.564 0.7445451337 -0.0563801139
328.24829 9.581 0.7445451337 -0.0347272403
291.20654 9.885 0.7445451337 -0.0054583837
111.52172 12.498 0.7479958157 -0.0372461612
279.11602 12.082 0.7479958157 0.0343564362
290.15961 6.066 0.7479958157 0.0642280035
230.08427 9.943 0.7514515538 -0.0062898081
182.10223 1.084 0.7549122835 0.1503672188
640.16250 9.308 0.7583779399 0.0361628086
203.01723 1.563 0.7583779399 0.0054443058
76.07560 0.762 0.7583779399 -0.1053104749
419.14191 9.659 0.7618484581 -0.0735185243
267.84787 4.643 0.7618484581 0.0240966419
297.98564 9.851 0.7618484581 -0.0047644510
504.99520 10.63 0.7653237726 0.0159491026
418.95567 10.153 0.7653237726 -0.0203108738
347.84913 2.085 0.7722885279 -0.0297496403
705.32525 9.166 0.7722885279 -0.1018910361
115.03881 4.262 0.7722885279 -0.0250742660
178.08624 9.139 0.7722885279 0.2088697406
71.06032 9.925 0.7757778366 -0.0512600234
406.07755 8.931 0.7792716773 0.0198085789
721.86372 0.651 0.7827699833 0.0301484379
189.13456 6.238 0.7897797229 0.0002711694
140.07021 1.019 0.7897797229 0.0510414062
719.96772 12.469 0.7897797229 0.0492646166
146.05992 10.774 0.7862726876 -0.0376543002
200.07224 9.616 0.7897797229 0.0388670155
242.98245 7.562 0.7862726876 0.0314925392
242.98246 7.374 0.7897797229 0.0295377025
317.05572 7.921 0.7932910217 0.0317806244
147.11269 2.171 0.7932910217 0.0255655652
154.06217 1.055 0.7968065159 0.0012128316
412.30566 11.373 0.7968065159 -0.0012310036
227.03508 9.688 0.7968065159 0.0024185011
146.93846 9.294 0.8003261377 0.0017528776
246.16996 5.941 0.8003261377 0.0486845223
199.06869 9.063 0.8038498187 -0.0187668743
85.07597 9.659 0.8038498187 0.0229979249
161.96956 5.914 0.8038498187 -0.0285325028
161.12841 1.01 0.8038498187 0.0950265629
179.08727 9.381 0.8038498187 0.0304865744
261.12341 10.988 0.8073774902 -0.0222227006
295.07913 5.605 0.8073774902 0.0016872294
202.01221 0.86 0.8073774902 0.0026283723
725.33091 10.798 0.8109090835 -0.0291904066
256.16943 9.741 0.8109090835 0.0655191485
447.08203 1.032 0.8109090835 -0.0055719086
174.08828 0.997 0.8144445294 0.0395667449
119.08140 9.653 0.8144445294 0.0134651269
99.04488 1.009 0.8144445294 0.0059485984
190.92841 8.49 0.8179837588 -0.0089606335
266.08820 1.001 0.8215267020 -0.0211043517
604.13812 8.48 0.8215267020 0.1747176121
310.17598 10.833 0.8215267020 -0.0705224475
264.17474 9.936 0.8250732893 0.0096385597
421.20432 9.899 0.8286234507 -0.0037043794
209.83365 4.953 0.8286234507 0.0028353859
291.20673 10.714 0.8286234507 -0.6841122099
197.12844 8.684 0.8286234507 -0.0367407581
92.04305 1.438 0.8321771160 0.0003486321
445.11963 12.49 0.8321771160 -0.0650639320
388.25419 9.449 0.8321771160 -0.0050089487
205.06814 1.161 0.8321771160 -0.1200233147
303.22939 0.639 0.8357342148 0.0130607164
726.82403 0.698 0.8357342148 -0.0354746167
551.22836 9.747 0.8357342148 0.0010334225
698.16820 9.398 0.8357342148 0.0140117754
487.30560 11.514 0.8392946765 -0.0361172829
785.50444 12.594 0.8392946765 0.0137416594
102.95672 6.736 0.8392946765 0.0274970683
116.92850 11.957 0.8428584302 -0.0583839756
99.09158 0.871 0.8464254049 -0.0007183062
136.04800 1.494 0.8464254049 -0.0759340742
582.15729 9.277 0.8499955293 0.0483933501
179.09351 9.273 0.8499955293 0.0400939649
219.96644 7.563 0.8499955293 -0.0126831641
197.15340 12.767 0.8499955293 0.0165522564
200.54568 1.004 0.8499955293 0.0213596159
255.82197 4.751 0.8571449416 -0.0281571320
375.16199 11.717 0.8571449416 0.0113380469
176.12802 0.894 0.8571449416 0.0012749782
126.10252 0.936 0.8535687321 0.0708124609
213.12320 2.188 0.8535687321 -0.0644843581
738.44891 12.651 0.8571449416 -0.0070827802
143.10651 6.511 0.8571449416 0.0066074969
209.94902 5.841 0.8571449416 -0.0053844422
396.03459 4.792 0.8607240860 -0.0639145307
244.07913 1.192 0.8607240860 0.0078096617
199.06892 9.647 0.8607240860 -0.0033316114
226.92738 2.457 0.8643060934 -0.0222995542
181.06275 0.995 0.8678908915 -0.0162560793
551.22772 8.55 0.8678908915 0.0149999759
81.52054 0.787 0.8750685706 -0.0229246859
297.98553 8.106 0.8750685706 0.0543840188
564.35886 10.759 0.8714784081 -0.0213968666
310.11444 1.459 0.8750685706 0.0220668334
178.05854 1.363 0.8750685706 0.0863258968
310.11444 1.452 0.8714784081 0.0247535039
584.16293 9.677 0.8714784081 -0.0013093089
279.01201 9.316 0.8750685706 0.0174240440
190.92843 10.84 0.8786613063 0.0280146089
160.13313 0.929 0.8822565425 -0.0552692086
612.36945 9.954 0.8822565425 0.0058066697
190.92831 11.975 0.8822565425 -0.0557508060
157.01166 1.778 0.8822565425 0.1050577566
314.23240 10.038 0.8858542062 0.1058175322
220.98079 11.494 0.8858542062 -0.2604913396
307.11085 12.348 0.8858542062 0.0403038593
167.08539 12.572 0.8894542242 0.0188881384
427.21881 10.726 0.8894542242 0.0318697752
356.27935 11.065 0.8930565233 -0.0823503424
397.15988 10.063 0.8930565233 0.0487692105
418.95567 10.374 0.8966610301 -0.0344175769
102.05483 8.933 0.8966610301 0.0344295105
303.91345 1.715 0.9002676710 -0.0577448282
368.27930 10.977 0.9002676710 -0.0457940811
458.98352 1.44 0.9002676710 0.0077324387
140.07022 1.01 0.9038763723 0.0329744940
135.10161 5.036 0.9038763723 -0.0001294696
780.21894 9.092 0.9074870602 -0.0027390489
397.11301 1.167 0.9074870602 0.0934187826
297.98584 10.886 0.9074870602 -0.0417363235
129.06566 9.317 0.9074870602 -0.0118502644
199.03354 0.882 0.9147140999 0.0058017591
432.04721 8.318 0.9147140999 0.0499165800
131.08252 0.985 0.9147140999 -0.0187282620
419.04828 1.448 0.9147140999 0.0442259822
269.13839 11.789 0.9147140999 0.0025314250
245.21099 11.725 0.9255677071 0.0257761337
209.06660 1.251 0.9255677071 -0.0155424607
249.02274 11.666 0.9255677071 0.0165164297
506.20748 7.308 0.9219481975 0.9547328251
150.05495 10.804 0.9255677071 0.0370066494
665.37395 0.645 0.9255677071 -0.0464003008
209.06651 1.5 0.9328112758 0.0574955963
177.08682 8.887 0.9328112758 0.0496095058
269.05336 10.389 0.9328112758 0.0300046006
102.95674 5.952 0.9328112758 0.0418633151
193.03524 2.468 0.9364351856 0.0008553304
160.13321 5.706 0.9400604127 -0.0777638557
159.07624 9.146 0.9400604127 0.0377625992
319.00836 0.533 0.9400604127 0.0013528943
187.94177 12.093 0.9509432492 -0.0167875818
126.97144 0.943 0.9436868823 0.0238945534
233.16465 9.864 0.9509432492 0.0349962913
430.36731 0.756 0.9473145195 0.0038541947
349.60466 1.028 0.9473145195 0.0511848474
126.97134 0.92 0.9473145195 0.0226625442
366.11176 6.382 0.9436868823 -0.0436849000
725.33099 11.1 0.9473145195 -0.0323403268
160.93532 9.172 0.9436868823 0.0074418262
178.09031 10.06 0.9509432492 0.0593642443
159.07617 9.025 0.9509432492 0.0407755535
635.06859 9.138 0.9509432492 0.0059145637
176.06577 1.113 0.9545729965 0.0044386382
315.04162 10.418 0.9545729965 0.0140926315
237.12318 6.91 0.9545729965 -0.0074354844
179.09099 9.09 0.9545729965 0.0442323657
140.07027 1.006 0.9654675920 0.0135025785
118.04970 3.758 0.9618352431 -0.0321602915
783.57184 12.247 0.9654675920 -0.0730903547
219.07628 10.787 0.9618352431 -0.0455307350
195.99212 3.004 0.9582036862 0.0182011633
180.13815 10.712 0.9618352431 0.0072276975
178.08377 9.047 0.9654675920 0.0400075415
196.09682 7.784 0.9654675920 0.0613941243
189.95895 3.192 0.9618352431 0.0100370427
276.11887 5.255 0.9654675920 -0.0055253246
83.03560 0.578 0.9582036862 0.0056345998
346.00940 8.557 0.9582036862 0.0524486208
316.04490 10.475 0.9691006577 0.0073343220
180.06532 8.396 0.9691006577 0.0084165919
408.08248 9.042 0.9727343647 0.0098857002
173.09203 1.034 0.9727343647 -0.0586358375
209.83377 4.275 0.9727343647 0.0068914641
107.07014 1.305 0.9763686378 -0.0398606554
349.08928 10.373 0.9763686378 0.0706057473
161.09203 4.717 0.9763686378 0.0232430471
185.03049 9.821 0.9763686378 -0.0171152103
145.07600 10.718 0.9800034015 0.0271825310
279.13378 10.427 0.9800034015 0.0538799672
480.85041 0.749 0.9800034015 0.0010256566
372.25923 10.504 0.9836385804 -0.0156474765
171.09920 7.29 0.9872740990 -0.0313962596
228.99405 11.33 0.9872740990 -0.0174778584
88.07560 1.067 0.9909098820 -0.0058087392
179.08471 6.26 0.9945458537 0.2938252157
145.07600 11.109 0.9945458537 0.0326879114
399.49400 1.286 0.9945458537 -0.0085735092
316.04492 9.022 0.9981819386 0.0211609325
326.70016 9.515 0.9981819386 0.0040878585
165.11209 5.944 0.9981819386 -0.0060022832
