"m.z" "r.t" "p.value" "t.score"
368.29060 9.539 0.0000031671 1.4814448928
253.11817 6.996 0.0000305694 0.5584840630
304.21170 8.215 0.0033452897 0.5344901805
332.24293 9.13 0.0020573441 0.6214261190
314.10399 1.109 0.0031591012 0.4001976471
269.12427 6.213 0.0033452897 0.5453865145
270.14455 2.03 0.0035414194 0.7319354699
286.20122 8.266 0.0037479560 0.2937545480
286.11304 3.568 0.0031591012 0.4641034607
386.29005 10.099 0.0041942040 0.6730203417
247.07463 5.361 0.0067379486 0.4077854461
250.09194 4.245 0.0073627004 0.4541363684
148.09673 1.053 0.0072337436 -0.3827209393
292.10265 4.358 0.0050460635 0.3776175634
186.11232 1.189 0.0071068175 0.2747464785
504.19209 4.399 0.0055281421 -0.5304627074
274.09202 4.35 0.0062729114 0.3865827656
172.13316 10.041 0.0080389322 -0.3788757218
399.00121 4.353 0.0087702473 0.4273127650
484.11632 6.412 0.0084708726 -0.3804523569
394.06541 4.359 0.0098938950 0.3376650450
311.11621 4.393 0.0117214778 0.2842319485
293.10580 4.402 0.0117214778 0.2752018240
360.27419 9.882 0.0119197665 0.6398116227
132.01237 1.107 0.0110355380 0.4081994993
213.08687 4.215 0.0125325930 0.4559563620
293.08000 4.163 0.0194275162 1.1196446895
195.00279 3.281 0.0157763613 0.2390130567
310.11317 4.359 0.0133930182 0.2484207317
366.09636 7.781 0.0160340759 0.3557175859
119.08935 8.379 0.0191225138 -0.3055897526
453.34324 11.443 0.0188217056 0.5133360233
286.11297 3.237 0.0168295575 0.3444309937
206.10213 7.553 0.0155222971 0.4122712620
241.11818 4.001 0.0182324830 0.7404364114
387.11457 4.695 0.0153292657 0.4877790465
233.16464 8.003 0.0185250443 -2.1655813499
146.11750 1.01 0.0160340759 0.2345710694
428.17595 5.331 0.0188217056 0.1069129000
296.06290 8.912 0.0157763613 0.1327385602
104.10691 0.87 0.0230732575 0.1506087443
263.06945 7.465 0.0223692646 0.4437059327
112.98566 0.822 0.0231790500 -0.0710708157
749.28143 8.045 0.0216840218 0.1678236167
264.10762 4.391 0.0256908896 0.3568592161
287.20448 8.172 0.0264844397 0.1912944633
155.08145 4.526 0.0268890950 0.3832286913
283.01886 4.973 0.0256908896 0.2069181598
237.06323 5.045 0.0268890950 0.3535630017
274.10333 9.932 0.0289933949 0.3534743706
199.10766 1.192 0.0298739787 0.5580253297
209.10187 7.766 0.0307774579 0.1714783175
335.07362 4.851 0.0321766258 0.1667299211
422.12271 9.002 0.0331393930 0.4769145563
487.21320 1.261 0.0361769336 0.2970728053
193.07191 9.637 0.0367055963 -0.1725330642
384.27429 9.895 0.0351390597 0.5340505925
324.15515 8.925 0.0356547754 0.2791094946
125.07084 7.724 0.0351390597 0.3299232082
218.09233 9.74 0.0383312365 0.4168024686
234.02555 7.3 0.0387205116 0.5781532186
396.17634 11.274 0.0383312365 -0.2406736771
206.10212 7.546 0.0405936373 0.3612586834
253.97315 8.892 0.0417666517 0.0882757878
162.04070 1.02 0.0449063157 0.3764110278
202.11847 7.688 0.0448253143 0.3134054081
339.14247 1.732 0.0448253143 -0.4411758961
110.54135 1.15 0.0454591950 0.2183506258
711.35205 0.788 0.0441989046 0.0632202083
227.10252 8.1 0.0461006135 0.1500248170
159.02767 9.366 0.0441989046 0.1211477653
362.16528 4.352 0.0480707666 0.4292692214
278.06352 4.931 0.0480707666 0.1846493888
147.06505 1.173 0.0508072580 0.1428222005
578.33769 11.623 0.0501111857 0.3524978865
370.84376 0.896 0.0490033369 -0.1575315043
225.15960 4.95 0.0508072580 0.4694276483
546.20261 7.369 0.0515114107 0.3653708746
147.06506 1.174 0.0544102093 0.1442885950
183.10151 7.762 0.0544102093 -0.0955183402
211.14400 8.227 0.0536730428 0.3612907656
185.09207 8.077 0.0559098945 0.5778474361
522.20270 6.707 0.0566725535 -0.2424040940
218.13864 1.641 0.0574438505 0.3266530332
205.06811 1.166 0.0614323830 0.2233238011
677.35813 0.746 0.0590126411 0.0840487264
276.18030 6.017 0.0614323830 0.4493522644
313.94851 4.815 0.0606168333 0.1590734764
335.09466 5.656 0.0606168333 0.3269833577
204.12300 1.134 0.0630907468 0.0662177053
368.05174 5.31 0.0632176393 -0.2534685731
197.09188 3.808 0.0639337044 0.3728475717
234.02548 7.033 0.0649888327 0.4525671280
188.12787 1.079 0.0665185430 0.1724141443
174.04073 5.897 0.0677222098 -0.1837913092
192.06881 8.473 0.0673990518 0.1202693754
248.08750 4.032 0.0700982806 0.1661740354
276.15524 2.264 0.0710174998 0.1174883955
304.06595 9.858 0.0719465786 0.0901463631
749.28168 8.355 0.0728855898 0.0223740145
398.12904 8.593 0.0767424214 -0.2307365943
482.19781 5.208 0.0757629491 0.1324548981
308.09890 4.389 0.0764944907 0.2881266501
358.25866 9.463 0.0757629491 0.3702433307
211.00130 6.054 0.0785646803 -0.2081567494
367.12106 4.391 0.0787323344 0.6689745129
246.18112 5.56 0.0962050916 0.1351036582
177.02448 0.894 0.0893203599 0.0881292968
198.09708 1.025 0.0962050916 0.1799639338
155.08144 7.304 0.0938644859 0.5605485845
190.10735 1.996 0.0838911920 0.2917619351
549.17516 1.087 0.0873057398 0.4915919811
272.00780 7.356 0.0882124607 0.1465655598
129.05447 1.176 0.0849551068 0.1262912800
270.15466 8.79 0.0871156678 0.2032206260
256.05938 2.052 0.0839400790 -0.1214112651
334.54416 8.744 0.0973927860 -0.1922307682
243.15903 11.152 0.0904394387 -0.3206992426
132.06542 7.913 0.0973927860 0.2407853541
184.08956 1.156 0.0838911920 0.2196583139
97.07592 1.9 0.0860299076 0.1646063501
403.06216 7.753 0.0919617747 -0.3631671339
206.07133 1.146 0.0838911920 0.1838923505
435.20817 3.87 0.0904394387 0.2816281188
330.13933 5.645 0.0882124607 0.0733629668
215.01614 1.778 0.0838911920 0.4522227830
340.01015 5.144 0.0973927860 0.0927061929
101.02431 5.536 0.0968152415 -0.1491189661
255.13731 2.227 0.0973927860 0.4664807550
183.53880 4.335 0.0915697704 0.1052246754
388.18186 4.623 0.0985921720 0.3559040541
230.99008 1.757 0.1010263098 0.6013120190
323.07974 9.878 0.1010263098 0.0741559948
522.20261 6.644 0.1022612068 -0.1863312291
364.11676 7.662 0.1035080859 0.1457677049
364.11708 7.605 0.1047670193 0.1253506463
367.12068 4.351 0.1166517138 0.4622144292
237.08679 10.036 0.1125777897 -0.0693482294
269.08802 9.874 0.1222626848 -0.1628360627
414.16032 4.543 0.1152810654 0.1552260239
344.05842 9.96 0.1073213376 0.1280227293
245.14932 3.643 0.1194313839 0.1260521678
194.04396 9.931 0.1180351299 0.1130468368
384.93551 0.806 0.1197675963 -0.0439413827
229.15465 2.479 0.1208405457 0.0137156830
250.13964 7.201 0.1222626848 0.2019361999
203.13895 2.948 0.1099247369 0.2613600361
207.07227 1.171 0.1125777897 0.1793430851
199.10747 1.209 0.1208405457 0.5540048508
401.21400 7.351 0.1180351299 0.2501849820
225.01568 5.238 0.1086168663 0.1844853740
175.05754 1.118 0.1139231142 0.0793630222
161.04547 5.275 0.1084848048 -0.2173851478
274.14081 2.308 0.1183089099 0.1612703115
175.05755 1.115 0.1139231142 0.0793630222
438.83107 0.889 0.1126130717 -0.1714828534
137.04580 8.895 0.1208405457 0.0439319973
132.06544 4.619 0.1139231142 0.1171745970
202.14367 10.423 0.1251461728 0.1292745561
191.04831 6.148 0.1266076595 -0.1816877018
286.11313 1.941 0.1341152521 0.6515615758
180.10182 5.99 0.1310719120 0.2068578134
396.98694 4.37 0.1335373970 0.2376639326
550.27159 5.808 0.1341152521 0.2691065144
127.03883 5.235 0.1341152521 0.1736327076
207.00519 5.095 0.1356572753 0.1858827522
246.09050 6.954 0.1435735731 0.5111299217
240.10186 8.55 0.1468375290 0.0632396290
258.16988 6.191 0.1484906436 0.2236767788
276.13419 9.223 0.1587092034 0.9487615394
617.20521 4.391 0.1610003163 0.4466821237
231.08376 7.806 0.1622311036 0.1336010810
183.08621 4.378 0.1604628508 0.1927624934
219.09747 5.959 0.1622311036 0.1559422156
368.27942 10.215 0.1622311036 0.2484717429
427.09496 6.147 0.1640140212 -0.1113849580
243.02643 4.847 0.1658116625 0.0788904722
187.10761 2.5 0.1676240857 0.1376174148
228.03717 0.908 0.1694513487 0.1552087663
213.12327 1.257 0.1750227445 0.2010243037
124.05843 7.189 0.1731506218 0.1749544997
745.34525 0.797 0.1731506218 0.0701269458
183.06268 5.814 0.1750227445 0.3064896823
308.09086 6.148 0.1750227445 -0.1506159241
118.08619 0.98 0.1807297204 0.0633861874
272.18540 6.959 0.1826624288 0.1208943735
210.05000 6.964 0.1826624288 0.0667220631
210.05008 6.966 0.1826624288 0.0667220631
322.07684 9.92 0.1788122393 0.0645103556
487.16576 6.706 0.1846104175 -0.1814632010
116.07054 0.954 0.1865737387 0.0849861700
138.04275 9.833 0.1885524439 -0.1823926269
148.06035 3.26 0.1905465842 0.0645249332
342.26372 9.845 0.1925562096 0.1295850114
520.91036 0.794 0.1925293550 -0.0426709611
221.10330 9.242 0.1945813698 -0.0970646049
167.08138 4.161 0.1986784889 0.2628407144
267.15507 2.084 0.1986784889 -0.1178582610
295.12860 7.59 0.1986784889 -0.1745855919
146.08106 7.583 0.2049418747 0.2007315306
111.04386 1.208 0.2049418747 0.2700293669
159.06513 8.866 0.2070612429 0.1952893711
217.12940 5.155 0.2156977576 0.1341001819
198.04285 4.271 0.2178968587 0.2359707077
262.12850 3.663 0.2201120307 -0.2434586717
162.07599 3.099 0.2455502892 0.0550368354
216.06305 1.017 0.2337427049 0.3465840057
139.08653 9.564 0.2314303074 0.1196736743
253.09300 9.644 0.2384165217 -0.1515141557
106.04972 3.279 0.2455502892 0.0912474975
260.02584 5.531 0.2331718280 0.1892957337
261.07285 5.221 0.2355959640 -0.0649055020
344.07563 4.271 0.2454706729 0.2075427846
263.08726 5.307 0.2245907445 0.1161997293
568.12872 4.978 0.2236523053 0.3986585236
320.09098 6.141 0.2455502892 0.1653056168
72.08067 0.993 0.2431559193 0.0411565375
172.09669 1.642 0.2384165217 -0.0763407899
173.08079 7.784 0.2337427049 0.3206184853
175.07129 1.731 0.2314303074 0.1480910075
609.84133 0.852 0.2360714318 -0.1514528091
306.09290 7.953 0.2314303074 -0.1108832256
160.13310 1.208 0.2314303074 0.2062443008
296.99934 5.231 0.2331718280 -0.1553015809
205.06403 6.056 0.2407780070 0.0838863698
123.05528 7.19 0.2337427049 0.1575868943
169.08588 7.177 0.2360714318 0.0766454145
326.14569 9.34 0.2431559193 0.1404287063
227.17517 7.463 0.2479611466 0.2538538772
142.08615 1.397 0.2479611466 0.1143181146
460.23867 11.327 0.2503885200 0.0289452869
205.08997 1.516 0.2528324374 0.1806586404
109.02827 5.011 0.2528324374 0.1446150588
262.16465 3.909 0.2528324374 0.2940674172
239.55652 7.694 0.2552929256 0.6045821066
246.16995 5.266 0.2552929256 0.2914303275
148.06042 1.067 0.2602637165 0.1595804628
416.21251 10.808 0.2602637165 0.4003938150
396.98672 4.523 0.2582174994 0.1920696420
568.13774 8.968 0.2577700103 -0.1395618511
188.12805 3.685 0.2627740681 0.0365885659
241.04869 6.031 0.2653010878 0.1734364445
198.00728 3.81 0.2653010878 0.0939827706
376.30561 11.585 0.2678447975 0.9414892836
179.05482 1.471 0.2678447975 0.1295156786
215.03284 0.977 0.2741103064 0.1166894676
403.06249 7.128 0.2768227348 -0.2204805005
311.00833 6.947 0.2834586390 0.0376803500
169.09708 8.647 0.2834586390 0.2937487405
527.15817 6.708 0.2781869374 -0.1871980349
240.08660 9.144 0.2834586390 0.0679714789
229.13357 8.498 0.2808143886 -0.1306045967
152.99583 4.392 0.2823023161 0.1079258042
175.03603 4.772 0.2850695041 -0.1467612571
92.04320 1.263 0.2878549784 -0.1258951866
284.13382 9.701 0.2969323478 -0.1591764527
402.23316 10.054 0.2942039060 0.0414389763
131.04898 6.959 0.2969323478 0.0451872220
134.04471 0.989 0.2942039060 0.0824991946
234.10851 8.186 0.2969323478 -0.0179646330
266.13852 7.679 0.2996776592 0.0653076906
581.26611 5.849 0.2996776592 -0.0096840276
260.14921 4.197 0.3024398480 0.3738869898
452.92293 0.798 0.3049525498 -0.0232396397
176.10286 1.22 0.3080148837 0.1374908581
138.05182 8.903 0.3280597588 0.0138847339
236.02327 5.814 0.3257349405 -0.0634736760
242.99362 6.558 0.3251455098 -0.0940510897
290.15981 5.563 0.3165041485 -0.3853391920
344.27940 10.307 0.3193677026 0.1479547292
240.15930 11.394 0.3280597588 -0.2580104965
184.09679 5.591 0.3251455098 0.1831077070
432.28005 9.837 0.3251455098 -0.1262559838
643.36454 0.772 0.3165041485 0.0357709821
258.97719 3.782 0.3108277406 0.0393340550
250.03861 6.966 0.3165041485 0.0388166257
462.18146 7.649 0.3251455098 0.0862698234
176.10284 1.223 0.3136574948 0.1385613538
318.16597 4.673 0.3280597588 0.0917545455
171.11263 1.536 0.3165041485 0.1426389354
264.10793 9.268 0.3251455098 0.3895076134
141.11340 0.978 0.3193677026 0.0812029154
335.07501 7.142 0.3318380802 -0.1492576803
295.10218 5.666 0.3309909001 0.0514120471
115.05010 2.899 0.3339389285 0.1071984552
78.91887 3.575 0.3474169915 0.0587221699
146.08110 6.048 0.3489321169 0.1860653511
223.08103 3.978 0.3489321169 0.0283683089
343.16092 4.4 0.3428842683 0.0002185749
617.36122 8.891 0.3489321169 -0.0887710359
146.05995 10.028 0.3428842683 -0.1251243204
120.08070 6.965 0.3398856207 0.0472419526
241.15451 6.293 0.3458997707 -0.0583466456
139.05230 8.908 0.3428842683 0.0150233245
190.10733 1.261 0.3458997707 -0.1288884870
120.08066 6.957 0.3398856207 0.0472419526
249.14438 4.539 0.3369038379 0.5536510128
296.99949 4.409 0.3537767622 -0.1661390380
253.00823 4.698 0.3550472893 -0.1579664146
293.04489 6.171 0.3569840640 -0.0281286819
253.00840 4.452 0.3612296714 -0.0614956379
242.17514 11.882 0.3612296714 0.0450065260
242.07990 1.077 0.3602096204 0.2316534531
130.04979 4.145 0.3612296714 0.0508702127
691.38089 0.755 0.3699956162 -0.0288076670
253.04999 6.461 0.3699956162 -0.1511903858
379.92970 0.972 0.3699956162 0.1252110582
333.05933 4.862 0.3699956162 0.1358432567
267.07213 3.528 0.3732939829 0.0561525148
260.18547 6.26 0.3769787370 0.0772874515
233.02457 6.149 0.3769787370 -0.0325847334
205.11821 4.798 0.3833951611 0.1246420893
157.08346 4.191 0.3866283035 -0.0057026371
171.10149 8.463 0.3866283035 0.0126036620
316.94808 0.809 0.3934641992 -0.0245214278
203.05257 0.997 0.3931443101 0.0625700360
284.05288 6.674 0.3997264128 0.1895230276
133.04940 1.773 0.3997264128 -0.0323189048
222.09721 2.072 0.3997264128 -0.0841692310
360.05962 1.084 0.3968889520 0.0608971402
157.08342 4.315 0.4030421702 0.0357172414
170.04222 1.088 0.4063743532 0.0141032098
191.08138 10.048 0.4063743532 -0.1704137153
246.17002 9.356 0.4063743532 -0.1523731003
745.34549 0.712 0.4030421702 0.0522588090
198.12353 6.493 0.4130878522 0.0558568520
146.04592 1.054 0.4178124920 -0.0908365849
214.04861 1.003 0.4142807932 0.0863917219
255.09748 5.658 0.4198666092 -0.0272035013
86.09624 1.18 0.4164690931 0.0150997244
274.08553 6.626 0.4198666092 0.2949427842
404.17715 4.437 0.4164690931 -0.3823429612
131.07130 7.259 0.4107668145 -0.0902535783
292.07234 1.084 0.4142807932 0.2709836213
274.08543 6.945 0.4232803597 0.1547947266
147.07639 0.997 0.4232803597 0.0282935313
269.05321 10.459 0.4267103024 0.0303409391
273.03697 5.42 0.4267103024 0.0866158874
304.07870 5.458 0.4285134463 -0.0320417361
132.10183 1.096 0.4336185889 0.0878115897
229.11810 1.481 0.4336185889 0.1293267808
232.15412 7.166 0.4336185889 0.0230024767
249.09030 5.971 0.4301563938 0.0436968416
165.04037 1.382 0.4393721519 0.0855350751
333.05920 7.596 0.4393721519 -0.0857186977
185.09201 4.267 0.4476274627 0.0979457142
296.13522 8.591 0.4476274627 0.0971826825
540.14253 8.174 0.4441013280 -0.0902294102
316.24810 9.588 0.4476274627 0.1785391210
369.06802 0.978 0.4466982235 0.2663275847
102.05592 1.038 0.4503871704 -0.1091900654
164.92995 0.866 0.4547272568 0.0898117626
192.08648 4.348 0.4654949464 0.0306302835
191.08131 9.983 0.4583008092 -0.2342244477
337.05415 1.289 0.4615569350 -0.0280681928
204.08665 1.535 0.4654949464 0.1988776285
153.06580 9.495 0.4654949464 0.2254984183
283.10357 10.181 0.4583008092 -0.0493547635
92.92795 1.322 0.4690885830 -0.1004756959
288.21682 8.778 0.4654949464 0.1133681793
157.08342 4.025 0.4691154160 -0.0042614598
260.02585 4.98 0.4690885830 0.1455795304
369.11148 6.944 0.4691154160 0.1204881574
236.11288 8.852 0.4727514073 0.1584357185
779.33911 0.768 0.4800697094 0.0479561285
193.03533 1.873 0.4728797506 -0.0925916507
149.04548 1.629 0.4766877223 -0.1854800203
289.03317 5.474 0.4805124274 -0.0053989182
192.98725 3.888 0.4764028592 0.1494440015
241.03099 1.129 0.4800697094 0.4015157590
233.02456 6.163 0.4764028592 -0.0001470137
317.25153 9.558 0.4837518942 0.1445604937
264.12458 11.495 0.4874493488 0.0543361734
163.05996 1.192 0.4874493488 0.0909906648
278.09803 4.024 0.4911620066 0.0857461641
191.01977 7.464 0.5156753241 -0.0720231105
421.20801 8.982 0.5099509306 -0.0890753338
213.01574 4.682 0.5137533406 -0.0616577066
201.01581 4.219 0.5329843563 -0.0973573246
733.36149 0.755 0.5038078992 -0.0003399248
293.17222 11.102 0.5175704523 -0.0915431752
259.02247 3.286 0.5117034616 0.0232010130
375.19832 6.132 0.5368737953 0.4885238312
192.98703 3.812 0.5175704523 0.1421280818
370.06592 5.469 0.5061632979 -0.1206956187
168.06541 8.036 0.5214021887 0.0308564573
471.05859 6.156 0.5252484714 0.0731919510
162.11241 1.365 0.5252484714 0.1106530546
157.06065 1.526 0.5061632979 -0.0221837458
168.06549 4.862 0.4948898002 0.0565801566
141.10214 1.934 0.5137533406 -0.0517212790
198.08478 1.22 0.5214021887 0.1990939747
684.25507 7.496 0.5329843563 0.0721601632
684.25545 7.465 0.5329843563 0.0721601632
242.98239 7.353 0.5291092209 0.1343434159
202.05705 9.521 0.5099509306 -0.0046605337
199.10771 2.425 0.5368737953 0.3215654666
245.04319 6.07 0.5276861942 0.1095212943
212.88695 2.286 0.5077476250 0.0280138083
302.06338 7.36 0.5175704523 0.0347724316
246.13349 9.439 0.5368737953 0.0527750089
204.13415 6.051 0.5329843563 0.1623955655
263.95621 5.492 0.4948898002 0.2529019798
131.07140 6.192 0.5276861942 -0.0562744665
255.02640 5.445 0.5023905168 0.0904225332
150.05492 7.213 0.5368737953 -0.0660750294
505.23609 6.981 0.5061632979 -0.0670566662
115.03644 1.003 0.5291092209 0.0040271906
188.09157 2.968 0.5252484714 -0.1811599201
248.14921 2.467 0.5407774544 0.0049044303
202.14376 5.328 0.5446952488 0.1207211123
298.05233 6.156 0.5446952488 0.0239869603
207.08765 8.938 0.5486270923 0.0732110984
428.20410 9.463 0.5565325757 0.0479375062
206.10210 2.759 0.5644931899 0.0121304884
259.02258 4.985 0.5562555800 0.1216604687
196.02848 1.053 0.5729128736 0.1086847835
220.08157 6.949 0.5725081998 0.1285838465
375.00914 8.895 0.5525728975 0.0239856843
296.99936 4.634 0.5645546647 0.0234039428
263.12116 11.691 0.5765358677 1.3669184318
171.00520 3.806 0.5765358677 0.1518362137
169.04701 3.483 0.5725081998 0.0958393693
237.08695 9.574 0.5605060370 -0.2010091609
270.17007 11.165 0.5725081998 0.3517550329
199.14407 3.975 0.5684939421 0.1256471193
793.36169 0.747 0.5687264316 -0.0572443631
549.06311 5.448 0.5687264316 0.2137448844
305.09780 8.39 0.5684939421 -0.1098179255
162.11243 0.941 0.5765358677 0.1500040598
291.08219 8.429 0.5605060370 -0.0079158204
268.10253 1.246 0.5765358677 -0.0309011748
304.07888 1.223 0.5605060370 0.2677927041
89.02445 1.268 0.5813293499 -0.0406803292
237.01581 5.438 0.5805768497 0.1064963376
259.09225 7.685 0.5805768497 0.1585209446
204.12295 8.297 0.5846310480 0.0097778841
291.04750 5.457 0.5846310480 0.0725540824
280.10237 3.879 0.5886983640 0.2595925202
337.08921 7.184 0.5886983640 0.1203094292
264.11883 4.497 0.5927786976 0.0485579972
259.02253 5.002 0.5940613826 0.1046632623
191.01971 6.448 0.5940613826 -0.0761924048
354.24829 11.128 0.6009780111 0.3416934912
304.14999 6.395 0.6009780111 0.0613238781
345.10522 6.953 0.6092281635 -0.0755779023
325.11262 7.503 0.6050967847 0.0704759879
132.06542 3.879 0.6092281635 -0.0097994211
169.08578 7.118 0.6050967847 -0.0165964389
342.13094 8.439 0.6092281635 -0.0498419625
319.94913 0.987 0.6050967847 0.0516708813
119.03492 1.505 0.6069194589 -0.0768486245
195.05101 1.461 0.6069194589 0.0925775780
269.99362 0.865 0.6009780111 -0.0955220307
224.11423 8.901 0.6175283105 -0.0276446264
180.10184 7.466 0.6175283105 0.1093050630
222.09712 1.941 0.6175283105 -0.1072687484
406.14508 6.051 0.6133720412 0.0145664503
412.11283 6.073 0.6175283105 0.0107129418
300.92144 4.984 0.6199003906 0.0387594321
771.35210 0.748 0.6216968629 0.0111552771
174.07594 5.405 0.6216968629 0.1022095706
263.07360 4.152 0.6258775888 0.0153052686
100.11200 0.988 0.6300703771 0.0806928585
150.07599 8.433 0.6300703771 0.4897908979
176.12804 1.017 0.6300703771 -0.1469365331
243.13383 9.46 0.6597480903 0.0371218383
243.02756 5.468 0.6506482401 0.0622705963
144.06546 8.538 0.6640332495 -0.0706089831
703.86559 0.787 0.6512112950 0.0134667640
290.03650 5.433 0.6417992677 0.0116243629
83.02149 0.959 0.6469598976 -0.0352866606
106.08612 0.946 0.6554740655 0.3987796300
100.11196 0.999 0.6554740655 0.1010997780
160.04264 10.921 0.6554740655 -0.0801338250
258.11818 4.155 0.6554740655 0.0064981957
219.07639 10.018 0.6640332495 -0.1438536196
176.09165 3.006 0.6512112950 -0.1658555837
435.03989 1.052 0.6506482401 -0.1022347249
357.10382 6.717 0.6595467316 -0.0937141696
335.01121 5.51 0.6640332495 0.0313018374
130.06213 1.42 0.6595467316 -0.0601217431
335.06383 8.043 0.6640332495 -0.0540151373
97.02829 4.554 0.6554740655 0.0243192223
404.96530 9.262 0.6683294219 -0.0388702397
208.13315 8.752 0.6683294219 -0.0023553406
171.07629 2.938 0.6683294219 -0.0867185706
195.05100 1.456 0.6729849459 0.1791101387
249.07162 4.337 0.6726364856 -0.0045464180
196.05439 1.423 0.6774879255 0.1292389232
120.06545 2.892 0.6769543173 -0.0128323629
247.07126 10.466 0.6769543173 0.0118941872
112.05037 10.789 0.6856217868 0.0303474110
251.11376 9.418 0.6856217868 -0.1323509045
192.06539 9.55 0.6856217868 0.0901565266
312.21674 9.037 0.6856217868 0.2278139647
386.20297 5.489 0.6899711730 -0.7390893617
152.99595 1.516 0.6910656156 0.1300675839
133.06069 0.923 0.6899711730 0.0524093951
182.10352 8.893 0.6987006113 -0.0120489610
283.01366 6.965 0.6987006113 0.0372235414
238.03784 6.046 0.6987006113 0.0431546082
442.10443 9.216 0.7030804057 0.2915356632
189.98881 0.962 0.7047434088 -0.0084557516
217.15455 2.443 0.7074700767 -0.0605839046
214.08215 9.456 0.7118694930 0.0672639706
277.08926 4.179 0.7162785223 0.2975681042
255.06438 6.6 0.7162785223 -0.1242415060
129.06572 4.418 0.7162785223 0.0787702967
170.08106 6.359 0.7206970311 0.1144939333
241.75781 2.585 0.7277513602 -0.0866296808
568.13727 10.521 0.7251248854 0.0301142321
266.12305 1.62 0.7295619498 -0.1437782215
216.12297 4.554 0.7295619498 -0.0799305149
264.09779 10.368 0.7295619498 0.0022768427
186.08725 5.091 0.7340080882 -0.0450467638
672.34961 0.855 0.7340080882 0.1333335830
223.08110 4.153 0.7384631638 -0.0382595262
231.02635 4.435 0.7384631638 -0.0552408429
259.06874 9.554 0.7429270384 0.1844600290
162.07600 4.831 0.7608677386 0.1431792012
145.06183 0.973 0.7603748521 0.0849139061
190.05320 7.853 0.7518806288 -0.0736728082
205.08997 2.078 0.7789379649 -0.0329434057
97.02822 1.172 0.7653735092 0.0675902323
168.10190 9.093 0.7789379649 -0.1828126478
186.11232 2.568 0.7744087666 -0.0504477491
300.12039 3.988 0.7653735092 0.0481871810
176.03749 4.568 0.7834746825 0.0832633618
340.82986 0.928 0.7697776085 0.1841769635
139.05807 5.122 0.7880187733 -0.0958144003
175.11879 6.487 0.7834746825 -0.0005531953
189.12327 3.211 0.7473995733 0.0528975172
230.17507 11.385 0.7608677386 0.0319832026
290.08821 6.356 0.7603748521 0.0970531474
185.02200 5.777 0.7603748521 0.1187964585
189.12320 3.227 0.7518806288 0.0506339516
314.23251 9.237 0.7789379649 -0.0177981302
160.13315 2.792 0.7789379649 0.0630882527
228.13411 7.485 0.7880187733 -0.0254538088
313.03065 6.086 0.7697776085 0.0480298387
190.11850 1.88 0.7653735092 -0.1305774143
174.08728 1.944 0.7698872332 -0.0489744489
239.03433 5.819 0.7839450289 0.1396644201
160.13307 2.14 0.7518806288 0.0407257445
415.15524 6.946 0.7880187733 0.0631960098
176.05525 5.995 0.7653735092 -0.0637525057
413.01754 9.64 0.7473995733 0.1045724757
162.05828 3.445 0.7880187733 0.1288173095
480.00633 6.15 0.7698872332 0.0676028655
422.12280 8.715 0.7834746825 0.0689271466
264.14402 4.191 0.7925700903 0.0844224545
226.95149 0.825 0.7925700903 0.0222409801
266.12328 1.599 0.7971284858 -0.1365936331
289.10045 11.525 0.7971284858 -0.0466702099
138.05488 5.129 0.8016938114 -0.0433582379
234.09688 1.554 0.8016938114 0.2510716329
306.12945 4.594 0.8108446556 -0.0863959127
133.06067 2.915 0.8108446556 0.0447003330
235.11874 5.374 0.8108446556 0.0929500075
132.10180 1.18 0.8108446556 -0.0500119341
377.99628 9.948 0.8062659179 -0.0090533307
171.04103 1.429 0.8124912895 0.1303963873
635.37733 0.749 0.8154298738 -0.0180999462
178.08618 5.659 0.8154298738 0.0180676215
87.04394 2.102 0.8200214214 -0.0606644164
208.06362 3.979 0.8200214214 -0.1429617909
173.04189 1.627 0.8200214214 0.1328678635
689.21091 7.47 0.8246191466 0.0472214912
202.10740 1.772 0.8246191466 -0.0519462014
408.14352 7.993 0.8292228969 -0.0559966481
277.10280 3.58 0.8292228969 0.0408575059
199.10758 4.562 0.8338325193 -0.0591014634
520.23204 10.949 0.8384478599 0.1169347565
204.08639 1.588 0.8384478599 0.0811262474
280.13907 2.205 0.8384478599 0.1647408207
449.92489 1.004 0.8461103914 0.0735966221
319.11336 8.689 0.8523266463 -0.0034855854
202.06859 0.883 0.8523266463 0.0174833618
226.11070 2.755 0.8476950786 0.0570485005
579.07399 5.448 0.8557703947 0.0965235196
338.13452 9.604 0.8569633118 0.1454378136
219.00519 5.738 0.8569633118 0.0912921010
417.24531 8.041 0.8476950786 -0.1075975173
316.21176 6.437 0.8569633118 -0.0212461105
219.09739 1.442 0.8430687647 -0.0785002798
185.12835 7.378 0.8523266463 0.0415430204
274.20132 9.67 0.8616049186 0.1306669181
276.11892 5.228 0.8616049186 -0.1917747737
368.03660 6.413 0.8654520585 0.0697502857
114.06602 1.834 0.8662513098 -0.0126070142
314.09974 6.105 0.8662513098 -0.0327949751
239.07726 9.838 0.8709023278 -0.0015925612
498.90091 0.81 0.8755578146 -0.0120546281
134.08101 1.665 0.8802176119 -0.0802969107
319.13601 9.461 0.8802176119 0.0096752233
158.11739 1.321 0.8802176119 0.0195374592
289.93677 7.457 0.8848746590 -0.0440543294
87.04395 2.015 0.8848815607 -0.0479975076
286.97241 5.506 0.8848815607 0.1543245164
133.07372 1.345 0.8895495017 0.0041774855
162.07600 1.242 0.8988967209 -0.0186337839
212.88679 2.019 0.8946127196 0.0032209500
295.11354 2.415 0.8988967209 -0.2737175510
225.12326 5.295 0.8942212751 -0.1202622787
567.39047 0.774 0.8988967209 -0.0046923568
185.12834 7.43 0.9035756784 0.0208658844
305.10904 4.403 0.9082579869 0.0069068061
357.02049 5.498 0.9190242835 0.0456628153
173.15356 11.216 0.9176320115 0.0292242581
276.11887 4.352 0.9176320115 0.0622004914
131.03493 5.842 0.9190242835 0.0228490486
422.12279 8.689 0.9176320115 0.0612369037
396.11495 6.929 0.9141351107 0.0727468284
218.10207 3.118 0.9270175007 -0.0492795203
357.02036 5.488 0.9239165198 0.0452792400
166.05310 1.062 0.9270175007 -0.0904566595
107.07014 1.336 0.9223234040 -0.0324541119
104.07047 1.688 0.9270175007 0.0238273695
261.14451 5.215 0.9317141389 -0.0339338049
329.08006 8.556 0.9364131561 0.1446030518
262.12838 2.298 0.9364131561 0.2406867210
261.03810 5.64 0.9386097685 0.0023759426
300.04909 6.429 0.9435124163 0.0521455685
262.10313 4.134 0.9458176748 -0.0213243350
300.04907 7.288 0.9484172048 0.0343936016
202.14376 9.314 0.9505228498 0.0693620648
299.03653 8.045 0.9552297504 -0.0901215042
225.12328 5.727 0.9599382129 -0.0241394899
176.09161 1.916 0.9599382129 0.1474229730
91.97978 0.702 0.9552297504 0.0098169543
290.13461 5.307 0.9599382129 0.0217435135
211.09760 10.204 0.9582324628 0.0407092105
301.05234 6.446 0.9631425609 0.0534177404
315.23581 9.211 0.9693591673 -0.0047741724
183.00650 1.441 0.9680540572 0.1034681923
208.98321 1.252 0.9729667656 0.0614611680
286.97058 4.522 0.9729667656 -0.0075564195
325.11265 7.657 0.9740713309 -0.0708015178
265.10294 2.32 0.9882125950 -0.1019053541
358.20700 9.676 0.9882125950 -0.0283222526
178.10734 7.969 0.9929273923 0.0355794535
198.14873 10.184 0.9976424367 -0.0869488809
360.14980 5.344 1.0000000000 0.0803946531
