"m.z" "r.t" "p.value" "t.score"
325.17107 10.465 0.0000000001 -1.3538451292
240.15945 8.688 0.0000000001 -0.5351498722
157.14146 7.82 0.0000000001 -0.5693656711
191.99763 10.928 0.0000000001 -0.6533269589
268.15443 8.687 0.0000000001 -28.2640812918
216.06872 8.046 0.0000000001 -0.7092533202
209.03017 5.657 0.0000000001 -2.7335780613
340.26912 12.54 0.0000000001 -0.5391066660
253.09279 5.964 0.0000000001 -0.3084156355
174.14874 8.541 0.0000000003 -0.8910579074
277.08920 2.364 0.0000000005 -0.2011589544
289.22728 9.974 0.0000000006 -0.4919940141
401.15295 10.707 0.0000000007 -0.2454300646
326.23230 10.263 0.0000000044 -1.1742527139
417.30441 12.205 0.0000000057 -1.3351536914
311.15530 10.615 0.0000000063 -0.4367083749
387.28674 11.884 0.0000000935 -0.1888821205
165.06909 3.268 0.0000000961 -0.2628197154
340.13251 6.956 0.0000001463 0.4319671504
208.06134 11.426 0.0000001910 -0.1974998418
253.05434 6.017 0.0000002215 -0.2847285567
445.81506 12.734 0.0000002937 -25.8319381669
331.95245 4.82 0.0000002895 -0.1984748564
182.08107 8.577 0.0000003785 -0.2168700185
155.15427 5.154 0.0000005381 0.3375637234
272.13379 2.368 0.0000006406 -0.2676957364
207.12252 10.344 0.0000008001 -0.4708468418
335.19002 11.609 0.0000010997 -0.5450677795
323.19003 11.58 0.0000035258 -0.4117653872
569.26508 11.514 0.0000081933 -0.1332695840
508.01346 5.713 0.0000085727 -0.3960409803
212.11807 9.798 0.0000107168 -0.5406316441
705.82720 8.883 0.0000152304 2.5373421876
111.02003 12.66 0.0000206186 -28.2736694109
328.10279 10.232 0.0000201802 -0.0678675924
321.89751 4.849 0.0000212563 -0.4770938052
105.03673 2.076 0.0000283869 -1.0712252342
207.07621 8.806 0.0000289934 -0.6823647326
186.11234 2.243 0.0000322150 -0.5032616834
416.35181 10.38 0.0000413906 -0.2271796569
338.11688 6.931 0.0000748612 1.5964582684
133.08570 7.047 0.0000733696 -0.2296813993
195.11263 6.089 0.0000779308 -0.3107359834
264.12424 11.817 0.0000861337 -3.7539712752
226.09353 10.051 0.0000951478 1.4816465361
233.09932 6.804 0.0001029930 -0.1483875199
263.12129 11.682 0.0001205503 -3.1951756820
583.15175 9.301 0.0001313268 30.1159387261
185.11830 12.558 0.0001420715 0.1767737568
323.14249 11.965 0.0001464744 -0.2327615029
288.00378 4.675 0.0001613250 -0.7668723085
226.12834 4.744 0.0001582460 -0.9650868263
360.99793 9.63 0.0001760465 -0.4163301335
177.10193 10.234 0.0002451404 -0.1258717539
297.09353 5.148 0.0002794277 -0.6173331081
207.14907 8.611 0.0002794277 -0.1579860058
199.96928 8.234 0.0003058418 -0.0779946867
266.06696 10.05 0.0003295661 -0.5210928246
302.01938 5.534 0.0003425104 -0.4050963333
572.35541 12.497 0.0003553237 -0.3882158649
421.20414 10.379 0.0003618971 -0.3047899316
235.12873 7.948 0.0003753866 0.0848934917
414.33618 10.38 0.0004341849 -0.2829052531
305.22233 11.03 0.0004501727 -0.1695161289
257.11322 8.472 0.0004838098 0.2123464024
245.12827 10.024 0.0005582288 -0.1038164656
279.11598 10.313 0.0005784319 -0.1550963337
174.04068 9.047 0.0006130367 -0.4252071712
489.16273 12.42 0.0006662465 -0.1886150215
377.91489 4.919 0.0006701691 -0.2458927654
229.05791 5.313 0.0006821738 -0.1151604754
756.24129 8.822 0.0007400755 1.5843032543
453.18585 12.336 0.0008073303 -0.1415489421
102.95673 6.96 0.0009684732 -0.0857556956
379.17993 11.998 0.0010446376 -0.1841301548
449.30468 12.874 0.0010807563 -0.1936912999
416.37491 11.688 0.0010739786 -0.1623503678
115.07521 4.193 0.0011180272 -0.0855216298
246.04396 9.126 0.0011900306 -0.1025767776
379.14916 11.813 0.0012164647 -0.2403167046
243.13377 10.443 0.0012164647 -0.2238945736
212.11265 2.743 0.0012793083 -0.3594442929
289.15454 10.891 0.0014377731 -0.2209717265
356.24314 11.873 0.0014377731 -0.0343017758
165.04176 12.772 0.0015326908 0.1887422093
311.00019 10.587 0.0016112959 0.0424016240
575.39459 12.631 0.0017236865 -0.1706454579
253.11829 6.707 0.0017521160 0.3431011393
310.14136 10.22 0.0018701982 1.3702272202
133.06070 0.894 0.0019008395 -0.2037890925
101.01674 5.642 0.0019955512 0.9882482779
384.12233 6.947 0.0020610781 0.3056098993
522.20241 6.584 0.0020610781 0.3979235132
147.11266 1.298 0.0021630759 -0.2332782373
465.12645 12.602 0.0022336236 -0.2219499500
117.06976 7.935 0.0023434049 -0.0708227193
778.20494 9.657 0.0026281777 -0.2776366858
124.00731 0.904 0.0031290670 0.2261970249
204.15923 8.684 0.0032108494 -0.0584931599
437.93057 3.589 0.0033843170 -0.1209416318
159.05110 3.693 0.0035231091 0.2124881663
356.24298 12.717 0.0036893834 -0.1374713675
207.14903 10.244 0.0038627620 -0.0948627956
575.39471 12.566 0.0037463739 -0.1628617825
405.01419 1.275 0.0038323686 -0.1909649814
251.17527 9.996 0.0038041635 -0.1655437117
261.14835 12.903 0.0038627620 -0.2543605280
396.45639 11.969 0.0037463739 -0.1716867975
191.10249 10.256 0.0039824256 -0.1076883592
217.04941 1.246 0.0039824256 -0.1931518385
231.08377 4.726 0.0042319044 -0.5794849827
162.83902 11.979 0.0043336786 -0.4413375734
281.07666 10.459 0.0042964496 0.2050957531
205.10695 10.206 0.0043618862 -0.2522294255
240.11491 9.07 0.0048458203 0.2040441414
219.12255 11.03 0.0049187851 -24.8778442710
309.12663 11.904 0.0049927423 -0.1114154864
418.16272 8.633 0.0051436807 0.2348041329
694.92303 12.344 0.0052987310 -0.1682720887
690.50885 12.897 0.0054579905 -0.1075578098
308.18542 9.698 0.0054579905 -0.0735327602
131.04616 0.888 0.0055184685 -0.1543169288
480.00681 6.217 0.0056215584 -0.3546569347
257.09938 9.828 0.0058752101 -0.1125237878
379.97192 3.482 0.0062143085 -0.0599017514
186.07591 5.789 0.0063209637 0.1768312214
271.18060 10.852 0.0064136847 0.3514003875
238.09924 7.85 0.0065076277 0.0871490266
311.00024 10.987 0.0066883705 0.0272704229
298.05252 1.172 0.0067969282 0.1455936356
256.10980 7.843 0.0070977346 0.1802241600
652.35148 0.688 0.0073048580 -0.0952873894
273.15962 10.88 0.0075173884 -0.1471528886
242.13058 8.916 0.0079591564 28.0640867394
320.20668 12.357 0.0081886425 -0.4854114730
463.48311 1.347 0.0085439818 -0.0500487407
276.13611 4.661 0.0092962816 0.1662041471
326.70016 9.515 0.0092962816 0.0806195743
232.05761 9.265 0.0094471265 0.4439403956
267.17197 12.682 0.0095598748 -0.1630524614
202.17990 9.685 0.0098301122 0.0641543068
793.36467 9.087 0.0101071357 -0.2277418435
289.06943 3.383 0.0101359679 -0.0258352632
217.05670 5.627 0.0102482372 -0.0281655339
189.08795 4.9 0.0102789852 -0.6768887575
245.16055 5.096 0.0102482372 -0.1943447213
557.34613 12.217 0.0108303355 -0.0937600626
285.97708 9.15 0.0111754206 0.4559388487
107.04896 8.69 0.0115991725 -0.0660490264
642.31799 0.711 0.0114416398 0.0452122971
228.07861 8.707 0.0115991725 0.8417840906
344.20657 10.379 0.0115991725 -0.1291925029
307.11092 12.054 0.0117586267 -0.2422335815
180.01162 0.852 0.0124160555 -0.1667844165
166.08610 7.964 0.0124160555 -0.1927237857
117.09095 7.027 0.0127568188 -0.0391730799
190.15486 1.3 0.0127568188 0.2538994987
258.12554 8.709 0.0129302842 0.1061191978
108.04423 11.408 0.0132834863 0.1696427732
255.09499 7.907 0.0132834863 0.0289593008
397.11301 1.167 0.0134632651 -0.1483236553
217.11826 7.86 0.0134632651 -0.1354844762
530.20775 7.351 0.0138292842 0.2843696702
191.06606 11.966 0.0140155674 -0.1604222070
258.15450 8.641 0.0140155674 0.3756661687
371.17238 10.818 0.0142951279 -0.1871254928
466.81659 1.86 0.0144890445 0.0937367107
361.18300 10.229 0.0145877726 -0.6152660968
434.21735 8.685 0.0147830329 0.0488132700
707.35472 0.668 0.0154938279 -0.0834303693
354.93174 12.592 0.0155872962 0.1149255535
90.50687 7.619 0.0162155149 -0.1223782983
110.54134 1.31 0.0173120696 0.1672796054
336.85871 2.805 0.0172292338 0.1051250190
191.08147 10.173 0.0175390233 -0.1894287805
158.08099 7.879 0.0175390233 -0.0517574990
199.03354 0.882 0.0191328466 -0.0868822492
151.06264 11.301 0.0192019978 0.1846090513
388.87366 2.809 0.0193832731 0.0947089079
721.86372 0.651 0.0196365589 -0.1040634005
176.12800 11.055 0.0202128568 0.1895477541
647.41104 12.469 0.0204727128 0.1149386598
177.14837 10.693 0.0223746442 -0.1716673229
102.95673 5.012 0.0232018090 -0.1178392000
663.43469 12.755 0.0232356735 -0.6424824705
272.16433 10.137 0.0229455205 -0.1353687146
412.19637 8.44 0.0232356735 -0.2165355990
261.21717 11.699 0.0229455205 -0.2091901067
150.12764 10.599 0.0238255483 0.1635756221
131.54204 0.971 0.0238255483 0.1366508699
160.84199 11.608 0.0237974573 -0.1884027715
398.32649 11.304 0.0238255483 0.3580381803
232.93500 9.648 0.0247157908 -0.1064583654
206.10229 7.942 0.0247347055 0.4205926411
188.93295 2.197 0.0244063258 0.1217280511
229.91606 11.99 0.0247157908 -0.0599540780
331.09246 10.166 0.0256737613 0.0423831009
302.01923 4.916 0.0259935588 -0.0897909738
111.02014 10.424 0.0269736977 0.0926201891
162.07595 3.034 0.0273074248 0.1853838533
336.85849 10.106 0.0283504867 0.1940562724
190.92841 8.648 0.0287026701 0.1596635883
245.09525 8.796 0.0297447959 0.1326322130
213.03271 11.009 0.0304746586 0.0997038244
239.14878 8.324 0.0304746586 0.0927119242
287.10956 8.45 0.0304746586 -0.1368236797
188.94906 1.465 0.0305206369 0.1555268509
172.07175 9.946 0.0301078266 2.1887752863
101.07896 2.801 0.0312198517 0.4349673922
262.18017 8.577 0.0319806270 -0.1485006783
332.19155 8.904 0.0327572388 -0.0374216706
100.07559 2.81 0.0327572388 0.4209964174
143.10651 6.511 0.0331515634 0.1735470360
178.08624 9.139 0.0331515634 0.0341293486
188.16425 9.634 0.0335499435 -0.0612062542
348.10080 8.211 0.0339524115 -0.4606517013
128.04539 9.945 0.0343589999 0.6456132117
211.10753 8.605 0.0343589999 0.2734368026
345.07263 11.048 0.0344547585 0.2901945606
85.02833 1.167 0.0347697415 0.1260855795
450.01277 1.949 0.0347697415 0.1106361256
434.15768 9.106 0.0360272146 0.0918340530
210.13340 6.021 0.0360272146 0.0649429275
250.17998 6.152 0.0360272146 -0.0657904715
188.94916 1.43 0.0365792004 0.1608183236
286.20099 9.676 0.0364548988 -0.0541229235
145.08582 10.901 0.0364548988 -2.1806304315
209.83365 4.953 0.0370172222 -0.1156145821
156.96584 6.254 0.0373232572 -0.0506363241
464.08922 11.123 0.0383581780 -0.3311400155
440.22751 8.348 0.0391128781 0.0967370801
286.20103 9.535 0.0400346847 -0.0321254898
187.87337 8.733 0.0402101727 0.0949187724
236.22177 12.503 0.0405024572 0.2261107442
102.95662 5.572 0.0411642594 -0.0484125145
333.09137 11.511 0.0421374542 -0.0899178687
328.16675 10.866 0.0421374542 -0.0906745718
172.09674 10.106 0.0419336671 0.2607380209
368.27930 10.977 0.0419336671 0.1650974784
257.09930 9.85 0.0424201506 -0.0899766695
372.25891 11.165 0.0429113994 0.1911108282
165.01160 11.331 0.0429113994 0.1371932465
437.29077 11.98 0.0431300463 -0.0541885706
265.11811 10.779 0.0434074487 -0.5072850997
165.07559 2.494 0.0444140901 -0.1450147270
333.14431 9.911 0.0439083337 -0.1125572524
178.05854 1.363 0.0444140901 -0.2385046083
264.19561 6.634 0.0444140901 -0.1496422052
305.14947 10.889 0.0449247533 -0.1104946209
346.08652 8.44 0.0462271272 -0.1578057886
306.08103 11.419 0.0470171909 0.1718745689
231.06209 9.352 0.0473002395 29.7932383496
102.95671 8.75 0.0483942245 0.0809365962
102.12759 12.537 0.0497474619 -0.3097996192
761.58417 12.508 0.0491910161 0.0000000000
168.07661 2.356 0.0497474619 -0.1173641420
229.15463 3.876 0.0497474619 0.0916908356
99.51218 7.619 0.0503091768 -0.0640113482
261.18080 11.062 0.0514485611 0.3531369295
177.10207 3.9 0.0514485611 0.3217673703
172.09669 9.97 0.0520263044 0.1203665533
196.14204 0.68 0.0520263044 -0.0322280283
672.85934 0.671 0.0535835633 -0.0525948019
345.07272 11.44 0.0535835633 0.1953007635
209.94902 5.841 0.0535835633 -0.0797612379
294.20602 6.275 0.0549970203 -0.0447872839
245.07683 8.42 0.0556078251 0.0060062489
324.99643 2.073 0.0560348387 0.1440925273
365.10535 5.437 0.0568463971 0.3064702103
310.99992 9.847 0.0566620413 0.0796833002
221.15347 12.88 0.0574742400 -0.0316599794
310.11444 1.459 0.0579339805 0.0617465126
245.21100 12.02 0.0587472288 0.0868977725
348.89496 2.036 0.0592295594 0.0535579086
264.07714 0.994 0.0598863121 -0.1631888928
140.07021 1.019 0.0620324151 0.0568713953
659.33848 0.69 0.0613634861 0.0917964211
158.11745 10.092 0.0620324151 0.1700674518
193.09709 3.414 0.0620324151 0.3617530631
553.88232 12.299 0.0620324151 0.1049498686
310.11444 1.452 0.0625740004 0.0652392643
330.91568 12.664 0.0627073668 -0.0719660593
146.93845 2.351 0.0632612902 0.1235974252
111.08028 10.089 0.0640754923 0.0822373436
308.20098 9.244 0.0647687433 -0.3046521417
426.21209 8.442 0.0647687433 -0.1484168607
604.13812 8.48 0.0661738155 -0.1504123963
275.05621 0.754 0.0667919381 -0.1076509475
487.30560 11.514 0.0675171877 -0.1104016517
399.49400 1.286 0.0676039064 -0.0872872076
223.14409 9.125 0.0676039064 -0.0757158097
383.24276 12.069 0.0690593272 -0.0502149995
307.11091 10.806 0.0697966338 -0.0593452086
445.07303 5.714 0.0704832596 -0.0740737735
173.10430 1.503 0.0704832596 -0.0630744998
113.03078 1.938 0.0712906347 0.3196009665
112.98560 0.672 0.0727772704 -0.0147950004
297.98564 9.851 0.0735806924 -0.0438161971
308.20093 9.228 0.0751405595 -0.3323008773
269.12445 6.202 0.0767273227 0.1652836470
278.19036 9.315 0.0767273227 -0.3358547734
175.11892 1.026 0.0767273227 -0.0587571164
180.10164 9.656 0.0775308887 0.0190513571
158.09236 9.95 0.0775308887 0.1048244632
219.13381 10.095 0.0783412969 0.3846003090
215.17541 7.058 0.0791585867 -0.2362264731
706.32819 8.954 0.0799827973 1.1582351612
421.20432 9.899 0.0808139684 0.1041982792
113.03080 1.937 0.0833496384 0.3075478256
310.17598 10.833 0.0833496384 -0.2231098197
311.00018 10.361 0.0843036158 0.0347708738
140.07022 1.01 0.0850756102 0.0472814825
209.10183 7.667 0.0850756102 0.0911859792
335.22869 10.076 0.0859493720 0.1461070197
223.98822 12.487 0.0877186448 -0.1275726979
87.05520 0.896 0.0895171792 -0.0751130444
147.11269 2.171 0.0895171792 -0.0909598778
140.07027 1.006 0.0904275181 0.0506950508
186.11247 5.226 0.0913452906 -0.3215127450
144.10184 1.135 0.0913452906 -0.3322863420
128.03523 4.581 0.0934085485 0.0725533578
209.13823 7.93 0.0932032937 0.0334124087
189.14840 10.117 0.0932032937 -0.1236960370
230.98854 11.635 0.0950915032 -0.0706302162
296.20090 9.244 0.0970102330 -0.3377713426
244.07913 1.192 0.0970102330 -0.0547540080
258.11248 9.938 0.0970102330 0.1734018613
245.21099 11.725 0.0989597965 0.1678772795
487.03583 1.444 0.0982482182 -0.1070566842
518.83193 1.289 0.0992397774 0.1029085150
204.01919 9.981 0.0989597965 0.0433405606
187.87340 8.427 0.0992397774 0.0746768479
329.08807 11.946 0.0982482182 0.1980605162
310.21667 9.245 0.1009405064 -0.3264381282
256.01510 9.976 0.1029526746 -0.1308908459
705.32525 9.166 0.1029526746 -0.3143131600
91.00367 9.096 0.1032861100 -0.0450365197
480.15680 12.825 0.1049966122 -0.3635806196
164.95691 2.482 0.1074625238 -0.0126153468
146.08105 6.033 0.1102474785 0.0662584854
439.28392 12.663 0.1102474785 -0.2935091372
412.86265 1.253 0.1102474785 0.0753317985
170.11762 6.354 0.1124050424 -0.3267385641
258.10995 0.974 0.1134962384 0.1546395827
181.07165 0.988 0.1139766324 -0.2635663031
250.03838 8.012 0.1157036489 -0.0232815402
255.04329 11.107 0.1179446702 0.1372696375
90.05492 0.83 0.1190778792 -0.0667663436
344.22784 9.107 0.1190778792 -0.0074008210
179.05488 1.986 0.1202196040 -0.1326544060
196.09662 9.84 0.1202196040 -0.0623770895
130.04974 4.011 0.1202196040 0.0675488117
226.08222 7.649 0.1213698819 0.0035885015
153.06571 9.803 0.1225287503 0.0794503708
315.04139 9.462 0.1255197810 0.0495025943
182.98610 9.194 0.1267224891 -0.0979987008
144.06544 5.699 0.1284532487 0.1697011358
189.13456 6.238 0.1296644374 -0.0975251948
490.28535 11.201 0.1308844746 0.4125697045
91.05396 9.695 0.1321133963 0.0252215751
210.06989 1.178 0.1328710635 -0.2327325258
316.94798 0.643 0.1328710635 -0.0322618721
698.16849 9.637 0.1333512389 0.0334933862
258.15462 8.299 0.1345980383 -0.0132572223
250.17998 7.782 0.1358538303 -0.0820715304
382.14517 12.078 0.1366695841 0.0550506798
241.15468 4.688 0.1371186505 0.0345348168
461.80297 1.263 0.1383925346 0.0826427797
172.20593 8.813 0.1383925346 -0.0276796755
480.85041 0.749 0.1383925346 -0.0273046329
132.06535 4.662 0.1396755179 0.0949125885
397.15988 10.063 0.1396755179 0.2162614298
190.92835 1.975 0.1405513577 0.1231546206
189.12341 0.99 0.1409676355 0.1182787038
315.04150 8.971 0.1418639532 0.0047283665
118.05098 0.862 0.1418639532 -0.1518763186
220.14418 9.691 0.1422689225 0.0311012533
252.12307 9.556 0.1435794137 -0.0882848607
349.10883 0.973 0.1435794137 -0.0871346932
309.11905 9.619 0.1431859444 -0.0318221812
307.85583 8.541 0.1445173672 0.0304613294
317.14536 3.942 0.1448991437 0.1250736842
612.85868 0.702 0.1458582572 -0.0248322524
278.17495 7.936 0.1475664580 0.0145507265
111.02004 12.395 0.1489141106 -0.2485148224
111.02019 7.619 0.1502711389 -0.0735554107
447.89196 1.202 0.1516375764 0.0505370221
118.06085 1.015 0.1516375764 0.0522270615
370.07339 6.623 0.1516375764 -0.0838635955
305.09646 11.916 0.1527059510 -0.0658283947
719.96772 12.469 0.1530134568 0.1569530093
205.12233 10.874 0.1557936788 -0.0913831084
331.17529 11.712 0.1557936788 -0.0772025609
83.03866 0.637 0.1571980865 0.1071467155
91.50454 9.41 0.1586120688 0.0369868169
691.06024 9.046 0.1583580806 -0.0703043413
294.20617 9.687 0.1600356583 -0.0759368904
106.04982 0.84 0.1600356583 -0.0584208181
364.09756 6.636 0.1612428862 0.0626750352
439.68412 3.58 0.1612428862 0.0522093691
272.94442 0.605 0.1629117872 0.0222866971
264.09794 10.479 0.1629117872 -0.0686893824
114.09122 5.331 0.1629117872 0.1533996528
379.14947 11.1 0.1643643903 0.0098028387
249.15572 1.016 0.1658267281 0.0810235517
223.11742 8.987 0.1672988317 -2.0444867035
235.07137 9.931 0.1672988317 -0.0487633576
152.03747 0.922 0.1687807321 -0.2536568370
276.19543 8.459 0.1687807321 0.0385736045
174.12357 5.985 0.1717740466 0.1922890738
175.04773 9.931 0.1717740466 0.0862435279
149.04551 1.551 0.1716526008 -0.1423814507
219.07628 10.787 0.1763382561 -0.1152227860
156.07664 1.417 0.1763382561 -0.0092337680
248.96050 0.661 0.1793905702 -0.0263548924
194.92729 4.977 0.1825573386 0.1154090613
163.09646 8.511 0.1841452097 0.0023462065
154.12262 4.195 0.1841452097 -0.0555386211
275.03886 11.955 0.1857368504 0.0302812874
699.36720 0.627 0.1857653664 -0.0225776566
167.09123 2.306 0.1857368504 -0.0020831701
356.27935 11.065 0.1873386399 0.2078246271
291.20673 10.714 0.1873386399 -0.2954329810
190.92833 2.326 0.1873849251 0.0891560667
203.00457 1.459 0.1890148849 0.0283392089
314.34186 10.586 0.1905727753 -0.0714921975
102.95674 5.952 0.1906552739 -0.0626137211
249.02274 11.666 0.1939674507 -0.0372714393
189.12329 3.624 0.1955007733 0.0332458490
426.21226 8.517 0.1955007733 -0.0421046920
289.06771 9.654 0.1973216742 -0.0765575580
102.95672 6.736 0.1990146203 -0.0666188714
358.25885 9.566 0.2005215548 0.0844954488
242.98245 7.562 0.2005215548 -0.0954439564
348.98978 11.448 0.2005215548 -0.0656236673
344.22801 9.105 0.2022158864 -0.0085315932
276.00377 4.139 0.2039206282 -0.0521746468
320.13331 1.017 0.2056358048 0.0785124136
271.09953 11.391 0.2073614401 0.0011718404
486.24869 9.759 0.2073614401 -0.0691414337
260.16772 11.756 0.2090975579 -0.0647022298
250.18018 7.42 0.2090975579 -0.0262225351
180.97290 1.07 0.2093956058 -0.0728818608
437.21277 12.146 0.2108441815 0.0216118716
387.11466 5.628 0.2129416018 0.0570644024
379.19346 9.538 0.2126013341 0.0109367924
231.17020 3.973 0.2126013341 0.1926115581
247.07118 11.161 0.2126013341 -0.0956436066
258.91731 1.113 0.2147307704 -0.0443709905
317.14938 10.984 0.2143690382 -0.0674694583
180.06532 8.396 0.2179361903 0.0746476969
783.57184 12.247 0.2161473163 -0.0713397431
198.12756 10.512 0.2161473163 -0.0355701245
211.08237 1.037 0.2165307502 0.1040694130
87.04396 1.983 0.2179361903 0.0394740477
365.10514 4.803 0.2179361903 -0.3031154473
243.11284 11.056 0.2215458120 0.2003608895
294.14084 3.52 0.2215458120 0.0512224450
89.02439 1.449 0.2219957816 -0.0376671694
342.26364 10.588 0.2233666019 0.1367959741
239.12775 12.444 0.2233666019 -0.0341651892
197.06686 8.384 0.2251980720 -0.3747086674
390.87042 6.254 0.2275589059 -0.0152255852
247.03088 1.446 0.2275589059 -0.0812511868
179.08471 6.26 0.2307567629 0.5827966838
90.52582 0.761 0.2326311514 0.0861038520
153.12730 10.118 0.2326311514 -0.1277787221
221.05066 7.947 0.2326311514 0.0767488250
145.09707 0.931 0.2345163169 -0.0832933240
665.37395 0.645 0.2351299558 -0.0302576316
244.15546 11.136 0.2370502681 -0.0046710962
173.09307 1.007 0.2370502681 0.0756889338
738.44891 12.651 0.2364122778 -0.0056154489
170.15375 8.756 0.2383190519 -0.0180927323
437.23540 10.424 0.2383190519 0.1367607098
215.86845 7.975 0.2428776189 0.0554320098
168.12290 3.516 0.2460546219 0.0642575824
111.02000 9.054 0.2460546219 0.0554405201
181.05831 4.499 0.2460546219 -0.2057810534
458.98352 1.44 0.2448422652 -0.1040382194
508.08591 1.012 0.2480157150 0.0424105068
195.05092 2.207 0.2508030246 -0.0705525363
146.05992 10.774 0.2519706510 -0.0629587413
201.98379 6.282 0.2519706510 0.2446062184
137.04564 10.098 0.2539645233 -0.0264351915
426.35752 12.401 0.2539645233 -0.0088941662
205.06813 0.998 0.2559693509 -0.1606031097
129.05452 7.943 0.2559693509 0.0841976406
445.11963 12.49 0.2559693509 0.0340085262
303.22939 0.639 0.2579851475 -0.0197393716
193.09712 6.272 0.2579851475 0.1451110663
183.07790 9.596 0.2600119262 0.0056052029
780.21934 9.608 0.2620496998 -0.0011289473
225.07557 11.622 0.2640984809 -0.1044719268
179.05607 7.974 0.2651031815 0.1555660081
117.08494 1.011 0.2661582812 0.0244735206
217.04958 0.799 0.2661582812 0.0605415890
419.04828 1.448 0.2692901577 -0.0691754416
182.98867 11.912 0.2692901577 -0.1065471433
119.52785 7.619 0.2682291124 0.2430752293
161.12841 1.01 0.2724039107 0.2272320988
371.12243 11.684 0.2724039107 -0.0134368072
272.17023 7.569 0.2745078987 0.0145229860
522.08875 9.141 0.2766229588 0.0256557105
237.89749 2.487 0.2799553590 -0.0820582729
132.99174 11.641 0.2799553590 -0.0717629663
360.96807 11.999 0.2830346625 0.0181850332
222.99521 11.996 0.2830346625 0.0593928857
88.98779 8.834 0.2821223800 -21.9511082816
190.92831 11.975 0.2821223800 -0.1373136783
322.12982 12.527 0.2851940991 0.0183408979
237.08701 10.015 0.2873646493 -0.0330159621
290.13863 10.97 0.2873646493 -0.2623920384
297.98584 10.886 0.2873646493 -0.0356433099
297.04541 6.041 0.2886915580 -0.0420349560
242.02522 10.323 0.2886915580 -0.0617325398
507.57935 0.991 0.2939430478 -0.0469288175
100.07559 1.37 0.2939430478 0.2003204684
347.84913 2.085 0.2939430478 -0.0618764897
200.07205 9.032 0.2961581164 0.0354219310
209.06660 1.251 0.2976096549 -0.1401658993
190.92842 5.012 0.2998676449 0.0488983403
157.01166 1.778 0.2998676449 -0.0238813366
195.99212 3.004 0.2998676449 -0.0198802969
374.59629 1.031 0.3028701979 0.0732423096
640.16250 9.308 0.3028701979 0.0918303490
161.09203 4.717 0.3074006870 0.0496654571
105.01920 1.397 0.3067100032 -0.1161395258
239.09126 11.735 0.3074006870 0.0062524139
725.29382 9.519 0.3090135961 0.8947956677
698.16820 9.398 0.3096826709 0.0468952253
205.06814 1.161 0.3119758171 -0.1357123450
313.01459 8.756 0.3142801270 0.0102810276
269.13839 11.789 0.3189222411 0.0096838471
233.10721 6.699 0.3212600456 -0.0761863449
116.07055 0.913 0.3283404403 -0.0585329539
440.29200 12.712 0.3283404403 -0.2325937124
422.92822 10.675 0.3283404403 0.0209473655
132.99174 11.311 0.3278530753 -0.0832533446
317.18723 11.592 0.3302593486 0.0104421737
197.12844 8.684 0.3307228934 0.0325492701
130.08616 0.963 0.3331165031 -0.0412875668
689.95621 12.574 0.3355212662 0.1016598319
377.14150 10.798 0.3355212662 27.4313424030
161.96956 5.914 0.3355212662 -0.0160059045
79.51944 1.507 0.3379371791 0.0114291670
423.12576 9.396 0.3375465718 0.0258468339
175.10759 1.012 0.3379371791 -0.1264678831
695.42517 12.546 0.3403642372 -0.0164796511
225.93234 3.726 0.3403642372 -0.0673416932
104.03526 0.832 0.3424616839 -0.0384653911
303.20673 9.547 0.3452517698 0.0171599870
417.03007 9.815 0.3452517698 -0.0379904720
255.04659 1.162 0.3477122329 -0.0158983886
725.33091 10.798 0.3501838187 -0.0336226320
360.23904 9.879 0.3499196929 0.0257975789
187.08647 12.053 0.3501838187 -0.1173245018
205.08168 1.646 0.3551603303 0.0294561617
506.20748 7.308 0.3551603303 -0.5658788912
160.93532 9.172 0.3549485160 0.0104851845
288.21670 9.624 0.3551603303 0.1693644725
307.14011 10.363 0.3526665204 -0.0206097830
178.09029 4.179 0.3551603303 -0.0426384716
187.07130 10.882 0.3576652404 0.0513690691
183.09899 6.515 0.3601812420 0.0936554195
277.15562 9.231 0.3600227191 0.0439242810
418.95567 10.374 0.3652464823 0.0097304323
206.10211 8.266 0.3627083259 0.0379255615
440.02592 5.068 0.3651422289 -0.1194868679
99.09158 0.871 0.3652464823 0.0155760350
447.08203 1.032 0.3652464823 -0.0781596732
284.17018 9.876 0.3627083259 -0.1756017053
158.04011 0.897 0.3781029734 0.0524198552
104.07053 0.875 0.3703559713 0.1214945268
367.10526 0.978 0.3755168289 -0.0484552578
367.10513 0.988 0.3755168289 -0.0482853512
295.07913 5.605 0.3807717260 -0.0333126422
231.07733 11.943 0.3781386553 -0.0177593015
233.00668 11.007 0.3755096197 0.0332865939
118.04970 3.758 0.3703559713 -0.0658285541
190.11859 1.167 0.3781029734 -0.0809707857
176.10292 0.994 0.3807073296 0.0870128442
130.08608 3.859 0.3729272815 0.0431369498
269.02976 10.317 0.3755096197 -0.0175227893
276.00379 4.592 0.3755096197 -0.0306738970
446.29603 10.761 0.3807073296 0.0309722943
388.25419 9.449 0.3703559713 0.0063789608
180.06885 1.005 0.3807073296 0.0646282506
230.08427 9.943 0.3807073296 -0.0096509157
149.11722 7.029 0.3755096197 0.0172274246
332.24300 9.924 0.3755096197 0.1020568498
98.98413 2.329 0.3755096197 -0.0010812967
127.03885 1.001 0.3807073296 -0.0061139335
241.08692 11.965 0.3860715433 -0.0862202475
315.04161 9.833 0.3860715433 0.0208719091
111.52172 12.498 0.3859489938 0.1239141592
401.24885 9.151 0.3885862730 0.0670522646
136.04808 1.003 0.3912344964 0.0543357663
290.13862 11.042 0.3912344964 -0.1743627072
88.04027 1.037 0.3968054489 -0.0867203244
363.06231 1.036 0.4022392684 -0.1188618818
311.00842 7.066 0.4019365067 -0.0840898813
366.11176 6.382 0.4019365067 -0.1238575928
228.99393 11.618 0.4049728313 -0.0662000609
227.89438 8.954 0.4049728313 0.0805491681
189.04672 0.935 0.4046392015 0.0895269485
705.32528 9.119 0.4073527365 -0.0957047037
382.58487 0.991 0.4073527365 -0.0423058265
200.07224 9.616 0.4073527365 0.0194968667
255.13494 9.538 0.4104731661 0.0344262217
237.08673 7.957 0.4100770923 -0.0208418693
263.17526 10.779 0.4128122490 -0.1959591472
195.12266 6.237 0.4155581859 0.0300105089
228.99405 11.33 0.4160176423 -0.1142355586
200.23726 9.743 0.4155581859 -0.0642005922
165.11209 5.944 0.4183148821 0.0648206203
269.08792 0.988 0.4188063798 -0.0097419278
372.25923 10.504 0.4183148821 0.0306372638
90.52578 1.842 0.4183148821 0.0597616721
223.96317 2.425 0.4210823157 0.0885621061
213.12320 2.188 0.4210823157 -0.0127101942
281.24847 0.429 0.4216060872 0.0095771065
149.08072 5.991 0.4210823157 -0.0579274728
81.52054 0.787 0.4238604646 0.0515237404
316.04492 9.022 0.4244167412 0.0102640133
172.13321 4.594 0.4238604646 -0.0955445812
725.33099 11.1 0.4266493059 -0.0331662801
92.04305 1.438 0.4272383181 0.0014616309
255.82195 4.296 0.4300707937 -0.0185118277
173.09203 1.034 0.4322589713 -0.1204077783
99.04488 1.009 0.4329141429 0.0070166643
385.90170 1.566 0.4350797467 -0.0302413293
95.01369 0.988 0.4386333596 -0.0710659450
310.20133 9.1 0.4379111173 -0.0185335587
202.01221 0.86 0.4386333596 -0.0486201253
376.21774 9.262 0.4379111173 -0.0208195629
135.10161 5.036 0.4436055402 -0.0183704855
564.35886 10.759 0.4436055402 0.0050456466
174.95605 1.643 0.4443957562 0.0063472829
282.11969 8.251 0.4464685392 0.0016986998
108.94851 0.711 0.4464685392 0.0255583862
353.26603 0.658 0.4522259748 0.0330023136
353.16799 1.006 0.4560491937 0.0022138211
343.12322 5.46 0.4551203545 0.0698647965
199.06892 9.647 0.4522259748 0.0428205543
190.92839 9.84 0.4560491937 0.0481135484
80.97482 3.003 0.4560491937 0.0099206049
269.08778 1.414 0.4531198265 -0.0247808474
113.09592 6.146 0.4522259748 -0.0222326897
190.92843 10.84 0.4531198265 -0.1070513800
237.08688 10.308 0.4551203545 -0.0620806466
382.34265 11.093 0.4609402914 -0.0522540735
235.96117 3.8 0.4609402914 0.2342106341
432.14178 9.674 0.4609402914 0.0048351267
305.06317 10.048 0.4609402914 -0.0163962125
201.01679 2.458 0.4589891826 0.2115303839
632.05529 1.0 0.4638657882 -0.0309074912
214.08938 9.197 0.4638657882 -0.1838112882
115.03993 0.99 0.4619397621 0.0597195786
96.04426 4.377 0.4638657882 -0.1141759327
311.12905 0.991 0.4649009005 0.0600457977
187.99651 0.829 0.4678725655 -0.0169670481
119.08140 9.653 0.4697476835 -0.0379983731
265.15854 9.744 0.4697476835 -0.0055815849
146.93846 9.294 0.4708547243 0.0146611037
471.24462 10.798 0.4708547243 0.0156421985
261.14441 5.814 0.4697476835 0.0693223069
241.10289 0.989 0.4756705671 0.0668096723
283.10376 10.507 0.4756705671 -0.0200503867
427.09502 6.181 0.4816341743 -0.1010474351
239.01650 0.999 0.4798638251 -0.0452235351
242.98246 7.374 0.4786472971 -0.1343873956
290.15961 6.066 0.4786472971 0.4192275847
217.03298 1.411 0.4798638251 -0.0859131873
120.06550 0.875 0.4816341743 -0.0586567752
114.06612 1.012 0.4816341743 0.0075617930
150.02283 0.922 0.4798638251 -0.1390013699
198.04960 1.023 0.4828876177 0.0002425821
375.16199 11.717 0.4846311639 -0.0168132893
166.05314 0.939 0.4876382310 -0.1067904625
76.07560 0.762 0.4906553397 0.2431009374
321.13092 8.71 0.4936824537 -0.0081910268
161.04539 1.564 0.4950856205 0.0243238358
227.17524 7.949 0.4967195362 -0.0336711110
187.04184 1.45 0.5012457945 -0.0000608623
220.98079 11.494 0.5012457945 -0.6424272368
169.97727 2.61 0.5028234561 0.0043958116
147.05113 9.687 0.5058902168 -0.0369668584
180.08652 1.003 0.5058902168 0.0205486937
314.18103 9.221 0.5058902168 -0.0777650308
487.62840 3.778 0.5105616405 -0.0290906766
96.96958 2.479 0.5105616405 -0.0697357054
328.24829 9.581 0.5151492296 -0.0513186440
208.10014 4.098 0.5151492296 0.0006604475
349.08928 10.373 0.5151492296 -0.0971591853
119.03487 0.991 0.5136869158 -0.0326043290
652.33835 11.955 0.5182550096 -0.0324943033
239.01644 1.016 0.5199672051 -0.0452235351
272.20084 10.484 0.5213704420 0.0443777469
226.95144 0.643 0.5213704420 0.0153435338
191.98266 0.935 0.5213704420 -0.0093614155
88.07560 1.067 0.5244954847 0.0210202577
141.01566 3.755 0.5244954847 -0.0508155535
299.01967 4.218 0.5276300951 -0.0564964296
225.04926 4.79 0.5294613376 -0.0465886447
193.03524 2.468 0.5294613376 -0.0183311277
147.07632 5.289 0.5307742299 -0.0058157939
150.05492 9.579 0.5339278453 0.0202911089
504.99519 10.333 0.5339278453 -0.0031156898
420.92733 9.22 0.5358393733 0.0428969092
153.06584 9.4 0.5370908970 -0.0297130425
85.07597 9.659 0.5402633398 0.0358805965
191.08138 10.787 0.5402633398 0.0003262058
384.11905 1.015 0.5402633398 -0.0155079354
229.56254 1.202 0.5434451284 -0.0319175307
302.06729 10.869 0.5434451284 -0.0134482954
88.07559 0.78 0.5466362167 -0.0951976071
229.56251 1.002 0.5466362167 0.0266733459
526.33502 11.108 0.5487104599 -0.0373711934
249.10805 2.365 0.5498365579 -0.0705044046
569.31421 11.238 0.5562648098 0.0159944426
454.24306 9.525 0.5594926244 -0.0044211560
640.16271 9.119 0.5594926244 0.0264330895
145.07600 11.109 0.5530461049 -0.0144286509
199.06869 9.063 0.5562648098 0.0286237590
131.08252 0.985 0.5584629063 -0.0680850340
515.56788 1.001 0.5530461049 0.0350224886
204.05581 1.036 0.5594926244 -0.0646874753
315.04162 10.418 0.5617323409 0.0319989581
255.82197 4.751 0.5584629063 0.0094568849
139.53088 1.201 0.5627294998 -0.0174874267
302.23231 9.527 0.5627294998 0.0953206134
415.25378 9.765 0.5627294998 -0.0307706212
176.12802 0.894 0.5627294998 0.1449931752
430.36731 0.756 0.5594926244 -0.0109606322
255.82207 3.971 0.5650110007 0.0226880005
132.07667 1.015 0.5659753864 0.0472764647
85.02830 0.999 0.5724939930 -0.0116482200
188.06636 9.702 0.5692302344 0.0177616197
145.04945 1.0 0.5724939930 -0.0439610708
145.04935 0.994 0.5724939930 -0.0439610708
295.12886 9.271 0.5692302344 -0.0424772194
219.07643 9.969 0.5692302344 -0.0549301855
293.09537 12.356 0.5724939930 0.0048354833
281.02414 3.841 0.5724939930 -0.0420094922
196.09681 9.124 0.5790480375 0.1146787001
322.94348 10.845 0.5815408558 0.0179592200
166.94304 3.234 0.5790480375 -0.0405180121
171.14906 0.951 0.5823382195 -0.0129188091
185.09192 7.552 0.5823382195 -0.2324705064
314.18103 9.232 0.5790480375 -0.0747250321
225.06165 1.205 0.5815408558 0.0213228620
193.10697 8.321 0.5823382195 -0.0041614552
248.16462 9.682 0.5757666113 -0.0746653979
86.09628 1.047 0.5823382195 -0.1079568234
145.06186 0.91 0.5749018138 -0.0256551627
91.05396 10.004 0.5856371045 -0.0033356908
86.09634 1.065 0.5856371045 -0.1132672192
115.03881 4.262 0.5856371045 0.0483642748
242.98224 6.978 0.5889446392 -0.1261746585
437.23557 9.826 0.5889446392 -0.0029173860
388.25410 9.464 0.5889446392 -0.0140462675
144.06298 0.713 0.5889446392 -0.0043046224
487.28036 11.49 0.6022601905 -0.0573032915
128.04530 10.421 0.6022601905 -0.0570389092
438.97194 1.517 0.5982933734 0.0181780268
209.83376 3.865 0.5949253881 0.0137521264
128.95069 2.586 0.5955854419 0.0099608755
524.15241 10.436 0.6022601905 -0.0236466780
143.03485 0.992 0.6016699861 -0.0062925066
143.03486 0.991 0.6016699861 -0.0062925066
143.03486 0.991 0.6016699861 -0.0062925066
502.85944 1.678 0.5982933734 -0.0035623897
233.07664 7.143 0.5989186006 -0.0438625255
793.36499 8.806 0.5989186006 0.0120766419
157.06169 4.523 0.6016699861 -0.0777303696
780.21894 9.092 0.5922607697 -0.0034610234
261.94159 4.797 0.6016699861 0.8234535943
179.09351 9.273 0.5989186006 0.0140120034
203.04026 4.626 0.5989186006 -0.0619307843
161.04543 0.992 0.6050551685 -0.0369441720
83.03560 0.578 0.6056101557 0.0023141510
324.19171 10.394 0.6056101557 -0.0544383818
582.15784 9.692 0.6056101557 0.0180419911
317.05572 7.921 0.6089684396 -0.0040335114
197.15340 12.767 0.6089684396 0.0045202038
315.04155 8.621 0.6084488623 -0.0296627418
349.60466 1.028 0.6123349852 -0.0254843794
432.04721 8.318 0.6123349852 0.0068747459
272.95899 0.639 0.6186804211 -0.0475551839
138.05484 4.812 0.6190926310 0.0217986355
246.16996 5.941 0.6224836145 -0.0629826934
231.93157 9.376 0.6152615482 0.0195276525
130.06211 1.029 0.6221075669 -0.0452926213
200.10289 1.337 0.6224836145 -0.0166938900
207.01410 0.908 0.6190926310 -0.0369307357
314.18100 9.212 0.6224836145 -0.0668353686
113.02429 0.991 0.6221075669 -0.0226792053
178.09031 10.06 0.6224836145 0.0463805154
233.16465 9.864 0.6190926310 -0.0151343527
97.02825 1.049 0.6258826265 -0.0418332132
180.05942 1.204 0.6255429245 -0.0123994849
309.18077 10.914 0.6258826265 0.1225163414
316.04490 10.475 0.6289864325 -0.0148193579
73.07600 9.618 0.6292896074 -0.0255047150
81.52049 1.948 0.6327044971 0.0172842196
264.17474 9.936 0.6327044971 0.0633577580
324.09111 12.039 0.6324380288 -0.0094769169
247.18027 8.894 0.6361272349 -0.0749477971
321.89737 5.269 0.6358976508 -0.0004228187
177.08678 6.573 0.6395577598 -0.0269667537
386.29016 12.02 0.6395577598 -0.0094087478
129.06569 0.987 0.6429960102 0.0063754590
197.80798 4.227 0.6603343598 -0.0097803780
134.89444 9.219 0.6463240377 -0.0424750166
190.92842 8.022 0.6498151264 -0.0242094179
217.06176 9.907 0.6568203534 0.0053812577
232.15429 4.856 0.6568250167 0.1160493883
279.18024 10.347 0.6533564905 -0.0014925217
300.20181 8.715 0.6498954384 0.0010683008
159.07629 1.01 0.6464419239 0.0631459345
146.08114 0.943 0.6533564905 -0.0328275560
307.11093 11.428 0.6603009529 -0.1286532111
416.28513 11.536 0.6498954384 -0.0626627122
319.20160 9.052 0.6603009529 -0.0078753813
617.28564 8.799 0.6637842347 0.0182204636
418.95567 10.153 0.6464419239 0.0129262360
303.91345 1.715 0.6603343598 -0.0620452017
508.35937 12.585 0.6637842347 0.1573019324
101.02432 0.988 0.6498151264 -0.0128427219
102.01944 2.648 0.6533139202 0.1119705621
191.13902 0.914 0.6637842347 0.0224105117
449.11725 0.993 0.6568250167 0.0154085438
154.06217 1.055 0.6603343598 -0.0461845905
168.09294 7.024 0.6637842347 0.0068039643
189.95895 3.192 0.6498954384 -0.0076238826
90.50677 12.471 0.6637842347 0.0827106352
567.39009 0.618 0.6603009529 0.0368053208
459.28007 10.076 0.6568250167 -0.0094221174
88.07557 0.874 0.6672747969 -0.0119829857
78.91870 3.875 0.6673848249 -0.0405080974
379.28156 0.626 0.6707725742 -0.0045466895
319.00836 0.533 0.6709211488 0.0160948249
201.03806 1.449 0.6744647763 -0.0587591570
414.30011 11.739 0.6777895094 -0.0214070300
87.00860 1.205 0.6780156386 0.0258082439
199.10043 1.206 0.6777895094 0.0370591736
195.05086 2.523 0.6815736666 0.0299436907
212.07631 2.342 0.6813085342 0.0932752465
393.11557 10.785 0.6883673612 0.0267944510
203.05251 1.003 0.6883673612 -0.0714303042
203.05260 0.997 0.6883673612 -0.0714303042
261.09446 1.214 0.6883673612 -0.0009109086
233.12847 10.953 0.6883673612 0.0051168329
296.95007 11.91 0.6887109412 -0.0589679830
635.06930 10.43 0.6883673612 -0.0231334903
287.07730 9.604 0.6922900470 -0.0117419399
635.06859 9.138 0.6919070274 0.0177248537
131.03477 0.991 0.6958760373 -0.0213043258
221.05068 9.929 0.6990065219 -0.0457675992
582.15797 10.491 0.6990065219 0.0149700401
177.08682 8.887 0.7061324361 0.0334801157
396.31046 11.517 0.7097051253 0.0364797253
209.09206 9.067 0.7025662115 -0.0083471065
86.05991 1.918 0.7097051253 -0.0037377177
346.00940 8.557 0.7097051253 0.0538653777
279.11602 12.082 0.7097051253 -0.1239381802
334.12581 1.044 0.7066745984 -0.0466675996
477.00025 10.29 0.7097051253 -0.0011709130
133.08579 6.236 0.7025662115 0.0318654363
349.24438 10.041 0.7097051253 -0.0060885258
269.08932 8.607 0.7061324361 -0.0515136238
328.24808 10.663 0.7061324361 0.0253653363
133.10515 1.114 0.7061324361 -0.0493702505
228.12846 0.972 0.7132842082 -0.0157312705
88.11195 0.79 0.7168696137 0.0287840975
279.17010 9.088 0.7168696137 0.0334497179
101.07077 0.99 0.7168696137 -0.0302688971
76.03924 0.818 0.7168696137 0.0072188021
409.08652 10.494 0.7204612699 0.0170594565
199.10770 8.742 0.7204612699 0.0454122416
125.87298 8.404 0.7211646754 0.0461457960
168.07780 1.032 0.7211646754 0.0028654846
410.56647 0.991 0.7240591047 0.0572147622
179.09099 9.09 0.7240591047 0.0206151846
187.94177 12.093 0.7248031310 0.0078035712
233.87537 2.909 0.7240591047 -0.0067867851
428.05961 8.554 0.7348889541 -0.1409272286
204.12297 0.92 0.7312730200 0.0484482336
167.08539 12.572 0.7312730200 0.0170762487
261.12341 10.988 0.7276630458 -0.1746941726
396.03459 4.792 0.7312730200 0.0393553908
525.28825 10.405 0.7348889541 -0.0048255824
612.36945 9.954 0.7348889541 -0.0095190371
582.15788 10.23 0.7348889541 -0.0002927275
127.05112 0.93 0.7284478117 -0.0409067499
270.08905 11.955 0.7312730200 -0.0041082020
325.20100 11.795 0.7348889541 -0.0004550269
139.03992 10.477 0.7357555465 -0.0416017626
298.18579 10.238 0.7385107744 -0.0930049623
632.05540 0.993 0.7385107744 0.0374241445
281.15950 9.565 0.7421384068 -0.0068896928
583.16022 8.649 0.7421384068 -0.0153216228
370.07357 5.901 0.7567055611 0.0223355752
211.14407 9.009 0.7676882653 -0.1129986709
83.53570 0.571 0.7603611286 0.0071260202
146.11750 0.877 0.7530554293 0.0066726795
180.08653 1.783 0.7640220556 0.0323750233
190.92841 8.49 0.7578202249 -0.0749526704
419.14191 9.659 0.7504423713 0.0013117828
160.07973 4.375 0.7457717767 -0.1261533618
520.33185 10.388 0.7494108093 0.0084343498
307.24774 12.579 0.7676882653 0.0268286372
612.88161 0.614 0.7676882653 -0.0071200236
283.01366 7.055 0.7640220556 -0.0292553238
150.05495 10.804 0.7676882653 0.1272432388
152.05663 10.045 0.7676882653 -0.0098964067
377.91455 5.802 0.7504423713 -0.0272211280
147.07643 0.914 0.7603611286 0.0280333155
149.04539 1.234 0.7504423713 0.0208890799
183.11264 6.732 0.7567055611 -0.0266693359
226.92738 2.457 0.7652202046 -0.0321115284
171.02739 2.092 0.7578202249 -0.0809221137
229.11827 0.988 0.7640220556 0.0414942337
363.16229 10.301 0.7567055611 0.0191054576
179.08727 9.381 0.7640220556 -0.0188192137
276.14394 5.173 0.7603611286 0.0047089050
191.06619 1.892 0.7494108093 0.0275690876
196.09682 7.784 0.7603611286 0.0065455667
551.22772 8.55 0.7457717767 -0.0245971493
279.13399 9.833 0.7530554293 0.0493819025
291.20654 9.885 0.7494108093 0.0075550472
201.02649 10.16 0.7652202046 0.0466691715
726.82403 0.698 0.7713596805 0.0128258391
174.08828 0.997 0.7726416769 0.0143559846
206.02797 12.026 0.7726416769 -0.0175408067
317.05597 8.648 0.7750362239 -0.0512891975
199.09645 9.587 0.7824043838 -0.0266030711
352.16861 12.568 0.7824043838 -0.0189292557
242.28430 9.88 0.7824043838 0.0205519348
407.18846 10.548 0.7824043838 -0.0174395616
169.09472 0.91 0.7824043838 -0.0220326734
237.12318 6.91 0.7787178178 -0.0074441947
275.21163 9.852 0.7824043838 0.0798549850
421.16730 12.055 0.7787178178 -0.0522052868
214.03322 0.96 0.7838127832 -0.0743005830
321.89743 5.763 0.7875465351 -0.0221004747
435.19839 11.83 0.7875465351 -0.0054263647
307.16514 10.397 0.7934931296 -0.0006890697
175.05762 0.989 0.7934931296 0.0288795278
107.07014 1.305 0.7934931296 -0.0311113865
353.14236 11.998 0.7912851763 0.0400321600
189.15960 1.36 0.7934931296 -0.0710183369
171.09920 7.29 0.7897921187 0.0071955038
120.08070 7.05 0.7971987970 -0.0195337306
473.97051 0.82 0.7987767987 0.0154133374
256.16943 9.741 0.8009090411 0.0544753720
246.97734 4.126 0.8046237820 -0.0011953505
182.10223 1.084 0.8046237820 0.0564191253
101.02426 1.2 0.8062869917 -0.0134402461
72.08071 0.917 0.8083429392 0.0182320448
360.02505 8.292 0.8083429392 0.0282485050
266.08820 1.001 0.8138150913 -0.0638423606
582.15729 9.277 0.8195261009 -0.0025729873
780.21936 9.632 0.8157941798 -0.0118623394
551.22836 9.747 0.8157941798 -0.0372503423
159.07617 9.025 0.8195261009 0.0200909920
89.05968 2.623 0.8120664321 -0.0002441485
178.08377 9.047 0.8157941798 0.0143161914
258.91571 10.016 0.8100488449 0.0861842048
504.99520 10.63 0.8195261009 0.0002760028
608.38342 11.87 0.8195261009 -0.0492526897
314.23240 10.038 0.8120664321 0.0607056587
198.09718 1.002 0.8157941798 0.0477191557
267.84787 4.643 0.8175856471 0.0093425409
227.03508 9.688 0.8382454465 0.0104031481
434.87184 1.655 0.8365001154 0.0241062664
93.07378 0.817 0.8382454465 -0.0026094126
185.12834 7.4 0.8382454465 -0.0830625424
793.31830 11.544 0.8344938861 0.0231471983
223.09228 0.991 0.8270021375 -0.0027063711
333.11538 10.392 0.8270021375 1.3946178994
162.07700 0.889 0.8327092792 0.0579801248
127.03890 1.207 0.8344938861 0.0150835654
116.92850 12.983 0.8251393506 0.1354810530
97.02831 0.999 0.8382454465 -0.0004464340
432.27996 10.695 0.8382454465 1.6997506732
309.18085 10.921 0.8307460889 -0.0284356654
102.05483 8.933 0.8344938861 0.0066340771
146.96114 0.743 0.8365001154 -0.0072488840
119.07014 6.478 0.8344938861 0.0042633583
259.09244 5.411 0.8344938861 -0.0533853835
203.05259 1.204 0.8307460889 -0.0041138458
259.18052 10.234 0.8382454465 -0.1256205873
103.04006 2.128 0.8402947523 -0.1021999445
134.04472 2.01 0.8420006872 -0.0369357717
133.09701 9.684 0.8457595251 -0.0190726734
257.02774 4.803 0.8440931043 27.4057221937
276.10116 7.893 0.8457595251 -0.0958066568
137.04578 8.857 0.8457595251 -0.0341223528
130.05081 0.9 0.8555095884 -0.0856637858
206.10331 0.816 0.8478950851 0.0587932333
176.06577 1.113 0.8532876588 0.0727681331
118.08623 0.915 0.8570567872 0.0170316778
189.08695 10.311 0.8570567872 -0.0650210029
105.05448 1.968 0.8570567872 -0.0588664975
276.11887 5.255 0.8532876588 0.0170830119
209.83377 4.275 0.8555095884 0.0049651059
173.92615 11.13 0.8517006087 -0.0786338520
493.13580 8.792 0.8532876588 -0.0362854918
208.09662 10.549 0.8570567872 -0.0100547095
159.07624 9.146 0.8532876588 0.0196961294
110.54142 0.75 0.8608291780 0.0219046264
205.08172 2.444 0.8608291780 0.0622538005
175.09635 5.995 0.8608291780 0.0204243334
272.07651 7.249 0.8608291780 -0.1711038097
284.17015 9.68 0.8646047468 0.1621546543
104.10691 0.751 0.8646047468 -0.0126129933
206.10339 0.808 0.8631375692 -0.0283124363
584.16293 9.677 0.8683834091 -0.0287273769
136.04800 1.494 0.8683834091 -0.0444946466
148.06036 0.977 0.8721650803 -0.0150394678
269.08780 10.595 0.8759496754 -0.0200333401
141.06581 4.488 0.8759496754 -0.0461063140
231.93167 11.489 0.8784311722 0.0309137659
210.05010 7.041 0.8797371094 -0.0236293136
210.05015 7.025 0.8835272968 -0.0239503200
286.17993 9.975 0.8835272968 -0.0010343067
785.50444 12.594 0.8835272968 0.0205286436
415.54919 1.007 0.8873201522 0.0180954180
132.03019 2.166 0.8976115011 0.1494037484
270.19113 8.84 0.8949135241 -0.0020496898
71.01366 1.245 0.9014551251 0.0003733389
129.93629 10.623 0.9014551251 0.0212882062
85.02931 0.991 0.8976115011 0.0212810937
283.16937 12.138 0.9025165374 0.1287721113
667.32529 0.715 0.8987138686 -0.0268902937
180.13815 10.712 0.8987138686 0.0379213515
151.09639 3.899 0.8949135241 -0.0072514936
132.10186 1.065 0.8987138686 0.0145136232
444.99817 11.416 0.8937702780 0.0166186547
126.10252 0.936 0.9025165374 0.0675905562
451.21470 10.875 0.8911155899 0.0168038182
243.75525 3.939 0.8976115011 -0.0175429866
145.12218 6.4 0.9025165374 -0.0161527129
247.14414 10.417 0.8911155899 0.0064794805
783.81581 0.699 0.9025165374 0.0388735196
181.06275 0.995 0.9053010609 0.0015447738
145.07600 10.718 0.9101285018 0.0057290010
290.26883 12.224 0.9101285018 0.1758711182
146.96100 1.206 0.9091492190 0.0358578592
209.06651 1.5 0.9129995100 -0.0255651473
327.93213 5.808 0.9129995100 0.0223325899
146.06332 5.783 0.9139376243 0.6785127883
312.21699 8.835 0.9177487246 0.2255276483
131.08129 8.998 0.9177487246 -0.0133098631
548.29046 12.305 0.9177487246 0.1590192081
307.11085 12.348 0.9177487246 -0.0338030323
509.38014 12.432 0.9215617159 -0.0366363936
269.05336 10.389 0.9215617159 0.0236462070
256.93816 2.426 0.9253765109 -0.0092126500
389.16269 10.288 0.9253765109 0.1995018375
197.12923 6.244 0.9253765109 0.0114010031
277.11832 10.94 0.9253765109 0.0227809121
135.02986 1.549 0.9284202075 -0.0405529581
304.15421 10.089 0.9368308464 -0.0020285130
160.13313 0.929 0.9368308464 -0.0130371598
101.05956 10.514 0.9368308464 -0.0042456056
247.08243 10.759 0.9361410160 0.0586285045
635.06932 10.199 0.9330111636 -0.0046814539
635.06921 9.54 0.9330111636 -0.0105643074
397.17136 10.833 0.9361410160 -0.0615038730
231.93170 11.761 0.9361410160 0.0036876011
162.07594 1.02 0.9330111636 0.0409295660
165.01913 9.687 0.9438678343 0.0100526876
427.21881 10.726 0.9400037192 0.0254701594
177.11198 6.256 0.9406519836 0.0015470153
185.00655 4.81 0.9438678343 0.4044259279
409.06754 1.095 0.9400037192 0.0142537764
318.22760 10.422 0.9444744875 0.0107217337
168.12286 3.898 0.9444744875 0.0187533480
131.07020 9.176 0.9444744875 -0.0082872483
204.12289 1.12 0.9482982703 0.0386261029
480.15680 12.579 0.9482982703 0.6069068493
236.58849 1.017 0.9482982703 0.0204929901
73.06475 7.028 0.9482982703 0.0106138325
75.00862 7.446 0.9515999380 -0.0593498953
89.05965 3.335 0.9521232443 0.0029783403
711.06927 2.468 0.9521232443 -0.0339014173
92.52214 1.525 0.9559493215 0.0332250668
210.13344 8.407 0.9559493215 -0.0122560920
125.02431 1.208 0.9554677450 -0.0238899289
88.03921 2.029 0.9597764140 -0.0278652748
279.13378 10.427 0.9597764140 0.0042584889
317.05589 8.206 0.9636044337 -0.0501021368
406.07755 8.931 0.9636044337 -0.0021638659
220.11785 6.676 0.9636044337 -0.0090495974
241.03105 1.001 0.9636044337 -0.0195725116
476.30655 10.048 0.9674332926 -0.0050505436
297.98553 8.106 0.9674332926 0.0281639306
129.06566 9.317 0.9712629023 -0.0247189234
138.05490 5.226 0.9674332926 -0.2322765719
163.06002 1.001 0.9712629023 0.0144225125
160.13321 5.706 0.9712629023 -0.0708466889
279.01201 9.316 0.9712629023 0.0413335076
230.24769 11.321 0.9712629023 -0.0045480963
219.96644 7.563 0.9750931748 -0.0234661845
126.97144 0.943 0.9750931748 0.0172300278
173.92616 11.435 0.9748206935 -0.0511659092
219.19531 12.438 0.9750931748 0.0558635784
471.19640 11.271 0.9789240217 0.0852571696
116.07153 0.909 0.9786934283 0.0247549126
408.08248 9.042 0.9789240217 0.0023240922
126.97134 0.92 0.9827553547 0.0262838250
131.08142 4.505 0.9827553547 -0.0386822078
185.03049 9.821 0.9865870855 -0.0081060255
441.19742 11.281 0.9903142813 -0.0249155917
203.01723 1.563 0.9903142813 -0.0154800465
116.92850 11.957 0.9941884774 -0.0159020796
203.04007 4.18 0.9942513870 0.0305760699
318.05966 8.714 0.9942513870 -0.0439219075
71.06032 9.925 0.9942513870 0.0256330301
200.54568 1.004 1.0000000000 0.0301024645
549.21370 9.63 0.9980628106 0.2078280067
146.96129 2.582 1.0000000000 -0.0177767858
412.30566 11.373 1.0000000000 -0.0117444021
184.04007 6.249 1.0000000000 0.0172170095
