"m.z" "r.t" "p.value" "t.score"
450.01277 1.949 0.0000305176 0.1347153952
289.22728 9.974 0.0000305176 0.1347262511
207.12252 10.344 0.0000305176 0.1284118438
263.12129 11.682 0.0000305176 1.1216396059
335.22869 10.076 0.0000305176 0.1513407393
793.36467 9.087 0.0000305176 0.5313144414
111.08028 10.089 0.0000305176 0.0693369636
297.09353 5.148 0.0000305176 0.2039940504
264.19561 6.634 0.0000305176 0.0750195805
101.01674 5.642 0.0000305176 0.1037704755
188.06636 9.702 0.0000305176 0.0480341233
261.18080 11.062 0.0000305176 0.2371150807
291.20673 10.714 0.0000305176 0.3356069808
172.09669 9.97 0.0000305176 0.1213183434
219.13381 10.095 0.0000305176 0.2131970899
370.07339 6.623 0.0000305176 0.0447258266
264.12424 11.817 0.0000305176 0.6389915470
289.15454 10.891 0.0000305176 0.2277795405
233.16465 9.864 0.0000305176 0.0701460370
275.21163 9.852 0.0000305176 0.2774710616
172.09674 10.106 0.0000305176 0.1502048679
255.09499 7.907 0.0000305176 0.0453511674
133.08570 7.047 0.0000305176 0.0853384428
520.33185 10.388 0.0000305176 -0.0039502204
245.16055 5.096 0.0000610352 -0.0628682436
328.16675 10.866 0.0000610352 0.0479082444
206.02797 12.026 0.0000610352 0.0594624134
346.08652 8.44 0.0000610352 -0.4980583835
158.11745 10.092 0.0000610352 0.1431734059
295.07913 5.605 0.0000610352 0.0713859725
348.10080 8.211 0.0000610352 0.0000000000
371.17238 10.818 0.0000610352 0.1193607916
251.17527 9.996 0.0000915527 0.0479051189
139.03992 10.477 0.0001220703 0.0785120539
549.21370 9.63 0.0001220703 -0.4893346345
172.07175 9.946 0.0001525879 0.0352473046
170.11762 6.354 0.0001525879 0.0190124053
279.11602 12.082 0.0001525879 0.1444415584
356.24314 11.873 0.0001525879 0.0054963473
261.14835 12.903 0.0001525879 0.3556903531
116.92850 12.983 0.0001831055 0.2034205149
285.97708 9.15 0.0001831055 0.1435049987
273.15962 10.88 0.0002136230 0.1639611131
349.24438 10.041 0.0002136230 0.0321600021
266.06696 10.05 0.0003051758 -1.2658921154
176.12800 11.055 0.0003051758 0.1407323257
307.11092 12.054 0.0004272461 -0.2320952314
437.21277 12.146 0.0004272461 0.0518436154
305.09646 11.916 0.0004272461 -0.0339793487
296.95007 11.91 0.0004272461 -0.3260240062
259.09244 5.411 0.0004272461 0.3101677080
208.09662 10.549 0.0005798340 0.0718508292
141.01566 3.755 0.0005798340 0.0420481835
147.05113 9.687 0.0005798340 0.0699836115
321.89751 4.849 0.0006103516 0.1545496024
333.09137 11.511 0.0006103516 -0.0417118725
174.14874 8.541 0.0007629395 -0.5642569363
71.01366 1.245 0.0008544922 -0.2815746794
480.85041 0.749 0.0010070801 0.0173670892
322.12982 12.527 0.0010070801 0.0895345137
151.06264 11.301 0.0010070801 0.0778165525
187.08647 12.053 0.0010070801 0.0991889242
214.08938 9.197 0.0010070801 0.0566353658
149.04539 1.234 0.0011596680 -0.1567213936
281.02414 3.841 0.0013122559 0.0196948907
233.09932 6.804 0.0013122559 0.0901941337
255.13494 9.538 0.0015258789 0.4646480013
389.16269 10.288 0.0016784668 0.0528537177
276.14394 5.173 0.0016784668 0.2417346630
412.30566 11.373 0.0016784668 0.1098422529
419.14191 9.659 0.0020141602 -0.3568696560
247.18027 8.894 0.0021362305 0.0997182145
507.57935 0.991 0.0021362305 -0.2174940645
177.10207 3.9 0.0026855469 0.0151752573
427.09502 6.181 0.0026855469 0.1311997294
255.04659 1.162 0.0026855469 0.2342762086
235.12873 7.948 0.0026855469 0.0577977783
158.08099 7.879 0.0026855469 0.0337997235
314.18103 9.232 0.0026855469 -0.0421949529
87.04396 1.983 0.0026855469 0.2978779926
269.08780 10.595 0.0033569336 0.0784124563
440.22751 8.348 0.0033569336 0.1341088734
160.84199 11.608 0.0033569336 0.0560417456
315.04161 9.833 0.0033569336 -0.0852992661
705.32525 9.166 0.0033569336 1.3719249829
154.12262 4.195 0.0033569336 0.0273906689
239.01644 1.016 0.0042724609 0.1182312800
257.11322 8.472 0.0041809082 0.0096868145
239.01650 0.999 0.0042724609 0.1220726059
315.04162 10.418 0.0042724609 -0.0537804861
119.52785 7.619 0.0041809082 -0.0941798729
203.05259 1.204 0.0041809082 -0.1828197203
276.00377 4.139 0.0041809082 0.2188922089
128.04539 9.945 0.0041809082 0.0551507046
118.05098 0.862 0.0042724609 0.2005957440
476.30655 10.048 0.0051574707 -0.0009229311
290.13862 11.042 0.0051574707 -0.2082893743
307.11085 12.348 0.0051574707 0.0859304973
617.28564 8.799 0.0051574707 0.1581191449
300.20181 8.715 0.0051574707 0.0015279710
286.20099 9.676 0.0051574707 0.1074715810
453.18585 12.336 0.0051574707 0.0684625696
286.20103 9.535 0.0051574707 0.1059318536
209.03017 5.657 0.0053710938 0.5981322243
569.26508 11.514 0.0053710938 -0.0471595643
388.25410 9.464 0.0062866211 -0.0025276890
191.99763 10.928 0.0062866211 0.0680832679
738.44891 12.651 0.0062866211 0.3749907813
290.13863 10.97 0.0062866211 -0.1624824779
604.13812 8.48 0.0062866211 0.3228064677
288.00378 4.675 0.0062866211 0.8554701755
314.18103 9.221 0.0062866211 -0.0340742501
287.10956 8.45 0.0062866211 0.0481545633
272.16433 10.137 0.0062866211 0.0415137139
131.08252 0.985 0.0067138672 0.2434729440
435.19839 11.83 0.0067138672 0.0212254497
257.02774 4.803 0.0067138672 0.0000000000
324.09111 12.039 0.0067138672 0.0277172915
263.17526 10.779 0.0076293945 0.0672712811
793.36499 8.806 0.0076293945 0.3728961282
233.10721 6.699 0.0076293945 -0.0266348199
189.04672 0.935 0.0076293945 0.6288608931
250.03838 8.012 0.0076293945 0.0212059520
253.05434 6.017 0.0076293945 0.1095896887
446.29603 10.761 0.0076293945 0.0350695777
691.06024 9.046 0.0083618164 0.4981949248
180.05942 1.204 0.0083618164 -0.2192073073
164.95691 2.482 0.0083618164 0.1456042338
231.07733 11.943 0.0083618164 0.0219078395
217.06176 9.907 0.0083618164 0.2171501623
253.09279 5.964 0.0083618164 0.0568332659
101.02426 1.2 0.0083618164 -0.1820340479
370.07357 5.901 0.0091857910 0.1953980750
276.00379 4.592 0.0091857910 0.2123095802
277.08920 2.364 0.0091857910 0.0190518626
108.04423 11.408 0.0091857910 0.1110711486
379.19346 9.538 0.0091857910 0.0570752989
705.32528 9.119 0.0091857910 1.2175123271
158.09236 9.95 0.0091857910 0.0660804027
229.05791 5.313 0.0102539062 0.0623599998
143.03485 0.992 0.0102539062 -0.1434968165
201.02649 10.16 0.0102539062 -0.2557961365
225.06165 1.205 0.0102539062 -0.1794084987
143.03486 0.991 0.0102539062 -0.1434968165
143.03486 0.991 0.0102539062 -0.1434968165
310.21667 9.245 0.0109863281 0.0080931941
128.04530 10.421 0.0109863281 0.0306399023
144.06298 0.713 0.0109863281 -0.0227082881
376.21774 9.262 0.0109863281 0.0451917465
216.06872 8.046 0.0130920410 0.0248257751
396.31046 11.517 0.0130920410 0.1636732053
168.07661 2.356 0.0130920410 0.7784567517
272.13379 2.368 0.0130920410 0.1040764016
88.07559 0.78 0.0130920410 -0.4573065097
191.98266 0.935 0.0130920410 0.1889308896
220.98079 11.494 0.0124511719 -2.3227975185
191.10249 10.256 0.0130920410 0.1270508088
289.06771 9.654 0.0124511719 -26.8536569428
582.15788 10.23 0.0130920410 0.2404135178
564.35886 10.759 0.0155029297 0.0015952746
91.05396 10.004 0.0155029297 0.0456141132
201.03806 1.449 0.0150756836 -0.2198091054
88.03921 2.029 0.0155029297 0.1791347426
203.05251 1.003 0.0155029297 -0.2235985011
176.06577 1.113 0.0155029297 0.2840583894
272.20084 10.484 0.0155029297 0.0433638672
230.08427 9.943 0.0155029297 0.0450811195
344.22784 9.107 0.0155029297 -0.0010640627
332.24300 9.924 0.0155029297 0.2584684138
582.15729 9.277 0.0155029297 0.2557901374
388.25419 9.449 0.0155029297 -0.0009344010
104.07053 0.875 0.0155029297 0.1768146673
480.00681 6.217 0.0155029297 0.0995031365
307.11093 11.428 0.0155029297 0.0639486766
203.05260 0.997 0.0155029297 -0.2235985011
306.08103 11.419 0.0182495117 0.0845694521
256.16943 9.741 0.0182495117 0.0668034242
508.01346 5.713 0.0180664062 0.0487188682
171.02739 2.092 0.0180664062 0.2865931458
145.07600 10.718 0.0182495117 0.0200467608
321.89737 5.269 0.0180664062 0.0332413671
706.32819 8.954 0.0182495117 0.7162564986
101.02432 0.988 0.0180664062 -0.0794356373
113.03080 1.937 0.0182495117 0.3521634836
377.91489 4.919 0.0180664062 0.0860669666
296.20090 9.244 0.0182495117 0.0395158462
308.20093 9.228 0.0182495117 0.1433238528
161.04543 0.992 0.0180664062 -0.0737856429
342.26364 10.588 0.0182495117 0.6395184852
307.11091 10.806 0.0182495117 -0.0285673710
572.35541 12.497 0.0182495117 0.5141364130
174.08828 0.997 0.0180664062 0.3372354894
344.22801 9.105 0.0182495117 -0.0004948461
178.09029 4.179 0.0182495117 0.1397910747
245.12827 10.024 0.0182495117 0.0388084261
551.22772 8.55 0.0213928223 0.3575515194
207.14907 8.611 0.0213928223 0.1149670352
131.08129 8.998 0.0213928223 0.1617858291
186.11247 5.226 0.0213928223 0.0405472698
398.32649 11.304 0.0213928223 0.5618339360
207.07621 8.806 0.0213928223 0.3465062838
314.18100 9.212 0.0213928223 -0.0302714261
153.06584 9.4 0.0213928223 0.0173530338
445.81506 12.734 0.0213928223 0.0000000000
182.10223 1.084 0.0213928223 0.1191493537
246.16996 5.941 0.0213928223 0.1024294158
317.05572 7.921 0.0213928223 0.1505861717
317.14938 10.984 0.0213928223 0.0316453082
417.30441 12.205 0.0213928223 -23.2593490056
209.09206 9.067 0.0249633789 0.0199258656
91.05396 9.695 0.0249633789 0.0385407958
305.22233 11.03 0.0249633789 0.1084686378
582.15797 10.491 0.0249633789 0.1755483584
196.09662 9.84 0.0249633789 0.0450008792
276.10116 7.893 0.0249633789 0.2085573525
113.03078 1.938 0.0249633789 0.3413570792
583.16022 8.649 0.0249633789 0.2404721809
343.12322 5.46 0.0249633789 0.2538837378
308.20098 9.244 0.0249633789 0.1080365116
276.11887 5.255 0.0249633789 0.1123453453
640.16250 9.308 0.0249633789 0.3220905952
316.04490 10.475 0.0255737305 -0.0050916127
246.04396 9.126 0.0255737305 0.0694004686
119.03487 0.991 0.0255737305 -0.1046167833
642.31799 0.711 0.0289916992 0.0209437955
179.09351 9.273 0.0289916992 0.2917469341
264.17474 9.936 0.0289916992 0.1547853900
72.08071 0.917 0.0289916992 0.1508147475
286.17993 9.975 0.0289916992 0.0483847885
207.14903 10.244 0.0289916992 0.0462951771
212.11807 9.798 0.0289916992 0.1934521346
207.01410 0.908 0.0289916992 0.2264990328
130.08616 0.963 0.0289916992 0.2943726972
493.13580 8.792 0.0289916992 0.1852968302
310.20133 9.1 0.0289916992 0.0391614308
177.08682 8.887 0.0289916992 0.3081377430
149.08072 5.991 0.0289916992 0.3053680511
464.08922 11.123 0.0301513672 -0.1332442773
348.89496 2.036 0.0301513672 0.0148411872
103.04006 2.128 0.0301513672 0.6344916917
269.08778 1.414 0.0301513672 -0.3172290700
149.04551 1.551 0.0301513672 -0.2602618498
157.06169 4.523 0.0301513672 0.2308126019
330.91568 12.664 0.0335388184 0.0976375684
434.15768 9.106 0.0335388184 0.1099215920
150.12764 10.599 0.0335388184 0.0644745415
185.09192 7.552 0.0335388184 -0.4210069890
180.10164 9.656 0.0335388184 0.0364186971
239.09126 11.735 0.0335388184 0.0719508313
161.09203 4.717 0.0335388184 0.2196896477
471.19640 11.271 0.0335388184 -0.0920548343
432.27996 10.695 0.0335388184 0.0000000000
102.05483 8.933 0.0335388184 0.2691083426
178.09031 10.06 0.0335388184 0.2888770678
309.12663 11.904 0.0335388184 0.1031384040
361.18300 10.229 0.0335388184 0.1679190364
220.14418 9.691 0.0335388184 0.0349397474
237.08673 7.957 0.0335388184 0.0334891893
159.07624 9.146 0.0335388184 0.2756835546
159.07617 9.025 0.0335388184 0.2769843645
203.04007 4.18 0.0335388184 0.1730786947
640.16271 9.119 0.0335388184 0.4861978044
243.13377 10.443 0.0335388184 0.0761146935
199.06892 9.647 0.0335388184 0.1337633970
202.01221 0.86 0.0353393555 0.1764431642
115.03993 0.99 0.0353393555 -0.1027095564
189.12341 0.99 0.0386352539 0.2824057442
223.14409 9.125 0.0386352539 0.1623223109
179.09099 9.09 0.0386352539 0.2802217198
204.12289 1.12 0.0386352539 0.1551328274
177.10193 10.234 0.0386352539 0.0406757357
177.08678 6.573 0.0386352539 0.1042399371
305.14947 10.889 0.0386352539 0.0405117017
134.04472 2.01 0.0386352539 0.2503281255
220.11785 6.676 0.0386352539 0.1841385335
111.52172 12.498 0.0386352539 -0.3693574503
189.15960 1.36 0.0386352539 0.2008485817
137.04578 8.857 0.0386352539 -0.0228376063
127.05112 0.93 0.0412597656 0.0999570866
73.06475 7.028 0.0443115234 0.0455706696
160.13313 0.929 0.0443115234 0.1875118802
199.06869 9.063 0.0443115234 0.1373958277
114.09122 5.331 0.0443115234 0.1522495708
186.11234 2.243 0.0443115234 0.2277470222
317.14536 3.942 0.0443115234 0.1851946805
99.51218 7.619 0.0443115234 -0.0136979146
131.08142 4.505 0.0443115234 0.1871118937
178.08377 9.047 0.0443115234 0.2952492607
228.12846 0.972 0.0443115234 0.0211124673
430.36731 0.756 0.0443115234 0.0253452226
118.08623 0.915 0.0443115234 0.1923281579
204.12297 0.92 0.0443115234 0.1959208045
324.99643 2.073 0.0479125977 0.1677390391
113.02429 0.991 0.0479125977 -0.0967900729
90.50677 12.471 0.0506591797 -4.9340817067
291.20654 9.885 0.0506591797 0.0250350105
407.18846 10.548 0.0506591797 0.1411522445
233.07664 7.143 0.0506591797 0.0394796687
191.06606 11.966 0.0506591797 0.0763817924
226.12834 4.744 0.0506591797 -0.0804984271
147.11266 1.298 0.0506591797 0.2662034723
299.01967 4.218 0.0506591797 0.1921439157
530.20775 7.351 0.0506591797 0.0222375481
490.28535 11.201 0.0506591797 0.8043115535
133.09701 9.684 0.0506591797 0.2589448816
269.13839 11.789 0.0506591797 0.0055569467
345.07263 11.048 0.0553588867 0.0865371381
289.06943 3.383 0.0553588867 0.0153256642
311.00019 10.587 0.0553588867 -0.0080959956
102.01944 2.648 0.0553588867 0.1515511085
204.05581 1.036 0.0576782227 -0.1619213211
279.11598 10.313 0.0576782227 -0.0231847320
105.05448 1.968 0.0576782227 0.4988877016
406.07755 8.931 0.0576782227 0.1223163093
465.12645 12.602 0.0576782227 -0.3880424149
690.50885 12.897 0.0576782227 0.1040064585
175.05762 0.989 0.0576782227 0.1134709697
86.05991 1.918 0.0576782227 -0.5134600566
279.17010 9.088 0.0576782227 0.1229834485
313.01459 8.756 0.0653991699 0.0487432208
149.11722 7.029 0.0653991699 0.0144336793
147.07632 5.289 0.0653991699 0.1241314901
221.15347 12.88 0.0653991699 -0.1463830720
487.03583 1.444 0.0637207031 -0.1840257858
226.09353 10.051 0.0653991699 0.0228811890
319.20160 9.052 0.0653991699 0.1359848814
235.96117 3.8 0.0653991699 0.0432034530
85.02833 1.167 0.0653991699 -0.1619138560
632.05540 0.993 0.0653991699 -0.2285619818
130.06211 1.029 0.0637207031 0.3242861203
177.14837 10.693 0.0653991699 -0.1611858790
368.27930 10.977 0.0653991699 0.8345943222
211.08237 1.037 0.0637207031 -0.1900500036
409.08652 10.494 0.0739135742 0.1244758143
185.00655 4.81 0.0729980469 -28.1145138850
89.02439 1.449 0.0729980469 -0.1893153974
322.94348 10.845 0.0729980469 -0.0251366504
201.98379 6.282 0.0739135742 0.5011672082
310.11444 1.452 0.0729980469 0.1584167537
120.06550 0.875 0.0739135742 0.1577034473
86.09634 1.065 0.0739135742 0.2567981601
86.09628 1.047 0.0739135742 0.2550581528
119.08140 9.653 0.0739135742 0.1659175023
242.13058 8.916 0.0739135742 -0.8155871190
310.11444 1.459 0.0729980469 0.1601397957
326.23230 10.263 0.0739135742 -0.8446505134
360.23904 9.879 0.0729980469 -0.0348497400
480.15680 12.825 0.0739135742 0.2777942679
175.11892 1.026 0.0832519531 0.0378385781
632.05529 1.0 0.0832519531 -0.2889521334
193.03524 2.468 0.0832519531 0.2793776192
294.20602 6.275 0.0832519531 0.0269027550
75.00862 7.446 0.0832519531 -0.0760698871
265.15854 9.744 0.0832519531 0.1377553659
189.08795 4.9 0.0832519531 0.7717228922
261.14441 5.814 0.0832519531 0.2663391364
231.08377 4.726 0.0832519531 -0.1478973057
778.20494 9.657 0.0832519531 -0.0721597954
211.14407 9.009 0.0832519531 0.1828510190
147.11269 2.171 0.0934448242 0.0937873314
135.10161 5.036 0.0934448242 0.0090350577
582.15784 9.692 0.0934448242 0.1937201095
311.15530 10.615 0.0934448242 0.0327035132
91.50454 9.41 0.0934448242 0.0847391157
213.12320 2.188 0.0934448242 0.0793102496
275.03886 11.955 0.0934448242 0.1282831141
229.56251 1.002 0.0934448242 -0.0729481204
159.05110 3.693 0.0934448242 0.3373990829
241.08692 11.965 0.0946044922 -0.0845773735
102.95671 8.75 0.0946044922 0.1241706998
161.04539 1.564 0.0946044922 -0.0829117083
182.98610 9.194 0.0946044922 27.3074928875
132.10186 1.065 0.1045837402 0.2441706464
243.11284 11.056 0.1045837402 0.0305982668
252.12307 9.556 0.1045837402 0.0685087510
101.07896 2.801 0.1045837402 -0.6395978879
129.06569 0.987 0.1045837402 0.2184890962
100.07559 2.81 0.1045837402 -0.5605463128
308.18542 9.698 0.1045837402 0.0111159769
584.16293 9.677 0.1045837402 0.0963503497
197.12923 6.244 0.1045837402 0.0505699126
414.33618 10.38 0.1045837402 -0.0461302384
129.05452 7.943 0.1045837402 0.0678393338
315.04139 9.462 0.1069946289 -0.0719642584
131.03477 0.991 0.1069946289 -0.0624914871
174.04068 9.047 0.1069946289 0.1404320239
387.11466 5.628 0.1069946289 -0.2458371858
116.07153 0.909 0.1069946289 0.3440141441
261.94159 4.797 0.1069946289 0.0000000000
363.16229 10.301 0.1166687012 0.0829140479
426.35752 12.401 0.1166687012 1.1346800466
432.14178 9.674 0.1166687012 0.0225435475
304.15421 10.089 0.1166687012 0.0529551123
127.03890 1.207 0.1166687012 -0.1170350559
401.24885 9.151 0.1166687012 0.1025343954
509.38014 12.432 0.1166687012 0.0427248266
344.20657 10.379 0.1166687012 0.0275669064
635.06930 10.43 0.1166687012 0.0706872695
167.08539 12.572 0.1166687012 -0.1435915596
612.36945 9.954 0.1166687012 0.1135506245
486.24869 9.759 0.1166687012 0.1129235016
88.11195 0.79 0.1166687012 0.2611653927
324.19171 10.394 0.1166687012 0.1613595528
227.89438 8.954 0.1205444336 -0.1035035581
194.92729 4.977 0.1205444336 1.0099147028
255.82195 4.296 0.1205444336 -0.0794064315
405.01419 1.275 0.1205444336 0.0934918527
329.08807 11.946 0.1205444336 0.0737471014
210.06989 1.178 0.1205444336 0.2347144838
162.83902 11.979 0.1205444336 -0.0359730270
145.09707 0.931 0.1297302246 0.2158863466
317.05589 8.206 0.1297302246 0.0499401572
379.28156 0.626 0.1297302246 0.1388337648
215.17541 7.058 0.1297302246 0.0409256181
335.19002 11.609 0.1297302246 0.2224333881
217.04941 1.246 0.1297302246 0.1512089437
166.05314 0.939 0.1297302246 0.1605986056
551.22836 9.747 0.1297302246 0.0946310082
175.04773 9.931 0.1297302246 0.1419343436
155.15427 5.154 0.1297302246 -0.0143574607
179.08727 9.381 0.1297302246 0.1343534022
303.20673 9.547 0.1297302246 0.0654869195
449.30468 12.874 0.1297302246 0.0848027192
349.08928 10.373 0.1297302246 0.0615403539
175.09635 5.995 0.1297302246 0.0928698838
275.05621 0.754 0.1353759766 -0.0092393815
179.05607 7.974 0.1353759766 -0.1068871487
311.00018 10.361 0.1353759766 -0.0033015382
96.96958 2.479 0.1353759766 0.1307436869
170.15375 8.756 0.1438598633 0.0721033928
133.10515 1.114 0.1438598633 0.3536432319
298.18579 10.238 0.1438598633 0.6515625087
240.11491 9.07 0.1438598633 0.0408667335
202.17990 9.685 0.1438598633 0.0455007909
366.11176 6.382 0.1438598633 0.1486342682
375.16199 11.717 0.1438598633 0.0294535617
217.04958 0.799 0.1438598633 -0.1265352727
320.13331 1.017 0.1438598633 -0.2270506969
193.09709 3.414 0.1438598633 0.0102284867
105.03673 2.076 0.1438598633 0.0744481281
437.29077 11.98 0.1514282227 -0.0305465527
162.07700 0.889 0.1514282227 -0.1019747358
249.02274 11.666 0.1514282227 0.0211007922
437.93057 3.589 0.1514282227 0.0796889824
208.06134 11.426 0.1514282227 0.0251258435
379.97192 3.482 0.1514282227 0.0398512595
187.99651 0.829 0.1514282227 0.1158732564
153.12730 10.118 0.1590576172 -0.1105829561
188.16425 9.634 0.1590576172 0.0158340741
147.07643 0.914 0.1590576172 0.0784069491
302.01923 4.916 0.1590576172 0.2646035990
437.23557 9.826 0.1590576172 0.0018352762
117.09095 7.027 0.1590576172 -0.0055011546
146.08114 0.943 0.1590576172 0.1714875190
320.20668 12.357 0.1590576172 0.0499029745
138.05490 5.226 0.1590576172 -0.2909165732
694.92303 12.344 0.1590576172 0.0434033308
195.12266 6.237 0.1590576172 0.0336206713
204.15923 8.684 0.1753540039 0.0244660213
282.11969 8.251 0.1753540039 0.0016148875
102.95672 6.736 0.1688232422 0.1428149869
204.01919 9.981 0.1753540039 0.0218599164
445.07303 5.714 0.1688232422 0.0381579317
428.05961 8.554 0.1753540039 0.6719222496
114.06612 1.012 0.1753540039 0.0973523058
420.92733 9.22 0.1688232422 0.0616576133
166.08610 7.964 0.1753540039 0.0332730314
108.94851 0.711 0.1753540039 0.1117558392
102.95673 5.012 0.1688232422 0.1799398895
635.06932 10.199 0.1753540039 0.0457558061
295.12886 9.271 0.1753540039 0.0621144504
524.15241 10.436 0.1753540039 0.0510097418
349.60466 1.028 0.1753540039 0.1364120250
548.29046 12.305 0.1753540039 0.0987744156
397.17136 10.833 0.1688232422 0.0311916483
157.01166 1.778 0.1688232422 -0.2431560791
111.02019 7.619 0.1753540039 0.0205148295
264.07714 0.994 0.1688232422 0.3151252703
130.08608 3.859 0.1753540039 0.0669018570
506.20748 7.308 0.1753540039 0.0973218566
756.24129 8.822 0.1753540039 0.1142183306
276.19543 8.459 0.1753540039 0.0698584493
226.08222 7.649 0.1753540039 0.0268319176
323.19003 11.58 0.1928100586 0.2632184953
726.82403 0.698 0.1928100586 -0.0771833980
416.37491 11.688 0.1876220703 0.0245586734
100.07559 1.37 0.1928100586 0.1060535411
384.11905 1.015 0.1928100586 -0.1443170745
198.04960 1.023 0.1876220703 0.2042958413
261.21717 11.699 0.1928100586 0.0798589778
180.08652 1.003 0.1928100586 -0.1968401659
189.08695 10.311 0.1928100586 0.1440830655
317.05597 8.648 0.1928100586 0.0307666576
672.85934 0.671 0.1876220703 0.0491750102
87.00860 1.205 0.1876220703 -0.1593979369
255.82197 4.751 0.1876220703 -0.1171077406
183.09899 6.515 0.1928100586 -0.0418771743
225.04926 4.79 0.1876220703 0.0929895282
451.21470 10.875 0.1928100586 0.0371179782
667.32529 0.715 0.1928100586 0.1895104646
127.03885 1.001 0.1928100586 -0.3736304552
340.13251 6.956 0.1928100586 0.0513305235
191.06619 1.892 0.1928100586 0.1247908566
354.93174 12.592 0.1928100586 0.1200563252
165.01160 11.331 0.1928100586 0.0856128943
229.11827 0.988 0.2114257812 0.1951443914
272.94442 0.605 0.2114257812 0.0581482477
363.06231 1.036 0.2077636719 0.2906333262
258.11248 9.938 0.2114257812 0.0162610718
205.08168 1.646 0.2114257812 0.0218988934
196.09682 7.784 0.2114257812 0.0537044122
340.26912 12.54 0.2114257812 0.0608311445
115.03881 4.262 0.2114257812 -0.0383172171
612.85868 0.702 0.2077636719 0.0415809685
219.12255 11.03 0.2114257812 0.0000000000
302.01938 5.534 0.2114257812 0.2957527752
311.00842 7.066 0.2114257812 0.0494320992
209.83365 4.953 0.2077636719 0.0918583831
168.09294 7.024 0.2114257812 0.1038783252
247.03088 1.446 0.2077636719 -0.0987006437
434.21735 8.685 0.2114257812 0.0821093991
125.02431 1.208 0.2077636719 -0.1032378371
780.21894 9.092 0.2114257812 0.1564193948
314.23240 10.038 0.2114257812 0.3589611179
279.13378 10.427 0.2114257812 0.1044444364
352.16861 12.568 0.2312011719 0.0269843647
138.05484 4.812 0.2312011719 -0.0353413799
102.95674 5.952 0.2293090820 0.1445097868
421.20414 10.379 0.2312011719 0.0370058474
97.02825 1.049 0.2312011719 -0.1280023124
416.35181 10.38 0.2312011719 -0.0191139554
223.98822 12.487 0.2312011719 0.3545834684
353.16799 1.006 0.2293090820 -0.0433298670
345.07272 11.44 0.2293090820 0.0260796919
283.01366 7.055 0.2312011719 0.0247542275
247.08243 10.759 0.2293090820 -0.0537191579
266.08820 1.001 0.2293090820 0.1596501331
113.09592 6.146 0.2312011719 -0.7601721528
360.99793 9.63 0.2293090820 -0.0025761296
698.16849 9.637 0.2312011719 0.2315384769
200.23726 9.743 0.2312011719 0.0285405070
190.15486 1.3 0.2312011719 -1.0534976398
166.94304 3.234 0.2312011719 -0.0704263383
249.10805 2.365 0.2522277832 0.1228660382
200.54568 1.004 0.2522277832 -0.1780904825
461.80297 1.263 0.2522277832 0.6925549921
95.01369 0.988 0.2523803711 0.0371898380
157.14146 7.82 0.2522277832 0.0187749417
360.02505 8.292 0.2522277832 -0.0531219673
130.05081 0.9 0.2523803711 0.1142314673
382.34265 11.093 0.2522277832 0.0260325453
382.14517 12.078 0.2523803711 0.1915598600
116.92850 11.957 0.2523803711 -0.1944427849
652.33835 11.955 0.2522277832 0.0394379617
104.03526 0.832 0.2523803711 0.0840900334
226.95144 0.643 0.2522277832 -0.0845211401
358.25885 9.566 0.2522277832 0.0350017480
116.07055 0.913 0.2522277832 0.0909393647
146.93846 9.294 0.2523803711 -0.1117445062
195.05086 2.523 0.2523803711 -0.1235407809
150.05495 10.804 0.2522277832 0.1726672950
174.12357 5.985 0.2522277832 0.1029842971
97.02831 0.999 0.2522277832 -0.1825280522
288.21670 9.624 0.2522277832 0.1548670158
305.06317 10.048 0.2522277832 0.0273480142
508.08591 1.012 0.2522277832 -0.0820756311
365.10514 4.803 0.2522277832 -0.0356378545
393.11557 10.785 0.2744445801 0.0552357053
608.38342 11.87 0.2744445801 0.0374953663
515.56788 1.001 0.2744445801 -0.2751004517
180.08653 1.783 0.2744445801 -0.2149135014
120.08070 7.05 0.2744445801 0.0113361537
190.11859 1.167 0.2744445801 0.0818474662
367.10513 0.988 0.2768554688 0.1637804792
165.04176 12.772 0.2768554688 0.0679033996
415.25378 9.765 0.2744445801 0.0059781678
210.13340 6.021 0.2744445801 0.0351997289
279.01201 9.316 0.2744445801 0.0587403544
367.10526 0.978 0.2768554688 0.1637184309
421.16730 12.055 0.2744445801 0.0375681016
210.05010 7.041 0.2744445801 0.0659897686
210.05015 7.025 0.2744445801 0.0661714570
423.12576 9.396 0.2768554688 0.0483449756
242.98246 7.374 0.2744445801 0.0560263767
583.15175 9.301 0.2768554688 0.7334597723
698.16820 9.398 0.2744445801 0.1620716664
255.04329 11.107 0.2744445801 0.0529250823
99.09158 0.871 0.2744445801 -0.1735113227
219.19531 12.438 0.2744445801 -1.4352261368
695.42517 12.546 0.2744445801 0.0287136064
226.92738 2.457 0.2768554688 0.1600900622
145.07600 11.109 0.2744445801 0.0296054489
360.96807 11.999 0.2978515625 0.0307197570
522.20241 6.584 0.2978515625 -0.1537306198
246.97734 4.126 0.2978515625 0.0555633282
279.18024 10.347 0.2978515625 -0.0026134391
298.05252 1.172 0.2978515625 0.0787940838
211.10753 8.605 0.2978515625 0.4304256194
347.84913 2.085 0.2978515625 0.0370667718
156.96584 6.254 0.2978515625 -0.0020325495
415.54919 1.007 0.2978515625 -0.0843242982
663.43469 12.755 0.2978515625 0.1103375865
248.16462 9.682 0.2978515625 0.0487399934
163.06002 1.001 0.2978515625 -0.1145899999
303.91345 1.715 0.3027954102 0.2552629449
174.95605 1.643 0.3027954102 0.1042331331
125.87298 8.404 0.3027954102 -0.0322202157
158.04011 0.897 0.3225097656 0.1105721612
136.04800 1.494 0.3225097656 0.0771463297
172.20593 8.813 0.3225097656 0.0975784753
238.09924 7.85 0.3225097656 0.0224974180
145.12218 6.4 0.3225097656 -0.6505308045
132.07667 1.015 0.3225097656 0.0715143990
161.96956 5.914 0.3225097656 -0.0113637072
85.02830 0.999 0.3225097656 -0.1527174989
223.96317 2.425 0.3225097656 0.1383653766
131.07020 9.176 0.3225097656 0.0098918072
225.93234 3.726 0.3225097656 0.0166220817
198.09718 1.002 0.3225097656 -0.1133357202
399.49400 1.286 0.3225097656 -0.9963229625
131.04616 0.888 0.3302612305 0.1436422757
187.94177 12.093 0.3302612305 -0.0068228003
232.05761 9.265 0.3302612305 0.0599199343
725.29382 9.519 0.3302612305 -29.1988260710
206.10331 0.816 0.3302612305 -0.1080228557
206.10339 0.808 0.3302612305 -0.1070541008
215.86845 7.975 0.3302612305 -0.0702924278
187.87337 8.733 0.3302612305 -0.0786630311
183.11264 6.732 0.3483886719 0.1038397016
219.07628 10.787 0.3483886719 -0.0774074751
242.98224 6.978 0.3483886719 0.1182656608
318.05966 8.714 0.3483886719 0.0066146780
293.09537 12.356 0.3483886719 0.0259890283
333.11538 10.392 0.3483886719 0.2907054586
117.06976 7.935 0.3483886719 0.0512945968
349.10883 0.973 0.3483886719 0.0306751659
487.28036 11.49 0.3483886719 0.1100664180
152.05663 10.045 0.3483886719 0.0405429880
185.12834 7.4 0.3483886719 0.1775027749
449.11725 0.993 0.3483886719 -0.0020815562
180.01162 0.852 0.3483886719 -0.1695651221
417.03007 9.815 0.3483886719 -0.0088056336
222.99521 11.996 0.3483886719 0.0206448314
172.13321 4.594 0.3483886719 0.0274536045
145.04945 1.0 0.3483886719 -0.2272286890
146.11750 0.877 0.3483886719 0.0815611910
294.14084 3.52 0.3483886719 -0.0382620491
148.06036 0.977 0.3483886719 0.1103057638
196.09681 9.124 0.3483886719 0.0981565334
258.12554 8.709 0.3483886719 0.0569772577
145.04935 0.994 0.3483886719 -0.2272286890
187.04184 1.45 0.3591308594 -0.0326475917
102.95673 6.96 0.3591308594 0.1282972982
190.92831 11.975 0.3591308594 0.3453604709
307.16514 10.397 0.3754577637 0.0849726589
236.58849 1.017 0.3754577637 -0.0032338668
133.06070 0.894 0.3754577637 0.0463561544
176.12802 0.894 0.3754577637 0.1089935181
272.07651 7.249 0.3754577637 -0.0159069320
240.15945 8.688 0.3754577637 0.0768733447
185.03049 9.821 0.3754577637 -0.0073643719
250.17998 7.782 0.3754577637 0.0793750173
256.10980 7.843 0.3754577637 0.0190088117
328.10279 10.232 0.3754577637 0.0297803457
196.14204 0.68 0.3754577637 -0.0211580447
372.25923 10.504 0.3754577637 0.0329512926
139.53088 1.201 0.3754577637 -0.0629776714
652.35148 0.688 0.3754577637 -0.0817727176
725.33099 11.1 0.3754577637 0.0783302033
725.33091 10.798 0.3754577637 0.0821772849
168.12290 3.516 0.3754577637 0.0676708958
111.02004 12.395 0.3754577637 -3.7165940039
217.05670 5.627 0.3754577637 0.0238346680
143.10651 6.511 0.3754577637 0.0028680887
489.16273 12.42 0.3754577637 0.0517491072
106.04982 0.84 0.3754577637 0.1188032463
137.04564 10.098 0.3754577637 0.1629492419
783.81581 0.699 0.3754577637 -0.2169474283
434.87184 1.655 0.3894042969 0.5052399010
165.01913 9.687 0.3894042969 0.1406082343
419.04828 1.448 0.3894042969 -0.2097473317
526.33502 11.108 0.3894042969 -0.2424538479
150.02283 0.922 0.3894042969 0.1158341695
255.82207 3.971 0.3894042969 -0.0239943153
228.99393 11.618 0.3894042969 -0.0704817880
439.68412 3.58 0.3894042969 0.0032962421
140.07022 1.01 0.4037475586 -0.0864467764
101.05956 10.514 0.4037475586 -0.0287579934
140.07021 1.019 0.4037475586 -0.0839337613
140.07027 1.006 0.4037475586 -0.0883317402
150.05492 9.579 0.4037475586 0.0179829791
104.10691 0.751 0.4037475586 0.1642955222
557.34613 12.217 0.4037475586 0.0120987480
408.08248 9.042 0.4037475586 0.0425086556
780.21934 9.608 0.4037475586 0.0387629065
107.04896 8.69 0.4037475586 0.1252077854
107.07014 1.305 0.4037475586 0.0601041023
156.07664 1.417 0.4037475586 0.1380808153
126.10252 0.936 0.4037475586 0.0367653055
247.07118 11.161 0.4037475586 -0.1273206755
780.21936 9.632 0.4037475586 -0.0156016137
79.51944 1.507 0.4037475586 0.1435539907
205.10695 10.206 0.4037475586 -0.1448982186
294.20617 9.687 0.4037475586 -0.0069398777
178.08624 9.139 0.4037475586 0.0491206469
242.98245 7.562 0.4037475586 0.1631713999
175.10759 1.012 0.4037475586 0.1028743019
225.07557 11.622 0.4037475586 0.0611170107
269.08932 8.607 0.4037475586 0.0790149541
146.96114 0.743 0.4212036133 -0.0693125462
187.87340 8.427 0.4212036133 -0.0792241384
88.04027 1.037 0.4212036133 0.0937025874
699.36720 0.627 0.4212036133 -0.1244765936
518.83193 1.289 0.4212036133 0.1968062237
502.85944 1.678 0.4212036133 0.4971182451
454.24306 9.525 0.4331970215 0.0281854522
302.23231 9.527 0.4331970215 0.1339529225
647.41104 12.469 0.4331970215 -0.0566332188
206.10229 7.942 0.4331970215 0.3243740567
253.11829 6.707 0.4331970215 0.0162026484
297.98553 8.106 0.4331970215 0.1066689618
383.24276 12.069 0.4331970215 0.0148343499
165.11209 5.944 0.4331970215 0.1684070846
269.12445 6.202 0.4331970215 0.0815406658
213.03271 11.009 0.4331970215 0.0251226210
229.56254 1.202 0.4331970215 -0.1218077890
206.10211 8.266 0.4331970215 0.0312620705
303.22939 0.639 0.4331970215 -0.0465820791
567.39009 0.618 0.4331970215 -0.0308849935
321.13092 8.71 0.4331970215 -0.0092799370
167.09123 2.306 0.4331970215 -0.0367787611
269.05336 10.389 0.4331970215 -0.1124345621
421.20432 9.899 0.4331970215 0.0958368292
205.06813 0.998 0.4331970215 0.0197912778
377.14150 10.798 0.4331970215 0.2968695824
99.04488 1.009 0.4542846680 0.2274104790
721.86372 0.651 0.4542846680 -0.0319711605
242.02522 10.323 0.4542846680 -0.0016025912
409.06754 1.095 0.4542846680 0.0973980021
387.28674 11.884 0.4542846680 0.0085059751
374.59629 1.031 0.4637451172 -0.0778757791
256.93816 2.426 0.4637451172 0.0750688079
314.34186 10.586 0.4637451172 0.1021775029
258.10995 0.974 0.4637451172 -0.1949692262
189.95895 3.192 0.4637451172 -0.0336295698
267.17197 12.682 0.4637451172 0.0556387861
689.95621 12.574 0.4637451172 0.0946061146
90.52582 0.761 0.4637451172 0.1113749901
119.07014 6.478 0.4637451172 0.0367885206
144.06544 5.699 0.4637451172 -0.1286898306
332.19155 8.904 0.4637451172 0.0186933644
83.03560 0.578 0.4637451172 0.0082358190
635.06859 9.138 0.4637451172 0.0200433433
111.02000 9.054 0.4637451172 -0.0444749366
272.17023 7.569 0.4637451172 -0.0437880077
199.96928 8.234 0.4887084961 -0.0213404429
327.93213 5.808 0.4887084961 0.0031113488
130.04974 4.011 0.4954223633 0.1216477980
323.14249 11.965 0.4954223633 0.1563383185
181.06275 0.995 0.4887084961 -0.0847948108
278.19036 9.315 0.4954223633 0.0014000983
92.52214 1.525 0.4954223633 0.0772155938
231.17020 3.973 0.4954223633 0.0192816800
397.11301 1.167 0.4954223633 0.0768158311
379.17993 11.998 0.4954223633 0.1234099940
197.12844 8.684 0.4954223633 0.0599610522
199.09645 9.587 0.4954223633 -0.0375253217
269.02976 10.317 0.4954223633 0.0018382591
195.11263 6.089 0.4954223633 0.0220223970
283.16937 12.138 0.4954223633 0.1569295483
101.07077 0.99 0.4954223633 0.0594240070
237.08688 10.308 0.4954223633 0.1477939509
85.07597 9.659 0.4954223633 0.0829633737
162.07594 1.02 0.4954223633 -0.0765119189
76.03924 0.818 0.4954223633 0.0138499802
237.12318 6.91 0.4954223633 -0.0074528605
146.08105 6.033 0.4954223633 0.0617858532
473.97051 0.82 0.4887084961 -0.0766162257
205.06814 1.161 0.4954223633 -0.0278188289
508.35937 12.585 0.4954223633 -0.1285434744
242.28430 9.88 0.4954223633 0.0276014642
209.83377 4.275 0.4887084961 0.0414120765
418.95567 10.153 0.4954223633 -0.0281604786
284.17018 9.876 0.4954223633 -0.3711298756
447.08203 1.032 0.4954223633 0.0057393239
261.09446 1.214 0.4954223633 -0.0873830053
525.28825 10.405 0.4954223633 -0.0011265558
128.03523 4.581 0.5244750977 0.0691905621
152.03747 0.922 0.5281677246 -0.1446486760
182.08107 8.577 0.5281677246 0.0771965538
195.99212 3.004 0.5244750977 -0.1221228689
98.98413 2.329 0.5281677246 0.0317594119
315.04155 8.621 0.5244750977 0.2021825229
144.10184 1.135 0.5281677246 -0.1111900350
102.12759 12.537 0.5281677246 0.8424593731
236.22177 12.503 0.5281677246 0.1615058634
441.19742 11.281 0.5244750977 0.0250319774
233.12847 10.953 0.5281677246 0.0149019652
432.04721 8.318 0.5281677246 0.0638913060
463.48311 1.347 0.5281677246 -0.1507118419
212.11265 2.743 0.5281677246 0.0562335891
338.11688 6.931 0.5281677246 -0.0082281702
189.14840 10.117 0.5281677246 -0.0761316436
102.95662 5.572 0.5244750977 0.0867886439
269.08792 0.988 0.5244750977 0.0087983388
334.12581 1.044 0.5244750977 -0.0708259230
386.29016 12.02 0.5281677246 -0.0002767772
176.10292 0.994 0.5281677246 0.1083006074
390.87042 6.254 0.5244750977 -0.2397132422
87.05520 0.896 0.5281677246 0.0576723011
92.04305 1.438 0.5244750977 0.0071317610
438.97194 1.517 0.5244750977 0.1178655182
279.13399 9.833 0.5281677246 -0.0104567527
412.86265 1.253 0.5281677246 -0.0038970951
248.96050 0.661 0.5614013672 0.0146301851
197.80798 4.227 0.5614013672 0.0705103147
112.98560 0.672 0.5614013672 -0.0211132061
487.62840 3.778 0.5614013672 -0.0421743601
258.91731 1.113 0.5614013672 0.0527671791
134.89444 9.219 0.5614013672 -0.1632038881
159.07629 1.01 0.5618896484 -0.0781684613
85.02931 0.991 0.5614013672 -0.0266266923
440.02592 5.068 0.5614013672 0.0162891547
145.06186 0.91 0.5614013672 0.0155422985
331.09246 10.166 0.5618896484 0.0197966247
309.18085 10.921 0.5618896484 -0.0506356630
111.02014 10.424 0.5618896484 0.0279449428
180.06885 1.005 0.5618896484 -0.1482921759
504.99519 10.333 0.5618896484 -0.0353020737
89.05965 3.335 0.5618896484 0.0210933303
312.21699 8.835 0.5618896484 0.1166181665
553.88232 12.299 0.5618896484 0.0398353929
145.08582 10.901 0.5618896484 0.2296817931
235.07137 9.931 0.5618896484 0.0271385679
182.98867 11.912 0.5994873047 0.0091514591
336.85871 2.805 0.5994873047 -0.0057677667
422.92822 10.675 0.5965881348 0.0971086658
353.14236 11.998 0.5994873047 -0.0087194276
227.17524 7.949 0.5965881348 -0.0136380043
132.03019 2.166 0.5994873047 0.1081664917
173.09203 1.034 0.5965881348 -0.0043588477
171.09920 7.29 0.5965881348 0.0078474892
297.98564 9.851 0.5965881348 -0.0473419089
410.56647 0.991 0.5965881348 -0.1038042987
437.23540 10.424 0.5965881348 0.3780407743
91.00367 9.096 0.5994873047 -0.0001865452
93.07378 0.817 0.5965881348 -0.0084827560
233.00668 11.007 0.5965881348 0.0444528986
221.05066 7.947 0.5965881348 0.1293109789
135.02986 1.549 0.5994873047 0.1075040314
258.15450 8.641 0.5965881348 -0.2227267323
81.52054 0.787 0.5965881348 0.0553328371
241.15468 4.688 0.5965881348 -0.0119968776
184.04007 6.249 0.5965881348 -0.0170042536
190.92843 10.84 0.5994873047 -0.0383608039
132.06535 4.662 0.5965881348 -0.1036094103
187.07130 10.882 0.5965881348 0.0974131028
160.93532 9.172 0.5994873047 0.1003053826
719.96772 12.469 0.5965881348 0.0350574499
271.18060 10.852 0.5965881348 -0.0023118046
191.08147 10.173 0.5965881348 -0.0266857734
245.21100 12.02 0.5965881348 -0.4891296680
426.21209 8.442 0.5965881348 0.0332574930
118.06085 1.015 0.5965881348 0.1764285843
228.99405 11.33 0.5994873047 -0.0589992899
190.92842 5.012 0.5994873047 0.0535801322
153.06571 9.803 0.5965881348 0.1315744907
268.15443 8.687 0.6321716309 0.0000000000
181.05831 4.499 0.6321716309 0.0427063227
262.18017 8.577 0.6321716309 0.0160137792
223.09228 0.991 0.6321716309 0.0519577494
146.05992 10.774 0.6321716309 0.0572467220
239.12775 12.444 0.6321716309 0.0190108544
326.70016 9.515 0.6321716309 0.0217626038
141.06581 4.488 0.6321716309 0.1528756145
146.06332 5.783 0.6321716309 -0.3352800249
504.99520 10.63 0.6321716309 -0.0205050826
199.10043 1.206 0.6321716309 -0.0239285906
281.15950 9.565 0.6321716309 -0.0015947207
271.09953 11.391 0.6321716309 0.0194774911
244.07913 1.192 0.6321716309 -0.0245047063
635.06921 9.54 0.6321716309 -0.0121244321
316.04492 9.022 0.6386718750 -0.0290759064
190.92839 9.84 0.6386718750 -0.0709998920
209.94902 5.841 0.6386718750 0.0267218199
146.96100 1.206 0.6386718750 -0.0281784142
315.04150 8.971 0.6386718750 -0.0975930470
261.12341 10.988 0.6685485840 0.2153100159
307.14011 10.363 0.6685485840 0.0257428890
385.90170 1.566 0.6685485840 0.1628898450
416.28513 11.536 0.6685485840 -1.1905878244
131.54204 0.971 0.6685485840 -0.1001241827
379.14916 11.813 0.6685485840 0.0227524321
115.07521 4.193 0.6685485840 0.0243070594
71.06032 9.925 0.6685485840 -0.1179778153
178.05854 1.363 0.6685485840 0.2388878573
126.97134 0.92 0.6685485840 0.0127943746
230.24769 11.321 0.6685485840 0.0003927506
126.97144 0.943 0.6685485840 0.0126829102
163.09646 8.511 0.6685485840 -0.0000712132
90.50687 7.619 0.6685485840 -0.0156516371
418.16272 8.633 0.6685485840 0.0491158429
118.04970 3.758 0.6685485840 0.0118715258
793.31830 11.544 0.6685485840 0.0011272634
396.45639 11.969 0.6685485840 0.0767632388
230.98854 11.635 0.6685485840 0.0163714951
310.14136 10.22 0.6685485840 0.0172036656
290.26883 12.224 0.6685485840 -1.0836602489
231.93167 11.489 0.6787719727 -0.0621928559
665.37395 0.645 0.6787719727 -0.0391833087
214.03322 0.96 0.6787719727 0.0981466020
190.92833 2.326 0.6787719727 -0.0772540073
311.00024 10.987 0.6787719727 -0.0024516619
257.09938 9.828 0.7057189941 0.1274488301
382.58487 0.991 0.7057189941 0.0380434971
270.19113 8.84 0.7057189941 0.0111290085
193.09712 6.272 0.7057189941 0.0252883006
247.14414 10.417 0.7057189941 0.0188788762
372.25891 11.165 0.7057189941 0.0997120696
333.14431 9.911 0.7057189941 0.0801535990
259.18052 10.234 0.7057189941 0.0000000000
522.08875 9.141 0.7057189941 0.0002318815
401.15295 10.707 0.7057189941 -0.0018737319
165.06909 3.268 0.7057189941 -0.0064488246
331.17529 11.712 0.7057189941 0.0788245392
190.92841 8.648 0.7197265625 -0.0316054789
307.85583 8.541 0.7197265625 -0.0463063562
195.05092 2.207 0.7197265625 0.0339365125
321.89743 5.763 0.7197265625 -0.0050479864
146.93845 2.351 0.7197265625 0.0572383614
132.99174 11.641 0.7197265625 -0.0194931224
471.24462 10.798 0.7197265625 0.0156990507
188.93295 2.197 0.7197265625 0.0266226574
309.11905 9.619 0.7197265625 -0.0009125757
129.06566 9.317 0.7435607910 -0.0554194692
171.14906 0.951 0.7435607910 0.0440209071
396.03459 4.792 0.7435607910 -0.0086091596
210.13344 8.407 0.7435607910 -0.0772833321
227.03508 9.688 0.7435607910 -0.0102501596
307.24774 12.579 0.7435607910 -0.0705875180
659.33848 0.69 0.7435607910 -0.0767880081
117.08494 1.011 0.7435607910 0.0045693222
258.15462 8.299 0.7435607910 0.0033995058
160.07973 4.375 0.7435607910 0.0414660111
209.13823 7.93 0.7435607910 -0.0099901750
569.31421 11.238 0.7435607910 -0.0005217531
414.30011 11.739 0.7435607910 0.0185235381
146.96129 2.582 0.7435607910 -0.0683347817
284.17015 9.68 0.7435607910 0.0303235943
78.91870 3.875 0.7615356445 -0.0332870597
154.06217 1.055 0.7615356445 -0.0718505310
124.00731 0.904 0.7615356445 0.1440047651
237.89749 2.487 0.7615356445 -0.0121474273
310.99992 9.847 0.7615356445 -0.0170658627
173.09307 1.007 0.7615356445 -0.0243091344
317.18723 11.592 0.7615356445 0.0194330369
199.03354 0.882 0.7615356445 0.0780913052
277.15562 9.231 0.7615356445 0.0120808219
185.11830 12.558 0.7615356445 0.0463942306
466.81659 1.86 0.7615356445 -0.0056300601
707.35472 0.668 0.7615356445 -0.0770452161
203.00457 1.459 0.7615356445 -0.0093739526
189.12329 3.624 0.7819519043 -0.0959548143
200.10289 1.337 0.7819519043 -0.0627178498
239.14878 8.324 0.7819519043 0.0205010243
88.07557 0.874 0.7819519043 0.0012746221
250.17998 6.152 0.7819519043 -0.0013942967
356.27935 11.065 0.7819519043 -0.1091314410
162.07595 3.034 0.7819519043 0.0254821758
245.21099 11.725 0.7819519043 0.0884594206
197.06686 8.384 0.7819519043 -0.0064295085
200.07224 9.616 0.7819519043 0.0260309945
219.07643 9.969 0.7819519043 -0.0239307412
189.13456 6.238 0.7819519043 -0.0455990428
81.52049 1.948 0.7819519043 0.0332934444
223.11742 8.987 0.7819519043 0.2973650162
90.05492 0.83 0.8208923340 0.0145363898
169.97727 2.61 0.8208923340 0.0128470232
197.15340 12.767 0.8208923340 0.0310792182
136.04808 1.003 0.8208923340 0.0171733167
180.13815 10.712 0.8208923340 0.0145471002
190.92835 1.975 0.8039550781 -0.0478081548
487.30560 11.514 0.8039550781 -0.0041813053
258.91571 10.016 0.8039550781 -0.0323671557
318.22760 10.422 0.8208923340 0.0110283557
575.39471 12.566 0.8208923340 -0.0123053299
183.07790 9.596 0.8208923340 0.0577677896
328.24829 9.581 0.8208923340 -0.0087924538
388.87366 2.809 0.8039550781 0.0083615622
256.01510 9.976 0.8208923340 -0.0417001799
241.10289 0.989 0.8208923340 -0.0343388286
310.17598 10.833 0.8208923340 -0.3926167170
217.11826 7.86 0.8208923340 -0.0266637115
480.15680 12.579 0.8208923340 0.0719198513
133.08579 6.236 0.8208923340 0.0119020175
458.98352 1.44 0.8039550781 0.0647081305
348.98978 11.448 0.8208923340 -0.0326149228
229.15463 3.876 0.8208923340 0.0341542105
173.10430 1.503 0.8039550781 -0.1023981394
309.18077 10.914 0.8208923340 0.0102730136
270.08905 11.955 0.8208923340 0.0020534968
205.08172 2.444 0.8208923340 -0.0437623057
132.99174 11.311 0.8039550781 -0.0712588707
193.10697 8.321 0.8208923340 0.0077559341
426.21226 8.517 0.8208923340 0.0197172211
316.94798 0.643 0.8039550781 0.0136034502
219.96644 7.563 0.8208923340 -0.0573563799
76.07560 0.762 0.8208923340 -0.1174930476
199.10770 8.742 0.8208923340 -0.0075436177
209.10183 7.667 0.8208923340 -0.0485520699
427.21881 10.726 0.8039550781 -0.0306332396
200.07205 9.032 0.8208923340 0.0388786054
267.84787 4.643 0.8469238281 -0.0560855653
281.24847 0.429 0.8469238281 0.0050901778
364.09756 6.636 0.8469238281 0.0117127965
173.92616 11.435 0.8469238281 0.0312368765
297.04541 6.041 0.8469238281 -0.0884146107
336.85849 10.106 0.8469238281 -0.0162793012
244.15546 11.136 0.8469238281 0.0045715700
129.93629 10.623 0.8469238281 0.0018579702
278.17495 7.936 0.8602600098 -0.0067896135
180.06532 8.396 0.8602600098 0.0784903633
165.07559 2.494 0.8602600098 -0.0599792202
241.03105 1.001 0.8602600098 0.0348675667
257.09930 9.85 0.8602600098 0.0829017145
328.24808 10.663 0.8602600098 0.1055306469
250.18018 7.42 0.8602600098 0.0056100074
198.12756 10.512 0.8602600098 -0.0057255209
260.16772 11.756 0.8602600098 0.0385776758
290.15961 6.066 0.8602600098 0.1497908341
83.53570 0.571 0.8602600098 0.0121405670
73.07600 9.618 0.8602600098 -0.0837704302
89.05968 2.623 0.8602600098 0.0397733657
96.04426 4.377 0.8602600098 0.0430513588
179.08471 6.26 0.8602600098 -0.0629801392
377.91455 5.802 0.8903808594 -0.0026503072
88.98779 8.834 0.8903808594 0.0000000000
201.01679 2.458 0.8903808594 -0.1080648913
705.82720 8.883 0.8999328613 0.1200545000
783.57184 12.247 0.8999328613 0.4394342386
221.05068 9.929 0.8999328613 0.0143975796
287.07730 9.604 0.8903808594 0.0077706832
188.94916 1.43 0.8903808594 0.0450534109
173.92615 11.13 0.8903808594 0.0157533924
575.39459 12.631 0.8999328613 -0.0166483463
151.09639 3.899 0.8999328613 -0.0258625784
277.11832 10.94 0.8999328613 0.0575023346
459.28007 10.076 0.8999328613 -0.0008110076
447.89196 1.202 0.8999328613 -0.0281842113
243.75525 3.939 0.8903808594 -0.0300158344
237.08701 10.015 0.8999328613 0.0244318486
161.12841 1.01 0.8999328613 0.0367877037
281.07666 10.459 0.8999328613 -0.0098332917
110.54134 1.31 0.8999328613 0.0826386214
353.26603 0.658 0.8999328613 0.0132986336
80.97482 3.003 0.8903808594 0.0196675937
217.03298 1.411 0.8903808594 0.0230233906
265.11811 10.779 0.8999328613 -0.3243182898
272.95899 0.639 0.8903808594 -0.0254879468
325.20100 11.795 0.9398803711 0.0092561013
168.07780 1.032 0.9340820312 -0.0174806699
444.99817 11.416 0.9340820312 0.0000885194
232.93500 9.648 0.9340820312 0.0588684567
229.91606 11.99 0.9340820312 0.0103625462
264.09794 10.479 0.9398803711 0.0318020517
88.07560 1.067 0.9398803711 -0.0106013597
203.01723 1.563 0.9340820312 -0.0129454573
111.02003 12.66 0.9398803711 0.0000000000
379.14947 11.1 0.9398803711 0.1166944939
186.07591 5.789 0.9398803711 -0.1071266526
245.07683 8.42 0.9398803711 -0.0014242067
319.00836 0.533 0.9340820312 -0.0102312855
245.09525 8.796 0.9398803711 0.2598117238
325.17107 10.465 0.9398803711 0.0020745283
477.00025 10.29 0.9398803711 -0.0005409067
356.24298 12.717 0.9398803711 -0.0149255368
418.95567 10.374 0.9398803711 -0.0206976702
302.06729 10.869 0.9398803711 0.0273767025
440.29200 12.712 0.9398803711 0.2211500971
205.12233 10.874 0.9398803711 -0.0917484868
439.28392 12.663 0.9398803711 0.2792202222
297.98584 10.886 0.9398803711 -0.0298346340
311.12905 0.991 0.9340820312 -0.0187368433
384.12233 6.947 0.9398803711 0.0010843828
331.95245 4.82 0.9340820312 -0.0023052119
190.92841 8.49 0.9340820312 0.0118117172
249.15572 1.016 0.9398803711 0.0101904232
283.10376 10.507 0.9398803711 -0.0061047144
168.12286 3.898 0.9398803711 -0.0509459707
191.08138 10.787 0.9398803711 -0.0229020887
169.09472 0.91 0.9799499512 0.0427869559
160.13321 5.706 0.9799499512 -0.0665466751
612.88161 0.614 0.9799499512 -0.0667381657
761.58417 12.508 0.9799499512 0.0000000000
228.07861 8.707 0.9799499512 -0.0033289589
233.87537 2.909 0.9799499512 -0.0348397624
212.07631 2.342 0.9799499512 0.0076542489
90.52578 1.842 0.9799499512 -0.0121999222
346.00940 8.557 0.9799499512 0.0021941547
181.07165 0.988 0.9779663086 -0.0240848209
231.93157 9.376 0.9779663086 -0.0163253393
203.04026 4.626 0.9799499512 -0.0634579232
190.92842 8.022 0.9779663086 0.0128878346
208.10014 4.098 0.9799499512 -0.0160157086
365.10535 5.437 0.9799499512 -0.0868111988
371.12243 11.684 0.9799499512 -0.0073982582
191.13902 0.914 0.9799499512 0.0036163882
209.83376 3.865 0.9779663086 0.0167404077
231.06209 9.352 0.9779663086 0.3957255940
180.97290 1.07 0.9779663086 0.0750179407
128.95069 2.586 0.9799499512 -0.0075696231
412.19637 8.44 0.9799499512 0.0242402519
209.06651 1.5 0.9779663086 0.1892230328
209.06660 1.251 1.0000000000 -0.0908922014
110.54142 0.75 1.0000000000 0.0096966403
397.15988 10.063 1.0000000000 -0.0222377239
276.13611 4.661 1.0000000000 -0.0046638005
785.50444 12.594 1.0000000000 -0.0110991227
188.94906 1.465 1.0000000000 0.0446446200
711.06927 2.468 1.0000000000 0.0648340182
105.01920 1.397 1.0000000000 0.0109058068
179.05488 1.986 1.0000000000 0.0136197068
231.93170 11.761 1.0000000000 0.0334838252
232.15429 4.856 1.0000000000 0.0299078113
445.11963 12.49 1.0000000000 0.1305759734
177.11198 6.256 1.0000000000 0.0080887874
83.03866 0.637 1.0000000000 0.0321548428
