"m.z" "r.t" "p.value" "t.score"
291.20673 10.714 0.0000000004 1.1830424094
288.00378 4.675 0.0000000006 1.2722547116
253.05434 6.017 0.0000000007 0.3435512735
275.21163 9.852 0.0000000003 0.6972412501
233.16465 9.864 0.0000000004 0.1940866258
289.22728 9.974 0.0000000002 0.4297204035
191.99763 10.928 0.0000000009 0.3200081323
272.20084 10.484 0.0000000010 0.0889419526
207.14907 8.611 0.0000000012 0.2003426463
207.12252 10.344 0.0000000012 0.3761486804
264.12424 11.817 0.0000000018 4.1758899344
264.19561 6.634 0.0000000018 0.2077965963
297.09353 5.148 0.0000000019 0.7499916799
269.08780 10.595 0.0000000021 0.1443372757
279.11602 12.082 0.0000000026 0.4034937890
172.09669 9.97 0.0000000025 0.3157541566
229.05791 5.313 0.0000000026 0.1811301503
276.10116 7.893 0.0000000036 0.6864955158
101.01674 5.642 0.0000000034 0.4221407160
440.22751 8.348 0.0000000043 0.2810333985
111.08028 10.089 0.0000000045 0.1985081610
251.17527 9.996 0.0000000047 0.1279517200
263.12129 11.682 0.0000000050 3.7949779726
604.13812 8.48 0.0000000062 0.6955783089
289.15454 10.891 0.0000000069 0.5901538753
371.17238 10.818 0.0000000070 0.2758890381
208.09662 10.549 0.0000000076 0.1494574101
295.07913 5.605 0.0000000078 0.1415509954
317.14938 10.984 0.0000000085 0.1142075271
191.10249 10.256 0.0000000089 0.1926552143
349.24438 10.041 0.0000000104 0.1012860802
226.09353 10.051 0.0000000110 0.0926487925
273.15962 10.88 0.0000000104 0.4833809324
172.09674 10.106 0.0000000099 0.4328562545
261.18080 11.062 0.0000000110 1.1475281807
176.12800 11.055 0.0000000116 0.4684123405
572.35541 12.497 0.0000000143 1.0397113392
287.10956 8.45 0.0000000143 0.1452603646
245.12827 10.024 0.0000000135 0.0829359410
349.08928 10.373 0.0000000150 0.2234293894
335.22869 10.076 0.0000000150 0.4277496661
158.11745 10.092 0.0000000158 0.4478895846
706.32819 8.954 0.0000000194 0.9576563443
233.09932 6.804 0.0000000194 0.2699601710
196.09662 9.84 0.0000000194 0.0919302209
344.20657 10.379 0.0000000194 0.1664866901
187.08647 12.053 0.0000000204 0.2476306181
324.99643 2.073 0.0000000202 0.3845425230
219.13381 10.095 0.0000000251 0.6532500782
116.92850 12.983 0.0000000263 0.6091632828
328.16675 10.866 0.0000000379 0.1132111143
128.04530 10.421 0.0000000415 0.0798995323
168.07661 2.356 0.0000000415 1.1349490545
139.03992 10.477 0.0000000490 0.1261792733
159.05110 3.693 0.0000000507 0.4289501558
305.14947 10.889 0.0000000560 0.1612116733
305.22233 11.03 0.0000000560 0.1882782230
186.11234 2.243 0.0000000588 0.5667747696
207.07621 8.806 0.0000000588 0.5245144989
617.28564 8.799 0.0000000649 0.2481148891
172.07175 9.946 0.0000000682 0.0864705845
793.36499 8.806 0.0000000962 0.3481261668
242.98246 7.374 0.0000000962 0.3994241495
302.01938 5.534 0.0000001010 0.5571583514
363.16229 10.301 0.0000001010 0.2369260306
147.05113 9.687 0.0000001113 0.1217977043
343.12322 5.46 0.0000001287 0.3612788114
261.14835 12.903 0.0000001287 0.6289380430
307.16514 10.397 0.0000001561 0.2728248705
286.20099 9.676 0.0000001718 0.2988714442
445.81506 12.734 0.0000001802 0.0000000000
793.36467 9.087 0.0000001890 0.4840316277
439.28392 12.663 0.0000001982 0.4262966329
256.16943 9.741 0.0000001982 0.1296966402
309.12663 11.904 0.0000002895 0.1531565067
114.09122 5.331 0.0000002895 0.2502061518
161.09203 4.717 0.0000003492 0.3066879705
348.10080 8.211 0.0000003659 -26.7635106592
506.20748 7.308 0.0000003833 0.5538117442
91.05396 10.004 0.0000004207 0.0710024596
346.08652 8.44 0.0000004530 -0.5142749796
188.06636 9.702 0.0000004834 0.0959380850
217.11826 7.86 0.0000005062 0.2491180439
272.13379 2.368 0.0000006084 0.1772183547
259.09244 5.411 0.0000006084 0.3859984707
263.17526 10.779 0.0000006369 0.2179749135
480.15680 12.825 0.0000006667 0.4436546180
286.20103 9.535 0.0000007303 0.2731353567
738.44891 12.651 0.0000007303 0.2180504208
705.32528 9.119 0.0000007643 0.4622031873
345.07263 11.048 0.0000007612 0.2220543426
174.04068 9.047 0.0000007976 0.4301486400
302.01923 4.916 0.0000009161 0.4682925777
209.03017 5.657 0.0000009607 1.3737628074
365.10535 5.437 0.0000010025 0.4367076869
640.16271 9.119 0.0000010967 0.2504095096
255.09499 7.907 0.0000011469 0.1300111224
393.11557 10.785 0.0000011469 0.1567871779
119.08140 9.653 0.0000011994 0.1984178388
756.24129 8.822 0.0000013113 0.2163756403
407.18846 10.548 0.0000013709 0.3817642770
705.32525 9.166 0.0000013709 0.4621801272
691.06024 9.046 0.0000014533 0.1686192357
422.92822 10.675 0.0000014982 0.2516881536
450.01277 1.949 0.0000017106 0.2944374909
311.15530 10.615 0.0000017876 0.0607217756
242.98224 6.978 0.0000018679 0.4056810708
370.07339 6.623 0.0000018679 0.1173988837
242.13058 8.916 0.0000019517 -28.0640867394
216.06872 8.046 0.0000019517 0.1143205440
286.17993 9.975 0.0000019517 0.0731380473
291.20654 9.885 0.0000019517 0.0546237170
230.08427 9.943 0.0000020391 0.0583956476
178.09029 4.179 0.0000021303 0.1324653173
186.11247 5.226 0.0000021303 0.0783207649
177.08678 6.573 0.0000022253 0.1079845292
229.11827 0.988 0.0000026480 0.4448282473
321.89751 4.849 0.0000027312 0.4177485814
437.21277 12.146 0.0000031471 0.1358179770
174.12357 5.985 0.0000032853 0.2622813159
128.04539 9.945 0.0000032853 0.0844269562
480.00681 6.217 0.0000034293 0.2734953140
370.07357 5.901 0.0000034293 0.3323974079
307.11085 12.348 0.0000035794 0.1573448094
219.12255 11.03 0.0000035794 0.0000000000
203.04007 4.18 0.0000038986 0.3266604544
272.16433 10.137 0.0000038986 0.1447675121
307.11092 12.054 0.0000038986 -0.4768697663
170.11762 6.354 0.0000038986 0.0593893845
243.13377 10.443 0.0000044291 0.2821978028
206.02797 12.026 0.0000046325 0.1747407188
361.18300 10.229 0.0000046208 0.3973927501
451.21470 10.875 0.0000048205 0.1501332040
204.12289 1.12 0.0000048205 0.2568829908
113.03080 1.937 0.0000048205 0.7332644683
305.06317 10.048 0.0000050284 0.0731715862
113.03078 1.938 0.0000052449 0.6973115361
276.00377 4.139 0.0000052449 0.1445162666
247.18027 8.894 0.0000054702 0.1650194908
103.04006 2.128 0.0000055105 0.6009332158
317.14536 3.942 0.0000062034 0.2327299175
694.92303 12.344 0.0000064680 0.1258557544
557.34613 12.217 0.0000067434 0.0804164094
434.21735 8.685 0.0000070300 0.0765673301
322.12982 12.527 0.0000070300 0.1765704003
235.12873 7.948 0.0000079614 0.1711640109
242.98245 7.562 0.0000086466 0.2599143341
276.14394 5.173 0.0000090100 0.3585839728
202.01221 0.86 0.0000092043 0.1867333239
133.08570 7.047 0.0000093880 0.2324522841
177.10193 10.234 0.0000093880 0.0790293027
449.30468 12.874 0.0000097811 0.1768270631
170.15375 8.756 0.0000110570 0.0479848278
154.12262 4.195 0.0000110570 0.0661071585
309.18085 10.921 0.0000115165 0.1630838531
640.16250 9.308 0.0000119943 0.1948320531
705.82720 8.883 0.0000124909 0.3396325057
257.11322 8.472 0.0000135435 0.0359689884
333.11538 10.392 0.0000141011 0.6910315116
290.15961 6.066 0.0000146805 0.4131912931
310.21667 9.245 0.0000152826 0.0068487246
191.06606 11.966 0.0000159082 0.1063195623
690.50885 12.897 0.0000165581 0.1749875456
158.08099 7.879 0.0000165581 0.0786866743
171.02739 2.092 0.0000179191 0.4405408081
99.09158 0.871 0.0000186632 -0.4074203588
310.11444 1.452 0.0000186683 0.1819043953
310.11444 1.459 0.0000194473 0.1834295066
133.09701 9.684 0.0000202056 0.1883937127
229.15463 3.876 0.0000210217 0.1393677086
145.08582 10.901 0.0000210217 1.1057886370
377.91489 4.919 0.0000219744 0.2234660629
340.13251 6.956 0.0000227488 0.1056167005
149.08072 5.991 0.0000227488 0.1829085665
134.04472 2.01 0.0000246105 0.3241074342
279.17010 9.088 0.0000255948 0.1133216907
189.04672 0.935 0.0000255948 0.5233003642
213.12320 2.188 0.0000255948 0.1985846576
428.05961 8.554 0.0000276769 0.7496083527
356.24314 11.873 0.0000276769 0.0178976978
220.14418 9.691 0.0000276769 0.0597551304
245.16055 5.096 0.0000287774 -0.1548271341
160.84199 11.608 0.0000291413 0.0932700078
189.08795 4.9 0.0000303309 1.4425745301
328.24829 9.581 0.0000323340 0.1214543505
253.09279 5.964 0.0000328498 0.1519053603
490.28535 11.201 0.0000336096 1.0301665070
212.11807 9.798 0.0000349329 0.4328570827
406.07755 8.931 0.0000377294 0.1455375355
159.07624 9.146 0.0000407375 0.2190724394
453.18585 12.336 0.0000423256 0.1170800330
255.13494 9.538 0.0000487198 0.2918714389
408.08248 9.042 0.0000511870 0.1562432247
115.07521 4.193 0.0000511870 0.1182114780
266.06696 10.05 0.0000526657 -0.7390648701
358.25885 9.566 0.0000531586 0.2306802870
159.07617 9.025 0.0000552021 0.2047342930
91.05396 9.695 0.0000552021 0.0553296773
119.52785 7.619 0.0000595142 -0.3065508756
277.08920 2.364 0.0000641440 0.0471542113
398.32649 11.304 0.0000665848 0.4808932343
207.14903 10.244 0.0000665848 0.0695527913
412.30566 11.373 0.0000717325 0.1476416707
276.00379 4.592 0.0000744454 0.1374652486
332.24300 9.924 0.0000801649 0.1384351701
199.06892 9.647 0.0000862980 0.1705831119
152.05663 10.045 0.0000862980 0.1337686890
178.08377 9.047 0.0000862980 0.2471761546
379.19346 9.538 0.0000862980 0.1081380171
583.16022 8.649 0.0000895283 0.1603759695
179.09099 9.09 0.0000928726 0.2238065781
178.09031 10.06 0.0000928726 0.2760712960
250.03838 8.012 0.0000963347 0.0609480260
214.08938 9.197 0.0000963347 0.0821320829
147.07632 5.289 0.0000999184 0.1498328740
158.09236 9.95 0.0000999184 0.0472689428
199.06869 9.063 0.0001036276 0.1794280876
324.19171 10.394 0.0001036276 0.1683218895
177.08682 8.887 0.0001036276 0.2780058398
509.38014 12.432 0.0001036276 0.0651710193
345.07272 11.44 0.0001046514 0.0753704840
102.05483 8.933 0.0001074665 0.1969027661
237.08673 7.957 0.0001114394 0.0478902514
131.08129 8.998 0.0001155505 0.1972692131
377.14150 10.798 0.0001155505 0.9294886263
162.07595 3.034 0.0001155505 0.2279919580
335.19002 11.609 0.0001198043 0.2165023846
342.26364 10.588 0.0001198043 0.3846538648
296.95007 11.91 0.0001214806 -0.7869751655
582.15788 10.23 0.0001242055 0.1971499618
221.05066 7.947 0.0001334690 0.1954635810
340.26912 12.54 0.0001383413 0.1204978103
368.27930 10.977 0.0001383413 0.3666550351
307.11093 11.428 0.0001383413 0.0934331087
524.15241 10.436 0.0001383413 0.0628583534
204.12297 0.92 0.0001433807 0.2463869357
191.06619 1.892 0.0001433807 0.1990628365
179.09351 9.273 0.0001433807 0.2273126498
206.10211 8.266 0.0001485927 0.1037062301
695.42517 12.546 0.0001971915 0.1293002139
88.03921 2.029 0.0001971915 0.2445786426
199.96928 8.234 0.0002027044 -0.0766614447
423.12576 9.396 0.0002101307 0.0617206366
231.06209 9.352 0.0002101307 0.6949692940
289.06771 9.654 0.0002101307 -3.3418688084
174.14874 8.541 0.0002114892 -0.5148917166
226.08222 7.649 0.0002189978 0.0662665379
180.10164 9.656 0.0002267561 0.0624314397
582.15729 9.277 0.0002267561 0.1816286952
297.98584 10.886 0.0002347719 0.1333623422
146.08105 6.033 0.0002347719 0.2288754195
203.01723 1.563 0.0002339719 -0.2076526936
220.11785 6.676 0.0002347719 0.4447761300
508.01346 5.713 0.0002424675 0.1058033740
409.08652 10.494 0.0002516075 0.1345181437
551.22772 8.55 0.0002604437 0.2057645381
642.31799 0.711 0.0002695703 0.0281159753
304.15421 10.089 0.0002695703 0.0636549238
203.04026 4.626 0.0002789961 0.3210212188
160.13321 5.706 0.0002887300 0.3782531609
276.19543 8.459 0.0002887300 0.0454553521
201.01679 2.458 0.0003330644 0.9109301257
141.01566 3.755 0.0003423560 0.0945378460
281.02414 3.841 0.0003423560 0.0403172249
427.09502 6.181 0.0003423560 0.2058661678
87.04396 1.983 0.0003541429 0.2662646807
296.20090 9.244 0.0003541429 0.0338624213
352.16861 12.568 0.0003663086 0.0986992863
255.04329 11.107 0.0003788642 0.1352669301
220.98079 11.494 0.0003827546 -0.4955159884
310.17598 10.833 0.0003918211 0.4487114735
426.21226 8.517 0.0004051911 0.0630057926
247.08243 10.759 0.0004101214 -0.1466837800
135.10161 5.036 0.0004189864 0.0155588889
162.83902 11.979 0.0004244802 -0.1258605646
131.54204 0.971 0.0004332193 0.2141271443
181.05831 4.499 0.0004332193 0.2558210834
464.08922 11.123 0.0004704230 -0.3564900238
652.33835 11.955 0.0004786728 0.0664662513
213.03271 11.009 0.0004786728 0.0624982442
347.84913 2.085 0.0004786728 0.0956642908
249.10805 2.365 0.0004786728 0.2920518376
297.98553 8.106 0.0004947869 0.1981420769
328.24808 10.663 0.0005114057 0.4483500287
144.06544 5.699 0.0005114057 -0.2118811126
548.29046 12.305 0.0005114057 0.1785344968
227.89438 8.954 0.0005574355 -0.1024188792
336.85849 10.106 0.0005765461 -0.0532466454
165.07559 2.494 0.0005832226 -0.2456386196
663.43469 12.755 0.0005832226 0.3420824528
582.15797 10.491 0.0006025893 0.1751675251
387.28674 11.884 0.0006166107 -0.0750901683
319.20160 9.052 0.0006225531 0.0968678529
105.05448 1.968 0.0006643399 0.5532294481
135.02986 1.549 0.0006815887 -0.2251866363
147.11269 2.171 0.0006861977 0.1909348472
83.53570 0.571 0.0007319326 0.0496732867
183.11264 6.732 0.0007558472 0.2565442366
221.05068 9.929 0.0007804857 0.1300822026
189.08695 10.311 0.0008589460 0.1155442499
195.11263 6.089 0.0008589460 0.1222220996
401.24885 9.151 0.0008866841 0.0931835812
435.19839 11.83 0.0008872837 0.0657365547
258.11248 9.938 0.0009152506 0.0265255714
204.15923 8.684 0.0009152506 0.0290455166
172.20593 8.813 0.0009152506 0.0486032602
326.23230 10.263 0.0009152506 -1.5311101452
667.32529 0.715 0.0009152506 0.1638662178
232.05761 9.265 0.0009470202 0.2550545061
155.15427 5.154 0.0009749591 -0.1110177362
104.07053 0.875 0.0011053405 0.2393718763
317.05589 8.206 0.0011403647 0.0987825259
206.10229 7.942 0.0012135102 0.3984173814
299.01967 4.218 0.0012135102 0.2613260640
153.06584 9.4 0.0012516862 0.0432058955
382.34265 11.093 0.0012516862 0.0582685232
780.21936 9.632 0.0012516862 0.0793900594
321.89743 5.763 0.0012648029 -0.0304672877
157.06169 4.523 0.0012648029 0.1552750337
285.97708 9.15 0.0012648029 0.2126423204
196.09682 7.784 0.0012909685 0.0683244592
156.07664 1.417 0.0012909685 0.1442604805
432.14178 9.674 0.0013313859 0.0609154656
780.21934 9.608 0.0013729680 0.0786831422
188.16425 9.634 0.0013729680 0.0455794804
320.13331 1.017 0.0014157451 -0.2583138028
336.85871 2.805 0.0014354774 -0.0327333807
397.17136 10.833 0.0014354774 0.1162689562
137.04564 10.098 0.0014597479 0.2969629351
553.88232 12.299 0.0014597479 0.0756034682
282.11969 8.251 0.0014597479 0.0081549965
177.10207 3.9 0.0015050081 0.0222372590
256.01510 9.976 0.0015050081 -0.1113731184
567.39009 0.618 0.0015050081 -0.1283589094
131.08142 4.505 0.0015515580 0.2041495353
217.05670 5.627 0.0015515580 0.0371915775
426.21209 8.442 0.0015515580 0.0330155970
219.07643 9.969 0.0016486595 -0.2463219534
200.07224 9.616 0.0016992792 0.1212158942
189.15960 1.36 0.0016992792 0.0806345538
321.89737 5.269 0.0017315956 0.0754575293
489.16273 12.42 0.0018048330 0.0814151624
129.06566 9.317 0.0018048330 0.1222081866
317.05597 8.648 0.0018048330 0.0861913108
239.01644 1.016 0.0018421604 0.2143686651
145.09707 0.931 0.0018598396 0.2841660759
102.95673 6.96 0.0018998421 0.0589411160
168.12290 3.516 0.0019163827 0.1224400905
165.01160 11.331 0.0019163827 0.2062164341
313.01459 8.756 0.0019163827 0.0412869860
583.15175 9.301 0.0019591785 0.7936032958
231.07733 11.943 0.0019591785 0.0657472779
239.01650 0.999 0.0019591785 0.2212695681
330.91568 12.664 0.0019745004 0.0983719624
268.15443 8.687 0.0019745004 0.0000000000
132.03019 2.166 0.0020202118 0.2780291760
780.21894 9.092 0.0020342320 0.0274948251
264.09794 10.479 0.0022901103 -0.1200152033
434.15768 9.106 0.0022901103 0.0609364242
427.21881 10.726 0.0023523827 -0.1016752231
233.07664 7.143 0.0024288136 0.0817191930
151.09639 3.899 0.0024288136 0.0903447260
454.24306 9.525 0.0024288136 0.0761409021
551.22836 9.747 0.0024288136 0.0507043135
114.06612 1.012 0.0024288136 0.1105142201
73.06475 7.028 0.0025010108 0.0454036485
252.12307 9.556 0.0025751664 0.1773290230
582.15784 9.692 0.0026513275 0.1558106841
305.09646 11.916 0.0026533427 -0.0937490157
647.41104 12.469 0.0027295422 -0.0775406828
200.07205 9.032 0.0027295422 0.0974341959
382.14517 12.078 0.0028166644 -0.0804803081
160.07973 4.375 0.0028098596 0.1959150701
377.91455 5.802 0.0029017218 -0.0305244886
175.05762 0.989 0.0029770037 0.1544190966
225.04926 4.79 0.0029891176 0.1657361746
149.11722 7.029 0.0031531724 0.0228895956
242.28430 9.88 0.0031531724 0.1210248232
635.06930 10.43 0.0031531724 0.0608291804
309.18077 10.914 0.0032447745 0.1490415679
421.20414 10.379 0.0033387949 0.1171042724
233.10721 6.699 0.0034352899 -0.0900415193
458.98352 1.44 0.0034632010 0.0960669299
761.58417 12.508 0.0036359346 0.0000000000
225.93234 3.726 0.0039569320 0.0379777089
480.85041 0.749 0.0039569320 0.0159948267
635.06921 9.54 0.0039569320 0.0584793701
125.87298 8.404 0.0040047711 -0.0724157533
348.89496 2.036 0.0043655364 0.0336997542
146.06332 5.783 0.0044249423 -0.6252210262
310.20133 9.1 0.0044249423 0.0297056365
108.94851 0.711 0.0044249423 0.1530959687
471.19640 11.271 0.0045495264 -0.3454398436
333.14431 9.911 0.0048082717 0.0845563244
73.07600 9.618 0.0049425749 0.1156790269
612.36945 9.954 0.0050802618 0.0860991862
187.07130 10.882 0.0050802618 0.1672857022
190.11859 1.167 0.0053660849 0.1044006817
185.11830 12.558 0.0054760369 -0.0744842052
182.08107 8.577 0.0055143735 0.1443220645
281.15950 9.565 0.0056663506 0.0213334248
118.06085 1.015 0.0058220957 0.1280118303
179.08727 9.381 0.0058220957 0.1596620596
199.09645 9.587 0.0058220957 0.1699795997
233.00668 11.007 0.0058220957 0.1010418252
111.02004 12.395 0.0061452149 0.5604450265
307.85583 8.541 0.0062936810 -0.0598903268
317.05572 7.921 0.0068403236 0.1004587024
126.10252 0.936 0.0070247891 0.1307595646
223.14409 9.125 0.0072137097 0.1135182962
111.52172 12.498 0.0074071777 -0.1478187251
303.20673 9.547 0.0074071777 0.0761206545
318.05966 8.714 0.0076052870 0.0748055142
211.10753 8.605 0.0076052870 0.2023130901
205.08168 1.646 0.0076052870 0.1149241463
331.95245 4.82 0.0076230117 -0.0921671950
197.15340 12.767 0.0078081333 0.0945500101
308.20098 9.244 0.0080158133 0.0846037852
439.68412 3.58 0.0080464910 -0.0787833453
187.87337 8.733 0.0080464910 -0.0732472991
323.19003 11.58 0.0082284257 0.1386870834
219.07628 10.787 0.0084460705 -0.2191966322
297.98564 9.851 0.0084460705 0.0579592563
635.06932 10.199 0.0086688494 0.0555850103
698.16849 9.637 0.0091302240 0.0861325276
174.08828 0.997 0.0091987432 0.1938038031
487.28036 11.49 0.0093690310 -0.0624031862
269.02976 10.317 0.0093690310 0.0372193178
288.21670 9.624 0.0093690310 0.2517866085
96.96958 2.479 0.0094461302 0.1389422005
432.27996 10.695 0.0098634247 -26.5828752750
187.87340 8.427 0.0099587752 -0.0735531242
258.10995 0.974 0.0101192324 -0.1816977468
257.09930 9.85 0.0103809308 0.0967719393
189.14840 10.117 0.0103809308 0.2298758128
437.23540 10.424 0.0103809308 0.2799760197
441.19742 11.281 0.0107742486 0.0808297404
333.09137 11.511 0.0110589751 -0.1255406345
219.96644 7.563 0.0112025256 0.0759508893
308.20093 9.228 0.0114889504 0.1035224725
129.05452 7.943 0.0114889504 0.1088985405
258.12554 8.709 0.0114889504 0.0288474897
166.94304 3.234 0.0114889504 0.0773350368
493.13580 8.792 0.0114889504 0.2028985935
187.04184 1.45 0.0119536724 0.1268032548
85.07597 9.659 0.0120813661 0.1304146438
141.06581 4.488 0.0120813661 0.1774124055
265.15854 9.744 0.0120813661 0.0878983158
635.06859 9.138 0.0120813661 0.0561285186
227.03508 9.688 0.0133479714 0.0587508893
564.35886 10.759 0.0133479714 0.0038036397
295.12886 9.271 0.0136824105 0.0828086124
440.29200 12.712 0.0136824105 0.2781169383
463.48311 1.347 0.0140242294 0.1357970630
83.03866 0.637 0.0140242294 0.0716953305
136.04800 1.494 0.0140242294 0.1864022424
146.05992 10.774 0.0140242294 -0.0906002664
200.23726 9.743 0.0143735635 0.0362483820
257.09938 9.828 0.0143735635 0.0504676366
117.06976 7.935 0.0143735635 0.0405650695
279.01201 9.316 0.0143735635 0.1124286361
145.06186 0.91 0.0142951226 0.0736435670
235.96117 3.8 0.0147305502 0.0925378123
279.13378 10.427 0.0147305502 0.0857163867
101.07896 2.801 0.0150953285 -0.3577267489
207.01410 0.908 0.0150953285 0.1081451702
146.96129 2.582 0.0150953285 0.1940460362
298.18579 10.238 0.0150953285 0.3784443756
384.11905 1.015 0.0154680392 -0.2076535120
168.12286 3.898 0.0154680392 0.1500845603
210.13344 8.407 0.0154680392 0.0784829596
215.17541 7.058 0.0158488250 0.0530942473
230.24769 11.321 0.0158488250 0.0257371219
417.30441 12.205 0.0162378303 -0.3024232696
445.07303 5.714 0.0162067499 0.0639901488
388.87366 2.809 0.0162067499 -0.0237512549
173.92615 11.13 0.0166149676 -0.0990841304
131.08252 0.985 0.0166149676 0.2617657403
75.00862 7.446 0.0166149676 -0.0981578163
324.09111 12.039 0.0166149676 0.0707591734
102.95674 5.952 0.0174585715 0.0514101899
100.07559 2.81 0.0174556355 -0.3836904046
134.89444 9.219 0.0174585715 -0.1392365295
150.12764 10.599 0.0178790000 0.0650169509
276.11887 5.255 0.0178790000 0.1512099273
193.09709 3.414 0.0187527921 0.0175823505
226.95144 0.643 0.0187527921 -0.0676486840
130.08616 0.963 0.0192035324 0.1356759294
237.08701 10.015 0.0201334966 -0.0789579608
318.22760 10.422 0.0206130443 0.0255269171
241.03105 1.001 0.0211025213 0.1078729217
257.02774 4.803 0.0212198410 0.8844995630
157.01166 1.778 0.0212198410 0.1187877988
88.07559 0.78 0.0216020940 -0.1716538591
247.07118 11.161 0.0221119306 -0.3463786445
294.20602 6.275 0.0221119306 0.0174076389
272.94442 0.605 0.0221119306 0.0325241259
246.16996 5.941 0.0221119306 0.0635065690
102.01944 2.648 0.0222638492 0.1282331210
255.82195 4.296 0.0222638492 0.0727056012
181.06275 0.995 0.0228024030 -0.1603739256
202.17990 9.685 0.0237047343 0.0131266442
396.31046 11.517 0.0237047343 0.1251614820
300.20181 8.715 0.0242573460 0.0056667248
157.14146 7.82 0.0242573460 0.0280749699
190.92833 2.326 0.0244865229 -0.0767381364
264.17474 9.936 0.0248210904 0.1065546911
327.93213 5.808 0.0250713552 -0.0112126112
173.10430 1.503 0.0250713552 -0.1214674225
349.10883 0.973 0.0253961468 0.0971460201
132.06535 4.662 0.0265809211 0.1887103576
243.11284 11.056 0.0271910065 0.0580991923
102.95662 5.572 0.0275332175 0.0406923981
520.33185 10.388 0.0284475055 -0.0128849126
136.04808 1.003 0.0284475055 0.1189781596
353.26603 0.658 0.0297537056 -0.0815595866
217.04941 1.246 0.0297537056 0.1208274143
116.07055 0.913 0.0304259238 0.0858328678
193.10697 8.321 0.0304259238 0.0575195815
190.15486 1.3 0.0311111470 -0.1126965568
119.07014 6.478 0.0318095721 0.0801644659
144.10184 1.135 0.0318095721 0.2163625030
360.02505 8.292 0.0318095721 -0.0630047104
360.96807 11.999 0.0318095721 0.0334149094
193.03524 2.468 0.0323446317 0.1690422381
486.24869 9.759 0.0325213976 0.0559093707
265.11811 10.779 0.0325213976 0.7768682505
97.02831 0.999 0.0325213976 -0.1419039329
176.06577 1.113 0.0332468239 0.1727214593
158.04011 0.897 0.0332468239 0.2580138501
209.06651 1.5 0.0338451627 -0.1484792449
89.02439 1.449 0.0338451627 0.0788340560
466.81659 1.86 0.0338451627 -0.0237368389
128.03523 4.581 0.0338451627 0.0668679021
421.16730 12.055 0.0355067347 0.0276671969
118.05098 0.862 0.0370253956 0.0306708450
426.35752 12.401 0.0378964201 0.1792912330
128.95069 2.586 0.0378964201 0.0866252442
144.06298 0.713 0.0387227972 -0.0633259915
195.05086 2.523 0.0387087106 0.0949579705
515.56788 1.001 0.0387227972 -0.1699531412
104.10691 0.751 0.0387227972 0.1061164004
99.51218 7.619 0.0387227972 -0.0432357789
287.07730 9.604 0.0387087106 0.2477722478
290.13862 11.042 0.0395644358 -0.6219344497
175.11892 1.026 0.0395644358 0.0546033396
169.97727 2.61 0.0395644358 0.1076983231
214.03322 0.96 0.0404566139 0.2257631916
145.04945 1.0 0.0412943581 -0.1795985409
145.04935 0.994 0.0412943581 -0.1795985409
160.93532 9.172 0.0413553714 -0.0579863274
96.04426 4.377 0.0412943581 -0.0983316267
253.11829 6.707 0.0412943581 0.0416576799
71.01366 1.245 0.0413553714 -0.1399702146
169.09472 0.91 0.0430879222 0.0646617909
102.95672 6.736 0.0441537166 0.0467937473
632.05529 1.0 0.0440091186 -0.1968483073
420.92733 9.22 0.0441537166 -0.0500649854
440.02592 5.068 0.0451213233 0.0262439461
132.99174 11.641 0.0451213233 0.0239376215
179.05607 7.974 0.0451213233 -0.0962837760
209.13823 7.93 0.0459014497 0.0565606220
108.04423 11.408 0.0459014497 0.1604691260
418.95567 10.153 0.0468730323 0.0462796154
223.96317 2.425 0.0478618605 0.0838923594
269.12445 6.202 0.0478618605 0.0757947949
178.05854 1.363 0.0478618605 0.2201076442
129.93629 10.623 0.0481320250 -0.0667759108
215.86845 7.975 0.0481320250 -0.0697389591
225.06165 1.205 0.0491723737 -0.1791222126
148.06036 0.977 0.0498921637 0.2613888467
102.95671 8.75 0.0502315272 -0.1049083984
387.11466 5.628 0.0502315272 0.1622312915
110.54134 1.31 0.0509340970 0.0777160476
180.05942 1.204 0.0513097360 -0.1531195042
471.24462 10.798 0.0524072518 0.0360916611
258.91571 10.016 0.0524072518 -0.0273835121
314.23240 10.038 0.0530726813 0.2458274776
238.09924 7.85 0.0530726813 0.0129342401
201.03806 1.449 0.0535243277 0.0700624240
237.89749 2.487 0.0558181784 0.0671473497
190.92841 8.648 0.0558181784 -0.0250275827
191.13902 0.914 0.0564208495 0.0749852472
504.99520 10.63 0.0564208495 0.0293126641
200.54568 1.004 0.0575752568 -0.1251851660
256.10980 7.843 0.0575752568 0.0126632073
584.16293 9.677 0.0575752568 0.0374747621
379.14947 11.1 0.0575752568 -0.1035945453
164.95691 2.482 0.0569954653 0.0953830677
203.05260 0.997 0.0575752568 -0.0843732345
203.05251 1.003 0.0575752568 -0.0843732345
237.08688 10.308 0.0587492344 -0.2495454379
323.14249 11.965 0.0599430204 0.0933141777
160.13313 0.929 0.0599430204 0.0994497135
187.94177 12.093 0.0606518687 -0.0684184661
312.21699 8.835 0.0611568541 0.0680018948
187.99651 0.829 0.0619130502 0.0939132485
277.15562 9.231 0.0619130502 0.0436675590
191.08147 10.173 0.0623909752 -0.1164656974
281.07666 10.459 0.0623909752 -0.0741266075
311.00024 10.987 0.0631958572 -0.0138899373
195.12266 6.237 0.0636456247 0.0192125293
418.16272 8.633 0.0636456247 0.0431075441
247.03088 1.446 0.0645005524 0.1269796442
107.04896 8.69 0.0649210438 0.1007456596
269.05336 10.389 0.0662174750 -0.0798834147
197.06686 8.384 0.0662174750 -0.0101090085
665.37395 0.645 0.0671766620 -0.0899524172
241.08692 11.965 0.0671766620 -0.1839552788
356.24298 12.717 0.0675351610 0.0227846440
321.13092 8.71 0.0675351610 -0.0201303278
206.10331 0.816 0.0685486055 -0.0646648540
85.02830 0.999 0.0688743455 -0.1503111690
149.04539 1.234 0.0699434953 -0.1234347722
125.02431 1.208 0.0699434953 -0.1309314223
267.17197 12.682 0.0702352724 0.1509300963
228.12846 0.972 0.0716181864 0.0111271928
176.10292 0.994 0.0716181864 0.0927181852
473.97051 0.82 0.0742685068 -0.0592804489
632.05540 0.993 0.0744509565 -0.1442033901
206.10339 0.808 0.0757578486 -0.0690138147
414.30011 11.739 0.0773746215 -0.0773685445
325.17107 10.465 0.0773746215 0.0112225782
120.06550 0.875 0.0773746215 0.1124565122
419.14191 9.659 0.0772714725 -0.3409740907
476.30655 10.048 0.0788711552 -0.0032923446
97.02825 1.049 0.0803911520 -0.1355667097
195.05092 2.207 0.0819607209 0.1260066696
233.87537 2.909 0.0835025223 0.0436335712
204.05581 1.036 0.0835025223 -0.1205656795
173.09203 1.034 0.0850943898 -0.0454833906
181.07165 0.988 0.0852132212 0.2009121174
248.16462 9.682 0.0850943898 0.0754578363
189.12329 3.624 0.0850943898 -0.0902412454
173.92616 11.435 0.0852132212 -0.0321841327
127.03885 1.001 0.0867107083 -0.1157246535
246.04396 9.126 0.0902868512 0.0459784562
612.85868 0.702 0.0902868512 0.0346704099
99.04488 1.009 0.0902868512 -0.0866656072
195.99212 3.004 0.0902868512 0.0977842592
179.05488 1.986 0.0917088383 0.0839969428
165.06909 3.268 0.0917088383 -0.0438926076
612.88161 0.614 0.0934254285 0.0513156912
320.20668 12.357 0.0934254285 0.0383828850
85.02833 1.167 0.0951677026 -0.0900335658
200.10289 1.337 0.0969359062 -0.0984228234
235.07137 9.931 0.0969359062 -0.0091019490
89.05965 3.335 0.0969359062 0.0547881081
419.04828 1.448 0.0974267435 0.1078432457
219.19531 12.438 0.0987302846 0.2394835250
186.07591 5.789 0.0987302846 0.0309684452
205.06813 0.998 0.0987302846 0.0954348977
249.02274 11.666 0.0992804752 0.0738644081
130.04974 4.011 0.1005510825 0.0759885689
146.08114 0.943 0.1005510825 0.0928133835
190.92839 9.84 0.1011622437 -0.0420044767
311.00019 10.587 0.1011622437 -0.0127883762
198.12756 10.512 0.1042729132 0.0232174609
98.98413 2.329 0.1042729132 0.0675617910
307.11091 10.806 0.1061744324 -0.0600723855
161.04543 0.992 0.1110009083 -0.0414900163
258.91731 1.113 0.1130564475 0.0850626483
226.92738 2.457 0.1130564475 0.1207806273
189.12341 0.99 0.1140568400 0.1379567932
241.15468 4.688 0.1140568400 -0.0183979266
388.25410 9.464 0.1140568400 -0.0085977920
120.08070 7.05 0.1160977237 0.1214364736
180.08652 1.003 0.1160977237 -0.1270795767
409.06754 1.095 0.1172574188 -0.2269984915
205.06814 1.161 0.1181671962 0.0651912688
388.25419 9.449 0.1202654935 -0.0036517876
261.14441 5.814 0.1202654935 0.1067828463
256.93816 2.426 0.1202654935 0.0643582078
783.81581 0.699 0.1202654935 0.0578624275
95.01369 0.988 0.1215799663 -0.0635694761
549.21370 9.63 0.1215799663 -0.2931227089
156.96584 6.254 0.1223928504 0.0230241753
175.04773 9.931 0.1223928504 0.0557700429
150.05492 9.579 0.1223928504 0.0760091124
102.95673 5.012 0.1237874706 0.0611716202
127.05112 0.93 0.1237874706 0.0870856641
272.95899 0.639 0.1237874706 0.0953661580
699.36720 0.627 0.1237874706 -0.0470692149
101.02432 0.988 0.1237874706 -0.0454522884
161.12841 1.01 0.1245495003 0.1000400033
480.15680 12.579 0.1245495003 0.1054746257
101.02426 1.2 0.1260261333 -0.1343609021
569.26508 11.514 0.1260261333 -0.0745528144
118.04970 3.758 0.1267356752 0.1552052027
190.92835 1.975 0.1282962059 -0.0157451799
208.10014 4.098 0.1289516057 0.0080233199
447.89196 1.202 0.1289516057 -0.0790379635
131.03477 0.991 0.1329315782 -0.0526706578
176.12802 0.894 0.1334736475 0.0872474034
81.52054 0.787 0.1334736475 0.0644473952
146.93845 2.351 0.1352973721 -0.0157426238
188.93295 2.197 0.1352973721 -0.0249416348
179.08471 6.26 0.1357802119 -0.2921834598
266.08820 1.001 0.1352973721 0.0524824003
278.17495 7.936 0.1357802119 -0.0280520450
504.99519 10.333 0.1357802119 0.0319845020
201.98379 6.282 0.1381174376 0.0172006456
270.19113 8.84 0.1381174376 0.0131622344
289.06943 3.383 0.1376955638 0.0121586874
161.04539 1.564 0.1376955638 -0.0725429243
389.16269 10.288 0.1381174376 0.0212620328
309.11905 9.619 0.1425901072 0.0390515861
151.06264 11.301 0.1428847590 0.1154724799
113.09592 6.146 0.1453152927 0.4294013140
522.08875 9.141 0.1453152927 0.0446092199
145.07600 10.718 0.1477773639 0.0487794699
210.13340 6.021 0.1477773639 0.0436470434
198.09718 1.002 0.1477773639 -0.1012783446
314.18103 9.232 0.1477773639 -0.1079367754
269.13839 11.789 0.1502711861 0.0034615640
275.05621 0.754 0.1501808863 -0.0427174964
530.20775 7.351 0.1527969709 0.0107692856
353.14236 11.998 0.1527784703 -0.0370932488
396.03459 4.792 0.1527969709 0.0340348223
356.27935 11.065 0.1527969709 0.1147491926
172.13321 4.594 0.1553549276 0.0218537908
245.09525 8.796 0.1579452627 0.2042024293
174.95605 1.643 0.1580759951 -0.0389688464
314.18103 9.221 0.1605681807 -0.1087960498
93.07378 0.817 0.1605681807 -0.0128419922
374.59629 1.031 0.1605681807 -0.1048077553
175.10759 1.012 0.1605681807 0.1539724486
168.09294 7.024 0.1632238833 0.0895088754
83.03560 0.578 0.1632238833 0.0103818779
190.92843 10.84 0.1662815080 -0.0614858071
92.04305 1.438 0.1662815080 -0.0190282587
487.30560 11.514 0.1662815080 -0.0252031485
575.39471 12.566 0.1686344355 0.0158693112
229.56251 1.002 0.1686344355 -0.0544695724
575.39459 12.631 0.1713896751 0.0147613752
231.17020 3.973 0.1713896751 -0.0483423526
115.03881 4.262 0.1741784787 -0.0329643826
430.36731 0.756 0.1741784787 0.0135064991
130.05081 0.9 0.1748032660 0.0931301939
314.18100 9.212 0.1770010341 -0.0980838499
145.07600 11.109 0.1770010341 0.0359821903
371.12243 11.684 0.1770010341 -0.0656952010
140.07022 1.01 0.1798575258 -0.0548757626
261.94159 4.797 0.1806628991 -0.1884470153
209.83365 4.953 0.1806628991 0.0436006086
275.03886 11.955 0.1827481353 0.0577950830
178.08624 9.139 0.1827481353 0.0479497797
171.14906 0.951 0.1827481353 0.0358873632
140.07021 1.019 0.1856730410 -0.0468643741
290.26883 12.224 0.1886324177 0.1917280545
209.09206 9.067 0.1886324177 0.0090821338
244.07913 1.192 0.1916264371 0.0361322805
110.54142 0.75 0.1916264371 0.0163735930
191.98266 0.935 0.1946552673 0.0539054633
379.17993 11.998 0.1977190729 0.0456111644
245.21100 12.02 0.1977190729 0.1266239785
197.12923 6.244 0.1977190729 0.0102866233
143.03485 0.992 0.1991156248 -0.0441578973
119.03487 0.991 0.1991156248 -0.0134028981
143.03486 0.991 0.1991156248 -0.0441578973
379.97192 3.482 0.1991156248 0.0322808833
143.03486 0.991 0.1991156248 -0.0441578973
279.13399 9.833 0.2008180149 0.0762651225
240.15945 8.688 0.2039522507 -0.1063167854
180.06532 8.396 0.2039522507 0.0687039467
421.20432 9.899 0.2071219338 0.0708062114
725.33091 10.798 0.2071219338 0.0663733246
196.14204 0.68 0.2071219338 -0.0339517545
229.56254 1.202 0.2071219338 -0.0818150058
211.08237 1.037 0.2088425443 -0.0981131164
487.03583 1.444 0.2121601425 0.0668354018
90.52582 0.761 0.2135682367 0.0816629520
228.07861 8.707 0.2135682367 -0.1205068793
507.57935 0.991 0.2135682367 0.0814640891
196.09681 9.124 0.2135682367 0.0971403794
375.16199 11.717 0.2168451439 0.0138345024
293.09537 12.356 0.2168451439 0.0068244695
255.82197 4.751 0.2189092205 0.0913956668
240.11491 9.07 0.2201580733 -0.0115521022
279.11598 10.313 0.2201580733 -0.0581513175
209.83377 4.275 0.2223409993 -0.0431323313
302.06729 10.869 0.2235071584 -0.0164014025
294.20617 9.687 0.2235071584 -0.0048961923
438.97194 1.517 0.2258111292 0.0476054931
283.01366 7.055 0.2268925283 0.0611358322
167.08539 12.572 0.2268925283 -0.1654325375
165.01913 9.687 0.2293197480 0.0429219211
191.08138 10.787 0.2303143081 -0.0890871270
711.06927 2.468 0.2337726183 0.0751601182
725.33099 11.1 0.2337726183 0.0444838398
418.95567 10.374 0.2337726183 0.0074345783
331.17529 11.712 0.2337726183 -0.0231671234
163.06002 1.001 0.2372675749 -0.0522525032
255.04659 1.162 0.2372675749 0.0636149413
189.95895 3.192 0.2372675749 0.0332842505
152.03747 0.922 0.2372675749 -0.0316988824
86.09634 1.065 0.2407992896 0.1047270857
290.13863 10.97 0.2407992896 -0.3294941107
316.04492 9.022 0.2437416899 0.0579685067
86.09628 1.047 0.2443678692 0.1055178366
269.08778 1.414 0.2474446422 -0.0861365059
608.38342 11.87 0.2479734159 0.0787454630
88.07557 0.874 0.2552957958 0.0777228089
190.92842 8.022 0.2587891511 -0.0288884748
698.16820 9.398 0.2590128093 0.0062114414
194.92729 4.977 0.2587891511 -0.0316561270
146.96114 0.743 0.2587891511 -0.0290645864
569.31421 11.238 0.2627671505 0.0442781253
111.02003 12.66 0.2627671505 0.0000000000
115.03993 0.99 0.2626495248 -0.0110714250
212.07631 2.342 0.2627671505 0.1651953477
199.03354 0.882 0.2665494799 -0.0944117984
113.02429 0.991 0.2704890954 -0.0326219903
149.04551 1.551 0.2744684448 0.1016998773
185.12834 7.4 0.2742548912 0.1054153537
332.19155 8.904 0.2742548912 0.0176096352
307.24774 12.579 0.2742548912 -0.0879574415
147.07643 0.914 0.2781592684 0.0898897939
236.22177 12.503 0.2781592684 0.1138564295
203.05259 1.204 0.2781592684 -0.0218372932
349.60466 1.028 0.2821013098 -0.0535910932
269.08792 0.988 0.2825466084 0.0240352577
308.18542 9.698 0.2860810670 0.0049638437
180.01162 0.852 0.2860810670 0.0675880390
267.84787 4.643 0.2866455396 -0.0556927875
105.03673 2.076 0.2900985857 0.0878815312
150.02283 0.922 0.2907844380 -0.1519734095
137.04578 8.857 0.3023780886 -0.0504593207
161.96956 5.914 0.3023780886 -0.0033261728
270.08905 11.955 0.3023780886 -0.0574146969
315.04161 9.833 0.3034413372 -0.0195766147
272.07651 7.249 0.3065470025 -0.0057361212
89.05968 2.623 0.3065470025 -0.0281225928
223.11742 8.987 0.3065470025 0.1474780140
719.96772 12.469 0.3065470025 0.0705314243
239.12775 12.444 0.3107538242 0.0068194815
672.85934 0.671 0.3120797289 -0.0181389137
221.15347 12.88 0.3149985655 -0.1220754917
298.05252 1.172 0.3149985655 0.0809309064
199.10770 8.742 0.3192812326 0.0606284763
91.00367 9.096 0.3208786375 0.0116483146
146.93846 9.294 0.3208786375 -0.0147189979
88.07560 1.067 0.3236018258 0.0562771309
127.03890 1.207 0.3236018258 -0.0422220714
415.25378 9.765 0.3236018258 -0.0123892441
354.93174 12.592 0.3236018258 -0.0007482209
363.06231 1.036 0.3253382929 -0.1195198617
86.05991 1.918 0.3279603394 -0.0412810356
239.14878 8.324 0.3279603394 0.0264117293
348.98978 11.448 0.3279603394 -0.0850612171
140.07027 1.006 0.3279603394 -0.0422078142
210.05010 7.041 0.3323567615 0.0674601227
210.05015 7.025 0.3323567615 0.0677053249
105.01920 1.397 0.3343779622 0.0685841521
209.83376 3.865 0.3343779622 -0.0171069050
329.08807 11.946 0.3343779622 0.0556544922
384.12233 6.947 0.3367910744 -0.0207790254
90.52578 1.842 0.3367910744 0.0095948952
185.03049 9.821 0.3367910744 -0.0252414083
138.05490 5.226 0.3367910744 -0.1491790169
399.49400 1.286 0.3367910744 0.1374232135
322.94348 10.845 0.3389579382 -0.0223286032
437.23557 9.826 0.3457732705 0.0029070306
223.09228 0.991 0.3457732705 0.1224858575
162.07700 0.889 0.3482380268 0.0487755274
107.07014 1.305 0.3503210873 0.0391779564
185.09192 7.552 0.3503210873 0.2603545699
311.00842 7.066 0.3503210873 0.0224488530
258.15450 8.641 0.3503210873 0.0123622556
444.99817 11.416 0.3529380600 -0.0007580245
264.07714 0.994 0.3529380600 0.0522542234
230.98854 11.635 0.3549066619 0.0015177743
465.12645 12.602 0.3549066619 0.0750177221
193.09712 6.272 0.3549066619 0.0098444625
188.94906 1.465 0.3576780214 0.0126409557
182.98610 9.194 0.3576780214 0.0083553278
316.94798 0.643 0.3576780214 -0.0064744519
319.00836 0.533 0.3576780214 0.0174823424
477.00025 10.29 0.3641908829 0.0199177612
271.18060 10.852 0.3641908829 -0.0630338809
432.04721 8.318 0.3688894125 0.1620312453
90.50687 7.619 0.3688894125 -0.0345838089
446.29603 10.761 0.3736254663 -0.0033652288
204.01919 9.981 0.3736254663 -0.0113106912
139.53088 1.201 0.3736254663 -0.0103670044
133.06070 0.894 0.3736254663 0.0849931013
210.06989 1.178 0.3770358967 0.0620597925
180.97290 1.07 0.3770358967 0.0366641740
372.25923 10.504 0.3783989698 -0.0147583809
396.45639 11.969 0.3783989698 -0.0229659208
182.98867 11.912 0.3819744973 -0.0098420898
188.94916 1.43 0.3819744973 0.0128733779
284.17018 9.876 0.3832098422 0.0323686745
412.86265 1.253 0.3832098422 0.0223963831
338.11688 6.931 0.3880579960 -0.0002179774
412.19637 8.44 0.3880579960 -0.0320622532
311.00018 10.361 0.3919700289 -0.0047477515
721.86372 0.651 0.3919700289 0.0207897713
162.07594 1.02 0.3978657654 -0.0293391332
383.24276 12.069 0.3978657654 -0.0135355434
236.58849 1.017 0.4028251733 -0.0404962343
246.97734 4.126 0.4028251733 0.0370409325
190.92841 8.49 0.4021226275 -0.0246587232
367.10526 0.978 0.4072575339 0.1365203569
241.10289 0.989 0.4078214472 0.1325283107
401.15295 10.707 0.4078214472 0.0122176927
145.12218 6.4 0.4078214472 0.2858461769
205.08172 2.444 0.4078214472 0.0742497098
132.10186 1.065 0.4078214472 0.1111515779
415.54919 1.007 0.4078214472 -0.0537911790
367.10513 0.988 0.4072575339 0.1360026479
165.04176 12.772 0.4124313406 -0.0040751096
487.62840 3.778 0.4124313406 -0.0146578015
183.07790 9.596 0.4230302273 0.0424654659
177.11198 6.256 0.4230302273 0.0072264231
143.10651 6.511 0.4281726942 0.0051706376
417.03007 9.815 0.4333513582 0.0037043566
159.07629 1.01 0.4333513582 0.0778969049
166.08610 7.964 0.4333513582 0.0520810521
707.35472 0.668 0.4388788003 -0.0271573096
365.10514 4.803 0.4491029600 0.0301031711
315.04162 10.418 0.4552041157 0.0013146149
85.02931 0.991 0.4607209307 0.0146699348
526.33502 11.108 0.4607209307 0.0605854875
222.99521 11.996 0.4651743898 0.0120076425
284.17015 9.68 0.4706017459 0.0585486061
416.28513 11.536 0.4706017459 0.1053392838
180.08653 1.783 0.4706017459 -0.0624476821
247.14414 10.417 0.4706017459 -0.0764174176
132.99174 11.311 0.4718659039 0.0105233672
248.96050 0.661 0.4718659039 -0.0173916262
250.17998 6.152 0.4760638787 -0.0261919172
102.12759 12.537 0.4760638787 0.2450143326
205.10695 10.206 0.4760638787 0.0645711300
269.08932 8.607 0.4815605803 -0.0645292284
261.12341 10.988 0.4815605803 -0.1205167796
198.04960 1.023 0.4831578765 -0.0836153741
88.11195 0.79 0.4870916360 -0.0768371331
133.10515 1.114 0.4926568242 0.1629275487
281.24847 0.429 0.4945949925 0.0008296522
217.04958 0.799 0.4982559169 -0.0755361757
165.11209 5.944 0.4982559169 0.0994065154
78.91870 3.875 0.5003673663 -0.0178149834
88.98779 8.834 0.5003673663 0.0000000000
209.10183 7.667 0.5038886790 0.0883794255
294.14084 3.52 0.5038886790 -0.0601855972
372.25891 11.165 0.5038886790 0.1240666592
793.31830 11.544 0.5038886790 0.0286450145
231.93157 9.376 0.5061752754 -0.0020288732
116.92850 11.957 0.5061752754 -0.0355646441
783.57184 12.247 0.5095548691 0.0941149483
79.51944 1.507 0.5095548691 -0.0106822502
166.05314 0.939 0.5095548691 0.0133479988
434.87184 1.655 0.5120184539 0.0792012822
502.85944 1.678 0.5120184539 0.0397149983
209.06660 1.251 0.5120184539 -0.0919044107
223.98822 12.487 0.5152542387 0.1107921399
272.17023 7.569 0.5209865329 -0.0033442972
175.09635 5.995 0.5209865329 0.0119399198
283.16937 12.138 0.5209865329 -0.0576343915
117.08494 1.011 0.5209865329 -0.0047784418
689.95621 12.574 0.5267514901 0.0101047733
360.23904 9.879 0.5357382827 0.0283942270
228.99393 11.618 0.5357382827 -0.0121958416
416.37491 11.688 0.5357382827 -0.0191193096
183.09899 6.515 0.5383783139 0.0552415960
111.02019 7.619 0.5383783139 0.0060386522
376.21774 9.262 0.5442396242 -0.0029464571
725.29382 9.519 0.5478023532 0.0482249245
306.08103 11.419 0.5501324850 -0.0098131558
101.07077 0.99 0.5501324850 0.0695546734
184.04007 6.249 0.5501324850 -0.0467350538
652.35148 0.688 0.5560566019 -0.0815053842
310.99992 9.847 0.5599992175 0.0189311345
81.52049 1.948 0.5620116739 0.0000640514
205.12233 10.874 0.5620116739 0.0479118680
447.08203 1.032 0.5679973936 -0.0233400736
150.05495 10.804 0.5679973936 0.0536918900
260.16772 11.756 0.5740134473 -0.0994171848
437.93057 3.589 0.5723262474 0.0384232525
233.12847 10.953 0.5740134473 0.0428889571
459.28007 10.076 0.5740134473 -0.0054052058
307.14011 10.363 0.5800595149 -0.0196986300
173.09307 1.007 0.5847806997 -0.0590198213
130.08608 3.859 0.5861352698 -0.0237161772
249.15572 1.016 0.5922403795 0.0285072330
106.04982 0.84 0.5922403795 0.0086633511
163.09646 8.511 0.5983745048 -0.0008758658
217.03298 1.411 0.6036950161 -0.0190844913
229.91606 11.99 0.6100603341 -0.0182991436
397.11301 1.167 0.6107284163 -0.0316869011
386.29016 12.02 0.6107284163 -0.0038847120
190.92842 5.012 0.6100603341 -0.0117765745
189.13456 6.238 0.6107284163 -0.0126919600
147.11266 1.298 0.6169474940 -0.0165182692
227.17524 7.949 0.6169474940 0.0080862538
250.18018 7.42 0.6231941705 -0.0310681127
90.05492 0.83 0.6294680766 -0.0197308854
126.97144 0.943 0.6294680766 0.0229742645
100.07559 1.37 0.6294680766 -0.0894824672
328.10279 10.232 0.6357688372 0.0178465031
437.29077 11.98 0.6358139414 -0.0019297917
131.07020 9.176 0.6420960714 0.0068593749
211.14407 9.009 0.6420960714 0.0292607804
261.09446 1.214 0.6420960714 0.0137705500
130.06211 1.029 0.6423234029 -0.0572175281
245.21099 11.725 0.6420960714 0.1012299305
126.97134 0.92 0.6548284081 0.0075182913
261.21717 11.699 0.6548284081 -0.0028368937
410.56647 0.991 0.6548284081 0.0089305769
104.03526 0.832 0.6554246727 -0.0031413118
315.04155 8.621 0.6554246727 0.0226384767
209.94902 5.841 0.6554246727 0.0258380705
283.10376 10.507 0.6612327201 -0.0113750253
153.06571 9.803 0.6612327201 -0.0524958300
303.91345 1.715 0.6620156198 0.0681621052
146.11750 0.877 0.6676619250 0.0183324043
117.09095 7.027 0.6741156138 -0.0045691467
785.50444 12.594 0.6741156138 0.0233096338
255.82207 3.971 0.6752759383 0.0105714658
277.11832 10.94 0.6805933719 -0.0132140593
167.09123 2.306 0.6870947797 -0.0123532735
250.17998 7.782 0.6870947797 0.0312452068
258.15462 8.299 0.6936194121 0.0201360384
315.04150 8.971 0.6953556955 0.0258356770
310.14136 10.22 0.7001668389 -0.0356007583
242.02522 10.323 0.7020975727 0.0246876845
133.08579 6.236 0.7067366249 0.0049433270
379.14916 11.813 0.7067366249 -0.0443603752
508.08591 1.012 0.7199415083 -0.0278854385
325.20100 11.795 0.7199415083 -0.0077768876
379.28156 0.626 0.7199415083 0.0320249525
331.09246 10.166 0.7265757106 -0.0105796756
203.00457 1.459 0.7292954931 0.0313669206
353.16799 1.006 0.7361501309 0.0518411239
101.05956 10.514 0.7399053629 0.0291854580
225.07557 11.622 0.7399053629 -0.0260574368
80.97482 3.003 0.7430258351 -0.0181052798
124.00731 0.904 0.7499220987 0.0391113595
326.70016 9.515 0.7533135936 0.0279884676
118.08623 0.915 0.7533135936 -0.0185932045
153.12730 10.118 0.7533135936 0.0124048876
279.18024 10.347 0.7533135936 -0.0044586018
180.06885 1.005 0.7533135936 0.0406462155
168.07780 1.032 0.7637742502 -0.0149353885
154.06217 1.055 0.7707290995 0.0092305277
182.10223 1.084 0.7735650217 0.0664185108
522.20241 6.584 0.7735650217 0.0839589093
239.09126 11.735 0.7735650217 -0.0166979917
217.06176 9.907 0.7777024310 0.0793944640
346.00940 8.557 0.7803506661 0.0019844109
314.34186 10.586 0.7871530828 0.0240210188
232.15429 4.856 0.7871530828 0.0190824054
259.18052 10.234 0.7939717788 -25.1133641931
146.96100 1.206 0.7987279899 -0.0358615686
245.07683 8.42 0.8008062576 -0.0050400334
76.03924 0.818 0.8008062576 -0.0079443807
199.10043 1.206 0.8145205583 0.0120717722
138.05484 4.812 0.8213993692 -0.0169350295
445.11963 12.49 0.8282919409 0.0552425094
111.02014 10.424 0.8351977596 -0.0024170488
508.35937 12.585 0.8351977596 0.0678073313
91.50454 9.41 0.8421163086 0.0326354115
518.83193 1.289 0.8412051656 -0.0392700180
87.05520 0.896 0.8421163086 -0.0165941239
92.52214 1.525 0.8421163086 0.0346126432
231.93170 11.761 0.8412051656 0.0073240901
360.99793 9.63 0.8483334527 -0.0001851982
726.82403 0.698 0.8490470682 -0.0070670073
416.35181 10.38 0.8490470682 -0.0526207842
461.80297 1.263 0.8490470682 0.0417558363
76.07560 0.762 0.8559895158 0.0613349288
72.08071 0.917 0.8629431261 -0.0087881918
302.23231 9.527 0.8768817209 -0.0180299430
659.33848 0.69 0.8768817209 0.0130009826
382.58487 0.991 0.8768817209 0.0154114326
344.22784 9.107 0.8838656424 -0.0027650929
276.13611 4.661 0.8838656424 -0.0074130159
111.02000 9.054 0.8838656424 0.0108406607
271.09953 11.391 0.8838656424 0.0012902826
244.15546 11.136 0.8841497999 0.0148814682
262.18017 8.577 0.8838656424 -0.0010974858
129.06569 0.987 0.8908586008 -0.0144010497
334.12581 1.044 0.8985471789 -0.0236139344
208.06134 11.426 0.8985471789 -0.0045535733
525.28825 10.405 0.8978600591 -0.0064723846
344.22801 9.105 0.9048694781 -0.0013144655
228.99405 11.33 0.9057587145 -0.0287218723
131.04616 0.888 0.9129780294 -0.0073708809
231.93167 11.489 0.9129780294 -0.0050068241
180.13815 10.712 0.9189100335 -0.0112049931
226.12834 4.744 0.9189100335 -0.0552278090
405.01419 1.275 0.9202045328 0.0026979562
278.19036 9.315 0.9259400829 -0.0234885487
449.11725 0.993 0.9259400829 -0.0112722423
197.12844 8.684 0.9329759198 -0.0220622387
303.22939 0.639 0.9329759198 0.0010734881
71.06032 9.925 0.9329759198 0.0252686109
316.04490 10.475 0.9346767322 -0.0009699219
231.08377 4.726 0.9400169969 -0.0252914164
317.18723 11.592 0.9419212380 0.0017220252
315.04139 9.462 0.9419212380 0.0170274127
90.50677 12.471 0.9470627660 0.1400310167
112.98560 0.672 0.9491705519 0.0217373943
185.00655 4.81 0.9491705519 -0.0058765503
385.90170 1.566 0.9541126777 0.0317954485
364.09756 6.636 0.9564240757 -0.0065477651
232.93500 9.648 0.9564240757 -0.0017432781
177.14837 10.693 0.9611661816 -0.1501587688
778.20494 9.657 0.9636812098 -0.0263942672
243.75525 3.939 0.9636812098 -0.0105777540
197.80798 4.227 0.9636812098 0.0147108001
212.11265 2.743 0.9682227265 -0.0530852156
190.92831 11.975 0.9709413539 0.0128931432
237.12318 6.91 0.9752817604 -0.0322075145
88.04027 1.037 0.9782039068 -0.0402727254
87.00860 1.205 0.9782039068 -0.0121759251
397.15988 10.063 0.9823427310 0.0072734563
414.33618 10.38 0.9823427310 -0.1032807288
171.09920 7.29 0.9823427310 0.0010890429
132.07667 1.015 0.9894050851 0.0445689581
116.07153 0.909 0.9927338322 0.0054479239
311.12905 0.991 0.9927338322 -0.0990906095
201.02649 10.16 0.9927338322 -0.0330451111
297.04541 6.041 0.9927338322 0.0052271833
366.11176 6.382 0.9964682694 -0.0455632365
390.87042 6.254 1.0000000000 -0.0985078574
