"m.z" "r.t" "p.value" "t.score"
245.16055 5.096 0.0000000001 -0.1792694783
348.10080 8.211 0.0000000001 -2.3354609603
506.20748 7.308 0.0000000001 28.0637229491
297.09353 5.148 0.0000000001 25.9001580880
202.01221 0.86 0.0000000001 0.2760159363
291.20673 10.714 0.0000000001 26.8119278491
295.07913 5.605 0.0000000001 0.2426265592
220.98079 11.494 0.0000000001 -0.4834723839
229.05791 5.313 0.0000000001 0.2742290459
116.92850 12.983 0.0000000001 29.2630769161
604.13812 8.48 0.0000000001 27.9996827809
279.11602 12.082 0.0000000001 0.9564851156
118.05098 0.862 0.0000000001 0.3538237996
288.00378 4.675 0.0000000001 0.0000000000
261.18080 11.062 0.0000000001 27.9244805865
264.12424 11.817 0.0000000001 0.0000000000
324.99643 2.073 0.0000000001 0.5530576383
326.23230 10.263 0.0000000001 -1.0310829365
346.08652 8.44 0.0000000001 -0.5088293168
464.08922 11.123 0.0000000001 -0.2999928293
253.05434 6.017 0.0000000001 0.6581432645
307.11092 12.054 0.0000000001 -0.4428157173
174.14874 8.541 0.0000000002 -2.2113250883
307.11091 10.806 0.0000000002 -0.0958308893
168.07661 2.356 0.0000000003 0.0000000000
305.09646 11.916 0.0000000003 -0.1160475242
287.07730 9.604 0.0000000004 0.4659907074
170.11762 6.354 0.0000000004 0.0884083810
289.15454 10.891 0.0000000005 2.2407071137
242.13058 8.916 0.0000000005 -28.4344993188
371.17238 10.818 0.0000000005 0.5830499435
343.12322 5.46 0.0000000005 1.8164907602
187.08647 12.053 0.0000000006 0.3972303689
275.21163 9.852 0.0000000006 4.8147430890
279.11598 10.313 0.0000000007 -0.1019429370
263.12129 11.682 0.0000000012 0.0000000000
191.99763 10.928 0.0000000016 0.6832808412
289.22728 9.974 0.0000000018 1.4662820402
186.11247 5.226 0.0000000021 0.1103066373
290.13862 11.042 0.0000000025 -1.1536554378
155.15427 5.154 0.0000000026 -0.1818724295
160.13313 0.929 0.0000000027 -0.2838785390
450.01277 1.949 0.0000000040 0.4176969390
290.13863 10.97 0.0000000043 -0.7148704511
219.13381 10.095 0.0000000057 6.0780691789
172.07175 9.946 0.0000000057 0.0913303478
321.89751 4.849 0.0000000073 1.3211984793
207.14907 8.611 0.0000000079 0.2918514949
333.09137 11.511 0.0000000078 -0.1369870327
119.52785 7.619 0.0000000107 -0.2496100722
101.01674 5.642 0.0000000104 0.8272416536
335.22869 10.076 0.0000000104 1.1924488312
154.12262 4.195 0.0000000107 0.0853125598
162.07700 0.889 0.0000000103 -0.4771042112
445.81506 12.734 0.0000000110 -25.7070856509
206.10339 0.808 0.0000000113 -0.3325081315
276.10116 7.893 0.0000000172 2.1692496576
305.22233 11.03 0.0000000172 0.3755273469
158.11745 10.092 0.0000000167 0.8978141307
176.12800 11.055 0.0000000182 1.1054558464
172.09674 10.106 0.0000000230 1.1362270534
572.35541 12.497 0.0000000230 1.0597957165
233.10721 6.699 0.0000000230 -0.1379693022
309.12663 11.904 0.0000000244 0.2360037011
269.12445 6.202 0.0000000266 -0.2633258694
172.09669 9.97 0.0000000274 0.6483556586
266.06696 10.05 0.0000000285 -1.0113289188
384.12233 6.947 0.0000000336 -0.1480792073
174.04068 9.047 0.0000000331 0.7724395243
793.36499 8.806 0.0000000388 0.3199470659
206.10331 0.816 0.0000000395 -0.3345986093
253.09279 5.964 0.0000000419 0.2690600594
139.03992 10.477 0.0000000419 0.2155581088
273.15962 10.88 0.0000000474 0.7194680792
189.13456 6.238 0.0000000502 0.2695629377
268.15443 8.687 0.0000000502 0.0000000000
213.12320 2.188 0.0000000579 0.2494042133
360.02505 8.292 0.0000000630 -0.1639339946
120.06550 0.875 0.0000000667 0.2653910472
260.16772 11.756 0.0000000747 -0.2606867712
335.19002 11.609 0.0000000989 0.3810945496
144.06298 0.713 0.0000001105 -0.1072801580
232.05761 9.265 0.0000001215 0.1939707734
490.28535 11.201 0.0000001342 1.6759040063
440.22751 8.348 0.0000001419 0.4393965832
428.05961 8.554 0.0000002387 29.2151497814
158.04011 0.897 0.0000002734 -0.3731670193
186.11234 2.243 0.0000002885 0.7540039229
206.02797 12.026 0.0000002886 0.2751655662
240.15945 8.688 0.0000004199 -0.1357508131
617.28564 8.799 0.0000004429 0.1758339736
235.12873 7.948 0.0000004548 0.2828412759
412.19637 8.44 0.0000004548 -0.1161393909
691.06024 9.046 0.0000004844 0.1677535092
160.84199 11.608 0.0000005694 0.1597847962
162.83902 11.979 0.0000006867 -0.1362913944
210.06989 1.178 0.0000007439 -0.3224871476
302.01938 5.534 0.0000007696 0.7441857973
407.18846 10.548 0.0000008764 0.6877288654
377.91489 4.919 0.0000012930 0.3652270016
333.11538 10.392 0.0000013229 1.9758648840
439.28392 12.663 0.0000015808 0.5585869487
706.32819 8.954 0.0000017055 1.7429098336
281.07666 10.459 0.0000020862 -0.2152568410
414.33618 10.38 0.0000021934 -0.1995039031
111.08028 10.089 0.0000021934 0.3397750248
296.95007 11.91 0.0000022221 -1.8642123092
228.07861 8.707 0.0000024851 -0.1438963985
423.12576 9.396 0.0000025884 0.0759613153
208.06134 11.426 0.0000026549 -0.0649243432
241.15468 4.688 0.0000030307 -0.0826780518
231.06209 9.352 0.0000030893 2.0756055772
307.11093 11.428 0.0000036008 0.1331649708
261.14835 12.903 0.0000036008 0.8807158640
250.18018 7.42 0.0000036902 -0.0821257765
338.11688 6.931 0.0000036902 -0.0564901608
480.00681 6.217 0.0000039713 0.3071706366
255.13494 9.538 0.0000042761 0.2246777921
255.09499 7.907 0.0000043782 0.2110623040
209.06651 1.5 0.0000056111 -0.3127332934
480.15680 12.825 0.0000061408 0.6037779807
249.10805 2.365 0.0000061408 0.3337481693
416.35181 10.38 0.0000061408 -0.1118571129
793.36467 9.087 0.0000059951 0.3099809934
185.12834 7.4 0.0000069212 -0.2634784144
377.14150 10.798 0.0000072592 27.1194531795
264.19561 6.634 0.0000074341 0.2236498732
207.12252 10.344 0.0000089857 0.5501643765
278.17495 7.936 0.0000092001 -0.0475153655
278.19036 9.315 0.0000103476 -0.0570837854
226.09353 10.051 0.0000105929 0.0771115120
241.08692 11.965 0.0000105332 -0.3893247600
229.15463 3.876 0.0000116310 -0.1570545828
124.00731 0.904 0.0000124426 -0.1589232963
177.14837 10.693 0.0000150101 -0.4758239411
250.17998 6.152 0.0000153599 -0.0754061302
365.10535 5.437 0.0000184520 0.5372743538
219.07628 10.787 0.0000206766 -0.1966479406
323.19003 11.58 0.0000206766 0.2309379123
290.15961 6.066 0.0000216361 0.3784429681
328.16675 10.866 0.0000218175 0.1350235216
647.41104 12.469 0.0000221316 -0.1268337205
165.06909 3.268 0.0000231552 -0.0745640080
256.01510 9.976 0.0000247754 -0.1658815732
377.91455 5.802 0.0000256290 -0.0462740884
207.07621 8.806 0.0000265031 0.3004089946
167.08539 12.572 0.0000271040 -0.3660829196
270.08905 11.955 0.0000271040 -0.1058611160
233.09932 6.804 0.0000277179 0.5290935997
317.14536 3.942 0.0000289855 0.2189839449
437.21277 12.146 0.0000296398 0.1850581978
569.26508 11.514 0.0000300686 -0.1021015509
111.52172 12.498 0.0000316879 -0.2293965031
349.08928 10.373 0.0000324000 0.2957666793
257.11322 8.472 0.0000331273 0.0381297719
209.03017 5.657 0.0000412324 0.0000000000
414.30011 11.739 0.0000460802 -0.1725386600
212.11807 9.798 0.0000491916 0.7289715331
243.13377 10.443 0.0000548242 0.3893105435
322.12982 12.527 0.0000560218 0.3064718113
217.11826 7.86 0.0000679726 0.2353228096
247.08243 10.759 0.0000927169 -0.1632634698
191.10249 10.256 0.0000953880 0.1916969321
363.16229 10.301 0.0001015740 0.3071687065
209.06660 1.251 0.0001123222 -0.2688679271
102.95671 8.75 0.0001171808 -0.1442519110
331.95245 4.82 0.0001274986 -0.0877423649
204.12289 1.12 0.0001276500 -0.2771688683
182.10223 1.084 0.0001276500 -0.2545767148
548.29046 12.305 0.0001303103 0.2457384585
302.01923 4.916 0.0001303103 0.6426819181
305.14947 10.889 0.0001330228 0.1757662737
286.20099 9.676 0.0001330228 0.3351999519
690.50885 12.897 0.0001386081 0.2133954764
259.09244 5.411 0.0001386081 0.2450547716
451.21470 10.875 0.0001386081 0.1465040843
146.11750 0.877 0.0001414829 -0.1265975805
211.10753 8.605 0.0001474017 0.2588853861
441.19742 11.281 0.0001507552 0.0923139511
340.26912 12.54 0.0001567187 0.1385207757
276.13611 4.661 0.0001700055 -0.0330669280
393.11557 10.785 0.0001734891 0.1997982797
145.08582 10.901 0.0001734891 0.5362550776
487.62840 3.778 0.0001854541 0.1719015399
196.14204 0.68 0.0001958408 -0.0541212083
465.12645 12.602 0.0002038741 -0.3208294539
726.82403 0.698 0.0002165063 -0.0918764952
640.16250 9.308 0.0002208778 0.2056363946
269.08780 10.595 0.0002392063 0.1181000433
272.13379 2.368 0.0002440064 0.2523945935
237.12318 6.91 0.0002488968 -0.0630053503
321.89743 5.763 0.0002569706 -0.0440390165
146.05992 10.774 0.0002693924 -0.1559255685
247.07118 11.161 0.0002747580 -0.2119569742
165.01160 11.331 0.0002857910 0.2179312574
705.82720 8.883 0.0002857910 0.4846438648
417.30441 12.205 0.0003407742 -0.3494525028
738.44891 12.651 0.0003407742 0.3269706914
205.12233 10.874 0.0003542681 -0.1610224473
233.16465 9.864 0.0003902208 0.2549768396
256.16943 9.741 0.0004134001 0.1263984289
356.27935 11.065 0.0004214080 -0.2245678162
333.14431 9.911 0.0004463095 -0.1200909059
698.16820 9.398 0.0004549107 -0.1972480498
432.27996 10.695 0.0004549107 -3.8590418772
471.24462 10.798 0.0005227374 0.0646662186
196.09662 9.84 0.0005295001 0.1012555300
659.33848 0.69 0.0005395864 -0.1841672958
216.06872 8.046 0.0005395864 0.1215985313
286.20103 9.535 0.0006039619 0.2911921212
349.24438 10.041 0.0006153620 0.1273695065
344.20657 10.379 0.0006269622 0.1759690932
262.18017 8.577 0.0006507753 -0.0388548407
185.11830 12.558 0.0006701206 -0.0886436369
113.03078 1.938 0.0008122405 0.4968218755
287.10956 8.45 0.0008425188 0.1432344011
133.08570 7.047 0.0008738412 0.3621582034
508.01346 5.713 0.0008878063 0.0669397590
449.30468 12.874 0.0008899040 0.1878612250
175.11892 1.026 0.0008899040 0.0890564218
113.03080 1.937 0.0009228540 0.5058386384
269.08932 8.607 0.0009397496 -0.1392775256
172.13321 4.594 0.0009744038 0.0503684444
509.38014 12.432 0.0010472890 0.0615219256
76.03924 0.818 0.0010855938 -0.1050797574
313.01459 8.756 0.0011052283 -0.0488531058
508.35937 12.585 0.0011052283 -0.2356189258
317.14938 10.984 0.0011251908 0.1081612533
219.12255 11.03 0.0011454862 0.0000000000
272.20084 10.484 0.0011661194 0.0899969332
217.06176 9.907 0.0012575692 -0.2531476298
239.01650 0.999 0.0013038274 -0.1240397805
640.16271 9.119 0.0013204495 0.1705065277
239.01644 1.016 0.0013275407 -0.1214064093
331.09246 10.166 0.0013439748 -0.0653938345
128.04539 9.945 0.0013439748 0.0528434487
471.19640 11.271 0.0013678863 -0.3711379309
329.08807 11.946 0.0014010892 0.0762592242
253.11829 6.707 0.0014168905 -0.0482595191
153.12730 10.118 0.0014168905 -0.1056039354
330.91568 12.664 0.0014675088 0.0975826405
226.08222 7.649 0.0015197889 0.0353262620
310.20133 9.1 0.0015737798 -0.0508618262
325.17107 10.465 0.0016295317 -0.0400939410
397.17136 10.833 0.0017344353 0.1678144137
226.12834 4.744 0.0017465260 -0.1396508651
199.96928 8.234 0.0017652726 -0.0655950772
289.06771 9.654 0.0018284646 -0.3708815622
515.56788 1.001 0.0020040014 -0.1675783498
307.24774 12.579 0.0020040014 -0.1940390116
245.09525 8.796 0.0020735970 0.1758566838
294.20617 9.687 0.0021821551 -0.0723434038
263.17526 10.779 0.0021821551 0.2044525477
279.18024 10.347 0.0021821551 -0.0075930702
382.14517 12.078 0.0022147345 -0.0863149305
197.12923 6.244 0.0022194831 -0.0491230595
440.29200 12.712 0.0023350058 0.4042261462
307.16514 10.397 0.0023747204 0.2209093955
156.07664 1.417 0.0024150526 0.1626188262
242.98224 6.978 0.0024560109 0.2125522583
421.20414 10.379 0.0025398403 0.1772385563
217.04941 1.246 0.0025827291 -0.1588483524
212.11265 2.743 0.0026262792 -0.1176683509
214.03322 0.96 0.0027669376 0.2320419105
241.03105 1.001 0.0028072750 -0.1432294690
361.18300 10.229 0.0028072750 0.4858859748
131.04616 0.888 0.0028622693 0.0826284952
191.06606 11.966 0.0031001951 0.1152377669
146.06332 5.783 0.0031516404 -0.7879665736
327.93213 5.808 0.0033294734 -0.0293026768
180.13815 10.712 0.0033652963 -0.0836387571
191.08147 10.173 0.0033652963 -0.0677833622
147.05113 9.687 0.0034769971 0.1053401079
208.09662 10.549 0.0037105805 0.1667063465
137.04564 10.098 0.0037711630 0.2665020026
310.14136 10.22 0.0038950326 -0.0577682322
416.37491 11.688 0.0039292639 -0.0562955983
353.26603 0.658 0.0040225869 -0.1118094964
251.17527 9.996 0.0040877757 0.1406347866
191.98266 0.935 0.0041539218 -0.1586175233
231.08377 4.726 0.0041539218 -0.1003039597
489.16273 12.42 0.0042891356 0.0708116672
321.89737 5.269 0.0043346618 0.0899422969
248.16462 9.682 0.0043582283 -0.0915756424
245.12827 10.024 0.0044994489 0.0759706308
652.33835 11.955 0.0047943956 0.0910894107
118.08623 0.915 0.0049483349 -0.1386347530
242.98246 7.374 0.0056978526 0.1372854319
237.08701 10.015 0.0057871587 -0.0703886386
188.06636 9.702 0.0057871587 0.1024573308
583.15175 9.301 0.0059745615 0.9711045378
176.12802 0.894 0.0060626995 -0.1158639608
476.30655 10.048 0.0061571392 -0.0041704902
232.15429 4.856 0.0062529016 -0.1485322440
379.19346 9.538 0.0062529016 0.1408781646
379.17993 11.998 0.0064484588 0.1226200789
353.16799 1.006 0.0064635784 0.0976409343
695.42517 12.546 0.0067521205 0.1097513391
191.13902 0.914 0.0067521205 -0.1399984728
154.06217 1.055 0.0068804023 0.1165333667
91.00367 9.096 0.0068804023 -0.0295151915
705.32528 9.119 0.0070685737 0.0322330432
90.50687 7.619 0.0071769801 -0.0814079479
240.11491 9.07 0.0073982807 -0.0589234472
761.58417 12.508 0.0073982807 0.0000000000
756.24129 8.822 0.0075112101 0.0937273748
99.51218 7.619 0.0076256828 -0.0655237208
147.11269 2.171 0.0077417169 0.0751415083
146.96100 1.206 0.0077872115 -0.0691075719
153.06571 9.803 0.0079785426 -0.2146039597
182.98610 9.194 0.0081539624 -0.0739292656
115.03881 4.262 0.0087284272 -0.1182601535
239.14878 8.324 0.0089920364 -0.0928052617
133.06070 0.894 0.0091264885 0.1179515793
409.08652 10.494 0.0094007881 -0.1022432551
89.05965 3.335 0.0095406766 -0.0483237696
204.12297 0.92 0.0095406766 -0.1887516602
608.38342 11.87 0.0099715450 0.0839619117
237.08688 10.308 0.0105729666 -0.2301297871
167.09123 2.306 0.0105729666 -0.0718967531
157.14146 7.82 0.0108856080 0.0350135098
118.06085 1.015 0.0110449886 -0.0897228412
447.89196 1.202 0.0112064391 -0.0862862756
323.14249 11.965 0.0113699821 0.1506013566
553.88232 12.299 0.0115356404 0.0788962679
522.08875 9.141 0.0115356404 -0.1044061177
162.07595 3.034 0.0120455389 0.1798362111
99.09158 0.871 0.0122198909 0.1659444179
272.16433 10.137 0.0123964753 0.1466920730
196.09681 9.124 0.0123964753 -0.1173223846
285.97708 9.15 0.0131400102 0.2010430290
397.11301 1.167 0.0131256192 -0.1065388842
356.24314 11.873 0.0131256192 0.0213689930
220.11785 6.676 0.0131256192 -0.1620007271
328.10279 10.232 0.0133137291 -0.0471907684
135.10161 5.036 0.0135042180 0.0158376616
189.08795 4.9 0.0137235250 0.0000000000
267.17197 12.682 0.0146985323 0.1667344576
190.92841 8.648 0.0156136404 -0.0572802140
102.95672 6.736 0.0158371788 -0.0585605814
308.18542 9.698 0.0159849897 -0.0344790056
412.86265 1.253 0.0162087628 -0.2257486475
221.15347 12.88 0.0162087628 -0.2392705512
129.06569 0.987 0.0162087628 -0.0840026526
360.99793 9.63 0.0162927139 0.0410410720
307.11085 12.348 0.0164352842 0.1469150293
277.15562 9.231 0.0167597226 0.0354188598
111.02000 9.054 0.0168966838 0.0621848888
219.07643 9.969 0.0171316182 -0.0657492944
480.85041 0.749 0.0171316182 0.0196019318
272.17023 7.569 0.0173694136 -0.0584720371
199.03354 0.882 0.0177291142 0.0622706546
508.08591 1.012 0.0178537018 -0.0767681518
387.11466 5.628 0.0182319828 0.1705360816
309.11905 9.619 0.0182319828 0.0498786090
190.11859 1.167 0.0183497798 0.1129739320
146.08105 6.033 0.0183497798 0.1156171477
114.06612 1.012 0.0183497798 -0.0835351213
175.04773 9.931 0.0188578824 -0.0607138110
180.06532 8.396 0.0188578824 -0.1272146873
195.99212 3.004 0.0190096976 -0.1286969737
310.21667 9.245 0.0191165171 0.0029954791
183.11264 6.732 0.0193782473 -0.1186784544
530.20775 7.351 0.0196431033 -0.0177567494
612.88161 0.614 0.0201823145 -0.0555506317
271.18060 10.852 0.0207343964 -0.1453680488
635.06859 9.138 0.0207343964 -0.0479795807
353.14236 11.998 0.0206525529 -0.0332565202
314.18103 9.221 0.0210153415 -0.1805666816
427.21881 10.726 0.0212270267 -0.1135620295
265.11811 10.779 0.0215871972 0.6946338772
147.11266 1.298 0.0218781712 0.1227062597
163.09646 8.511 0.0218781712 -0.0032584078
324.19171 10.394 0.0221725519 0.1275197916
110.54134 1.31 0.0224703715 -0.1083615025
582.15729 9.277 0.0227716625 -0.0786801684
128.04530 10.421 0.0227716625 0.0722915383
282.11969 8.251 0.0227716625 0.0078135747
434.21735 8.685 0.0227716625 0.0641360488
314.18100 9.212 0.0227716625 -0.1829107876
321.13092 8.71 0.0230764574 -0.0296085202
195.12266 6.237 0.0230764574 -0.0326735955
165.07559 2.494 0.0240121946 -0.1727991166
178.05854 1.363 0.0240121946 0.2607790722
233.00668 11.007 0.0246541456 -0.1217561895
310.11444 1.459 0.0246418776 0.0737917367
311.15530 10.615 0.0249806598 0.0539446567
161.09203 4.717 0.0249806598 0.2182599428
401.15295 10.707 0.0263244357 -0.0343389502
698.16849 9.637 0.0266699818 -0.0504887085
370.07357 5.901 0.0266699818 -0.1353385971
334.12581 1.044 0.0266978768 0.0239477727
438.97194 1.517 0.0266978768 -0.1081979220
205.10695 10.206 0.0270194384 -0.1382642608
444.99817 11.416 0.0281494321 -0.0113103644
310.11444 1.452 0.0281494321 0.0736654032
205.06813 0.998 0.0280916235 0.1174891620
694.92303 12.344 0.0284570754 0.1200178404
279.01201 9.316 0.0288266153 -0.0743930191
302.06729 10.869 0.0292002795 -0.0580025757
405.01419 1.275 0.0292822685 -0.0771419043
108.94851 0.711 0.0295781042 -0.0489578193
184.04007 6.249 0.0299601258 -0.1139191940
201.01679 2.458 0.0300590992 0.1803973489
158.08099 7.879 0.0299601258 0.0738914857
257.02774 4.803 0.0300590992 2.0281830132
247.18027 8.894 0.0303463810 0.1439623703
667.32529 0.715 0.0307369068 -0.0941774951
189.08695 10.311 0.0331718281 -0.0483396270
242.02522 10.323 0.0333460444 0.0621387252
250.17998 7.782 0.0335932945 -0.0667265283
419.14191 9.659 0.0337777763 -0.1620541591
250.03838 8.012 0.0340193328 0.0675905461
87.05520 0.896 0.0340193328 0.0973113609
151.06264 11.301 0.0353252649 0.1149860423
408.08248 9.042 0.0357699775 -0.0633757963
127.03890 1.207 0.0357699775 -0.0739949983
195.11263 6.089 0.0362194562 0.1149191197
107.07014 1.305 0.0375968835 -0.0563975216
379.14947 11.1 0.0375968835 -0.0618224994
315.04139 9.462 0.0378830010 0.0396247153
412.30566 11.373 0.0380658221 0.0746876050
582.15788 10.23 0.0380658221 -0.0813111146
185.03049 9.821 0.0395025868 -0.0379631961
525.28825 10.405 0.0399916260 -0.0161904452
88.98779 8.834 0.0403418313 0.0000000000
314.18103 9.232 0.0404857917 -0.1939427529
344.22801 9.105 0.0409851248 -0.0023489350
317.05589 8.206 0.0409851248 -0.0664220490
229.56254 1.202 0.0414896663 -0.1101642186
344.22784 9.107 0.0414896663 -0.0052267801
319.00836 0.533 0.0418811097 -0.0154536191
426.35752 12.401 0.0419994574 -0.1545912752
264.09794 10.479 0.0425145394 -0.0769472963
73.06475 7.028 0.0425145394 0.0260888072
96.04426 4.377 0.0425145394 -0.0942488314
583.16022 8.649 0.0435607423 -0.0901700272
705.32525 9.166 0.0435607423 0.0078669482
284.17015 9.68 0.0440919467 -0.1354085182
445.11963 12.49 0.0451707710 -0.0860856937
108.04423 11.408 0.0457184753 0.1078472456
520.33185 10.388 0.0468306802 -0.0149869531
584.16293 9.677 0.0468306802 -0.0285002449
309.18077 10.914 0.0468306802 0.0402158565
502.85944 1.678 0.0468002539 -0.0976915750
453.18585 12.336 0.0473952659 0.1149542003
258.11248 9.938 0.0479655642 -0.0165742476
191.08138 10.787 0.0479655642 -0.0658823849
388.25410 9.464 0.0497111647 -0.0114603217
524.15241 10.436 0.0521212290 -0.0292435758
466.81659 1.86 0.0521967821 -0.0404185662
284.17018 9.876 0.0521212290 -0.1244902644
174.95605 1.643 0.0528273105 -0.0795625488
486.24869 9.759 0.0527387852 -0.0645873771
317.05572 7.921 0.0527387852 -0.0794262905
310.17598 10.833 0.0527387852 0.0361012688
354.93174 12.592 0.0539922532 -0.0849094508
303.91345 1.715 0.0541074728 -0.0731012689
518.83193 1.289 0.0547572002 -0.0839298296
487.30560 11.514 0.0567455324 -0.0425520819
352.16861 12.568 0.0572350628 0.0399879726
348.89496 2.036 0.0574215172 0.0367578376
297.98584 10.886 0.0585767779 -0.0577760314
199.06869 9.063 0.0585767779 -0.1075232379
117.09095 7.027 0.0592573699 -0.0041976755
349.60466 1.028 0.0592573699 0.0527268529
406.07755 8.931 0.0606382481 -0.1031188079
427.09502 6.181 0.0606382481 0.1049081841
179.08471 6.26 0.0627594794 -0.2911596595
132.07667 1.015 0.0664310005 0.1310782357
303.22939 0.639 0.0671861363 -0.0434978665
434.87184 1.655 0.0676087824 -0.1109494905
322.94348 10.845 0.0683900496 -0.0460151788
129.06566 9.317 0.0687176065 -0.0878278720
388.25419 9.449 0.0687176065 -0.0051934792
389.16269 10.288 0.0694940330 0.0231404854
432.14178 9.674 0.0694940330 -0.0294073954
315.04150 8.971 0.0699748521 0.0391154021
227.03508 9.688 0.0710684993 -0.0539453665
110.54142 0.75 0.0710684993 0.0210487561
437.23540 10.424 0.0710684993 0.1390496795
199.09645 9.587 0.0710684993 -0.0711854262
783.81581 0.699 0.0718666316 -0.1047837211
663.43469 12.755 0.0718666316 0.2110792862
324.09111 12.039 0.0715896715 0.1035429489
131.07020 9.176 0.0718666316 -0.0083293202
440.02592 5.068 0.0766181559 0.0290948813
487.03583 1.444 0.0766181559 -0.1242472222
88.07559 0.78 0.0768109305 0.1286299010
279.13378 10.427 0.0776613311 -0.0758848502
187.07130 10.882 0.0785193845 -0.0529056729
177.10207 3.9 0.0785193845 0.0191721292
420.92733 9.22 0.0810252890 -0.0328321674
119.07014 6.478 0.0820290568 -0.0413812204
85.07597 9.659 0.0829260725 -0.0747701142
132.06535 4.662 0.0838310205 0.0743143457
104.10691 0.751 0.0838310205 0.0902364869
317.05597 8.648 0.0838310205 -0.0442941890
332.19155 8.904 0.0847439474 -0.0195597841
231.07733 11.943 0.0846972957 0.0789459599
239.12775 12.444 0.0847439474 -0.0861890240
307.85583 8.541 0.0846972957 -0.0211511902
159.05110 3.693 0.0856648998 0.1881176917
582.15797 10.491 0.0856648998 -0.0802377767
180.97290 1.07 0.0856360285 -0.1056479757
437.23557 9.826 0.0865939242 -0.0034584256
422.92822 10.675 0.0865939242 0.1097753922
157.01166 1.778 0.0875387174 0.0943863974
178.09029 4.179 0.0875310673 0.0553050141
387.28674 11.884 0.0894753666 -0.0467056659
91.05396 10.004 0.0894298958 0.0337287381
277.08920 2.364 0.0894298958 0.0413567667
239.09126 11.735 0.0903916743 -0.0350217994
118.04970 3.758 0.0903916743 -0.0921332461
189.04672 0.935 0.0913617577 -0.1386631940
298.05252 1.172 0.0923401924 -0.0482238595
210.13340 6.021 0.0923401924 -0.0473785348
419.04828 1.448 0.0924448792 -0.0725033987
328.24808 10.663 0.0953260691 0.1190700841
150.05492 9.579 0.0963383734 -0.0292539677
140.07027 1.006 0.0963383734 0.0846260733
265.15854 9.744 0.0973592609 -0.0639387496
112.98560 0.672 0.0975694542 -0.0394308935
145.07600 10.718 0.0983887779 0.0609617243
115.07521 4.193 0.0983887779 0.1033082073
211.08237 1.037 0.0986211195 0.0562802928
345.07263 11.048 0.0986211195 0.0524878408
564.35886 10.759 0.1015295670 0.0048512457
307.14011 10.363 0.1015295670 -0.0453298392
102.95662 5.572 0.1018304974 -0.0324011777
311.00024 10.987 0.1029185801 -0.0156555181
255.04329 11.107 0.1036674187 0.1074580729
153.06584 9.4 0.1036674187 0.0457951519
227.17524 7.949 0.1036674187 -0.0422377775
309.18085 10.921 0.1058408924 0.0129118125
246.97734 4.126 0.1080503539 0.0690948169
269.13839 11.789 0.1091686940 0.0063797797
193.09709 3.414 0.1102961675 0.0119939986
143.10651 6.511 0.1102961675 -0.0584204284
136.04808 1.003 0.1137338409 -0.0555867762
161.04539 1.564 0.1143148290 -0.0338866127
145.07600 11.109 0.1148983000 0.0530810866
367.10513 0.988 0.1155070547 -0.2399570850
367.10526 0.978 0.1155070547 -0.2399140124
140.07021 1.019 0.1172553390 0.0946275753
410.56647 0.991 0.1172553390 -0.0809922420
130.04974 4.011 0.1184480084 0.0218456363
272.94442 0.605 0.1184480084 0.0055272266
140.07022 1.01 0.1196501702 0.0871901999
137.04578 8.857 0.1196501702 -0.0950456227
446.29603 10.761 0.1196501702 -0.0033527450
100.07559 2.81 0.1208618689 -0.0633732212
432.04721 8.318 0.1208618689 0.2911606907
186.07591 5.789 0.1220831485 -0.0526019359
199.06892 9.647 0.1220831485 -0.1030330134
148.06036 0.977 0.1233140532 0.0408023530
171.02739 2.092 0.1241284089 0.1136505445
276.14394 5.173 0.1245546267 0.1287517381
204.15923 8.684 0.1270649552 -0.0078887752
332.24300 9.924 0.1270649552 -0.0306694165
205.06814 1.161 0.1270649552 0.0824547089
119.08140 9.653 0.1283347971 -0.0989532853
178.08377 9.047 0.1296144817 -0.1144886003
439.68412 3.58 0.1292756917 0.0308377380
101.07896 2.801 0.1296144817 -0.0866100824
279.17010 9.088 0.1309040522 0.0210849723
461.80297 1.263 0.1335130219 -0.0876739418
73.07600 9.618 0.1335130219 -0.1147127779
370.07339 6.623 0.1361620468 0.1210924043
336.85871 2.805 0.1359411329 -0.0322414356
366.11176 6.382 0.1375016857 -0.0854709190
111.02014 10.424 0.1375016857 0.0206987256
635.06932 10.199 0.1402114256 -0.0175068529
78.91870 3.875 0.1400659444 0.0247336881
213.03271 11.009 0.1402114256 0.0249952577
245.21099 11.725 0.1415816098 -0.0590058714
447.08203 1.032 0.1457539141 -0.0873809984
318.05966 8.714 0.1471654021 -0.0231988062
582.15784 9.692 0.1471654021 -0.0557613356
426.21226 8.517 0.1471654021 -0.0510299400
264.07714 0.994 0.1486036118 -0.0693322464
302.23231 9.527 0.1485873175 -0.0513000484
200.23726 9.743 0.1485873175 -0.0151804760
398.32649 11.304 0.1500197004 -0.1107872377
200.07205 9.032 0.1500197004 -0.0850894240
672.85934 0.671 0.1515361151 -0.0225477648
305.06317 10.048 0.1514625906 0.0286812094
269.05336 10.389 0.1514625906 -0.0990761775
340.13251 6.956 0.1558547003 0.0323245288
374.59629 1.031 0.1558547003 -0.1422096331
89.02439 1.449 0.1575330704 -0.1499652324
179.09099 9.09 0.1573400135 -0.1114205847
311.00842 7.066 0.1573400135 -0.0179357494
382.34265 11.093 0.1588360294 0.0561163666
261.12341 10.988 0.1603427864 -0.1304052464
480.15680 12.579 0.1633886753 0.1482111054
237.08673 7.957 0.1649278823 0.0383776462
233.07664 7.143 0.1664779806 0.0682706964
171.09920 7.29 0.1696109980 -0.0069775681
226.95144 0.643 0.1696109980 -0.0296007824
157.06169 4.523 0.1700639204 -0.0338648013
242.28430 9.88 0.1711939899 -0.0006099163
312.21699 8.835 0.1727880185 -0.1002504547
190.92842 8.022 0.1733103429 -0.0341453229
493.13580 8.792 0.1743931194 -0.0915290007
295.12886 9.271 0.1760093278 -0.0987310552
228.99393 11.618 0.1766028618 -0.0524955157
146.96129 2.582 0.1776366787 -0.1086328996
635.06930 10.43 0.1776366787 -0.0207411972
168.07780 1.032 0.1782665003 0.0452485507
221.05066 7.947 0.1792752066 0.1099410120
298.18579 10.238 0.1809249458 -0.1395919394
197.15340 12.767 0.1809249458 0.0850283395
243.11284 11.056 0.1825859301 0.0819943876
131.08129 8.998 0.1825859301 -0.0945384940
83.03866 0.637 0.1842581931 -0.0292483412
171.14906 0.951 0.1859417679 -0.0171832789
243.75525 3.939 0.1867599331 0.0229487981
635.06921 9.54 0.1876366875 -0.0343928097
399.49400 1.286 0.1876366875 0.0462969862
177.08678 6.573 0.1893429842 -0.0337331885
291.20654 9.885 0.1893429842 0.0328487938
103.04006 2.128 0.1902397437 0.0848933352
297.98553 8.106 0.1910606901 0.1301485275
206.10229 7.942 0.1927898370 0.1720857067
222.99521 11.996 0.1962825785 -0.0186915777
225.93234 3.726 0.1962825785 -0.0001657824
81.52049 1.948 0.1980462346 -0.0751926719
114.09122 5.331 0.1980462346 -0.0299388915
435.19839 11.83 0.1991477446 0.0788535643
297.98564 9.851 0.1998214546 -0.0109820772
230.08427 9.943 0.1998214546 0.0297495841
187.04184 1.45 0.2009653445 -0.0747056343
320.20668 12.357 0.2016082683 0.0296560599
281.15950 9.565 0.2034067050 -0.0079273202
203.00457 1.459 0.2064907108 -0.0688281327
249.02274 11.666 0.2064907108 -0.0092551320
257.09938 9.828 0.2070385629 0.0451109851
126.97134 0.92 0.2088720407 0.0509023969
91.50454 9.41 0.2088720407 0.0497579608
247.03088 1.446 0.2083567897 -0.0693321590
187.99651 0.829 0.2102350631 -0.0772863881
83.53570 0.571 0.2107172548 -0.0152400811
161.96956 5.914 0.2107172548 -0.0172656058
225.04926 4.79 0.2102350631 -0.0579410233
421.20432 9.899 0.2125742324 -0.0393809275
198.12756 10.512 0.2125742324 -0.0002998223
244.07913 1.192 0.2125742324 -0.0581133664
336.85849 10.106 0.2140283091 -0.0261533444
231.93157 9.376 0.2178706755 -0.0176950415
130.08616 0.963 0.2182160123 0.1379031639
780.21894 9.092 0.2220364964 0.0023353268
201.98379 6.282 0.2239646027 -0.0487925895
182.98867 11.912 0.2237268020 -0.0316003495
297.04541 6.041 0.2237268020 -0.0468203336
208.10014 4.098 0.2239646027 -0.0186324105
168.12290 3.516 0.2259046509 -0.0333239762
168.12286 3.898 0.2259046509 -0.0460637055
159.07629 1.01 0.2278566646 0.0218532480
177.11198 6.256 0.2298206669 -0.0241309244
241.10289 0.989 0.2298206669 -0.0613130946
258.91571 10.016 0.2296946447 -0.0299909357
164.95691 2.482 0.2296946447 -0.0285976791
175.05762 0.989 0.2317966805 0.0299221440
223.14409 9.125 0.2317966805 -0.0135414021
178.09031 10.06 0.2317966805 -0.1138049512
88.04027 1.037 0.2317088674 0.0996169718
652.35148 0.688 0.2357848301 -0.0181052999
107.04896 8.69 0.2377970090 -0.0750175313
111.02004 12.395 0.2377970090 -0.5447024301
195.05086 2.523 0.2398910924 0.0834836345
189.15960 1.36 0.2398212851 0.0251117774
383.24276 12.069 0.2398212851 -0.0144545558
286.17993 9.975 0.2439062094 0.0213620730
177.08682 8.887 0.2459668964 -0.1234251793
102.05483 8.933 0.2459668964 -0.1142602681
189.14840 10.117 0.2501248140 -0.0973700414
135.02986 1.549 0.2525428038 -0.0471457293
179.09351 9.273 0.2543315745 -0.0868450226
385.90170 1.566 0.2564533135 -0.0267367145
159.07617 9.025 0.2564533135 -0.1080291490
88.03921 2.029 0.2585873131 -0.0629826745
235.96117 3.8 0.2585873131 -0.0078589216
159.07624 9.146 0.2628921559 -0.1071055120
272.07651 7.249 0.2628921559 -0.0254662018
133.10515 1.114 0.2650630284 -0.1337696647
360.23904 9.879 0.2656522497 0.0258990919
190.92833 2.326 0.2701244041 -0.0412678233
209.09206 9.067 0.2716496155 -0.0067335379
126.97144 0.943 0.2716496155 0.0502691772
314.34186 10.586 0.2738698435 -0.0264702794
379.14916 11.813 0.2738698435 -0.0438825479
197.06686 8.384 0.2738698435 -0.0234646147
209.83365 4.953 0.2746479179 -0.0158746477
310.99992 9.847 0.2769289660 0.0671084101
102.95674 5.952 0.2769289660 -0.0423874184
86.09628 1.047 0.2828745558 0.0798754953
267.84787 4.643 0.2838494108 0.0196337200
283.10376 10.507 0.2874513325 -0.0253957691
149.08072 5.991 0.2874513325 -0.1047937121
303.20673 9.547 0.2897583569 -0.0110660773
88.11195 0.79 0.2897583569 0.0975346097
86.09634 1.065 0.2897583569 0.0799668811
190.92835 1.975 0.2885275584 -0.0313502309
147.07632 5.289 0.2920778155 0.1043838444
315.04161 9.833 0.2932574021 -0.0112997956
133.08579 6.236 0.2944097153 -0.0288797881
194.92729 4.977 0.2956417287 -0.0220843973
314.23240 10.038 0.2967540625 -0.0851039734
166.05314 0.939 0.2967540625 0.1307096739
210.05010 7.041 0.3038618424 -0.0440072872
242.98245 7.562 0.3038618424 0.0192100170
283.01366 7.055 0.3038618424 -0.0589322128
416.28513 11.536 0.3062560300 -0.1138456808
198.04960 1.023 0.3053085404 0.1469481888
311.12905 0.991 0.3053085404 0.1197689306
177.10193 10.234 0.3062560300 0.0264281373
210.05015 7.025 0.3062560300 -0.0439528276
421.16730 12.055 0.3086626873 0.0121181111
219.96644 7.563 0.3110818168 -0.0567559446
101.07077 0.99 0.3184140552 0.0447586247
199.10770 8.742 0.3184140552 -0.0242059297
130.05081 0.9 0.3176837417 0.1044445184
129.05452 7.943 0.3184140552 -0.0609297634
557.34613 12.217 0.3208830868 0.0365083067
236.22177 12.503 0.3208830868 0.0676093882
551.22772 8.55 0.3233645940 -0.0006121042
549.21370 9.63 0.3227246195 -0.1998277739
306.08103 11.419 0.3233645940 -0.0120370612
221.05068 9.929 0.3258585756 -0.0450319580
437.29077 11.98 0.3278173780 0.0141392247
281.02414 3.841 0.3283650296 0.0333456140
269.08778 1.414 0.3303832075 0.0830131734
181.05831 4.499 0.3308839535 0.1115261815
133.09701 9.684 0.3308839535 -0.0710382968
376.21774 9.262 0.3308839535 -0.0099505831
141.01566 3.755 0.3334153440 0.0814677907
225.07557 11.622 0.3334153440 -0.0362833800
190.92841 8.49 0.3329619997 -0.0266495809
293.09537 12.356 0.3334153440 -0.0344236962
415.54919 1.007 0.3359591973 -0.1529398125
725.29382 9.519 0.3355537505 0.0271740378
415.25378 9.765 0.3359591973 -0.0242989866
504.99520 10.63 0.3385155088 -0.0309246467
128.03523 4.581 0.3381584554 0.0307866686
188.93295 2.197 0.3381584554 -0.0143140837
136.04800 1.494 0.3410842733 -0.0016474366
203.04007 4.18 0.3436654850 -0.0405277741
196.09682 7.784 0.3436654850 -0.0363807404
160.13321 5.706 0.3462591372 0.0408514517
215.17541 7.058 0.3488652227 0.0039259960
150.05495 10.804 0.3488652227 0.0118876238
158.09236 9.95 0.3488652227 0.0267828769
116.07153 0.909 0.3513760746 -0.1142199159
257.09930 9.85 0.3567579969 0.0569762023
190.92831 11.975 0.3594616352 -0.0470893877
217.05670 5.627 0.3620818499 -0.0127108418
105.05448 1.968 0.3647623456 0.1086972787
264.17474 9.936 0.3647623456 -0.0339035782
195.05092 2.207 0.3676631018 0.0527385937
115.03993 0.99 0.3676631018 -0.0318324316
104.07053 0.875 0.3701604152 -0.1011924261
181.07165 0.988 0.3704226230 0.1103453210
173.09203 1.034 0.3728779629 0.0498080096
326.70016 9.515 0.3728779629 0.0020129291
388.87366 2.809 0.3759801292 -0.0191689569
459.28007 10.076 0.3838712363 -0.0084889066
276.00379 4.592 0.3838712363 0.0816710441
223.96317 2.425 0.3866502458 -0.0720289158
205.08168 1.646 0.3866502458 -0.0003385484
80.97482 3.003 0.3900975124 0.0212865837
197.12844 8.684 0.3922449735 0.0146317842
179.05607 7.974 0.3929591803 -0.0060351556
430.36731 0.756 0.3922449735 0.0134251977
187.87337 8.733 0.3929591803 -0.0200891585
83.03560 0.578 0.3950606542 -0.0095413427
203.01723 1.563 0.3958335329 -0.0385771071
130.06211 1.029 0.3958335329 0.0976434237
434.15768 9.106 0.3978885200 -0.0007764842
200.07224 9.616 0.3978885200 -0.0281114946
229.11827 0.988 0.3978885200 -0.0774097639
778.20494 9.657 0.3987205489 0.0150256751
223.98822 12.487 0.4007285504 0.0925869183
261.09446 1.214 0.4007285504 -0.0875628368
632.05529 1.0 0.4035807242 -0.1064099490
318.22760 10.422 0.4064450196 -0.0106471885
193.10697 8.321 0.4122098835 0.0252557046
477.00025 10.29 0.4122098835 -0.0390897154
294.20602 6.275 0.4122098835 -0.0148270674
320.13331 1.017 0.4180229523 0.0279682506
258.10995 0.974 0.4180229523 -0.0785708236
269.02976 10.317 0.4151104046 -0.0228005531
150.12764 10.599 0.4180229523 0.0533160536
190.15486 1.3 0.4180229523 -0.0204429968
180.06885 1.005 0.4180229523 0.0831115815
169.97727 2.61 0.4180229523 -0.0480428441
176.06577 1.113 0.4180229523 -0.0605069649
87.00860 1.205 0.4192822987 -0.0308418880
152.05663 10.045 0.4209475011 0.0374429615
175.09635 5.995 0.4238840248 -0.0354522030
165.01913 9.687 0.4252696747 -0.0088542268
132.99174 11.641 0.4222697677 -0.0052315915
259.18052 10.234 0.4238840248 -0.7069383121
197.80798 4.227 0.4252696747 -0.0086077615
99.04488 1.009 0.4252696747 0.0625361636
113.09592 6.146 0.4238840248 -0.1142284269
276.11887 5.255 0.4268324962 0.0775208477
294.14084 3.52 0.4297928878 -0.1823521889
79.51944 1.507 0.4297928878 0.0392406019
151.09639 3.899 0.4327651711 -0.0083051312
255.04659 1.162 0.4357493169 -0.0051310690
175.10759 1.012 0.4387452953 -0.0967211290
328.24829 9.581 0.4417530758 -0.0138340249
331.17529 11.712 0.4447726269 -0.0168998856
296.20090 9.244 0.4447726269 0.0050155927
98.98413 2.329 0.4478039166 0.0471748126
235.07137 9.931 0.4478039166 -0.0304386261
454.24306 9.525 0.4478039166 -0.0023654293
187.87340 8.427 0.4466147574 -0.0219817946
277.11832 10.94 0.4478039166 -0.0001572778
258.12554 8.709 0.4539015796 0.0178298564
707.35472 0.668 0.4590807171 0.0180419163
102.01944 2.648 0.4622273963 -0.0267916700
396.45639 11.969 0.4631352691 -0.0299487788
288.21670 9.624 0.4662362754 -0.0548137976
247.14414 10.417 0.4662362754 -0.3509368339
90.52578 1.842 0.4662362754 -0.0247466794
209.83377 4.275 0.4685567156 0.0095071097
90.50677 12.471 0.4724727304 -0.0487482559
382.58487 0.991 0.4724727304 -0.0447897970
144.10184 1.135 0.4724727304 -0.1082115879
129.93629 10.623 0.4749337171 -0.0371717757
170.15375 8.756 0.4756081026 0.0246372179
317.18723 11.592 0.4781399963 -0.0235439902
248.96050 0.661 0.4813580714 -0.0197824003
237.89749 2.487 0.4845878993 -0.0135441958
418.16272 8.633 0.4882629608 0.0004706705
445.07303 5.714 0.4878294361 0.0467001285
146.93846 9.294 0.4878294361 -0.0210749576
223.09228 0.991 0.4882629608 -0.0642502167
229.56251 1.002 0.4882629608 -0.0247068693
228.12846 0.972 0.4946578320 -0.0105877794
210.13344 8.407 0.4946578320 -0.0253505862
315.04155 8.621 0.4976238479 0.0630322040
81.52054 0.787 0.5075807221 0.0675977042
209.94902 5.841 0.5075219808 0.0225754975
206.10211 8.266 0.5173879519 0.0476459823
212.07631 2.342 0.5141080114 0.1064181277
473.97051 0.82 0.5175225204 -0.0318326646
725.33099 11.1 0.5173879519 -0.0354450829
725.33091 10.798 0.5173879519 -0.0287596791
209.83376 3.865 0.5175225204 0.0078466584
182.08107 8.577 0.5141080114 -0.0339965230
365.10514 4.803 0.5173879519 0.0319201914
160.93532 9.172 0.5175225204 0.0052335216
272.95899 0.639 0.5175225204 -0.0125087951
276.00377 4.139 0.5206786914 0.0210093465
348.98978 11.448 0.5206786914 -0.0369250859
289.06943 3.383 0.5208785543 0.0177505035
89.05968 2.623 0.5239801804 -0.0152631997
386.29016 12.02 0.5272923684 0.0017179680
437.93057 3.589 0.5276240890 0.0590508494
632.05540 0.993 0.5272923684 -0.0646550639
223.11742 8.987 0.5339486374 -0.0356074402
185.09192 7.552 0.5372926142 0.1003059033
551.22836 9.747 0.5406470818 0.0293735253
75.00862 7.446 0.5412475043 0.0129791273
104.03526 0.832 0.5446806044 0.0037669565
146.93845 2.351 0.5446806044 -0.0169126493
163.06002 1.001 0.5440119866 0.0779829917
174.08828 0.997 0.5481244882 0.0511122307
783.57184 12.247 0.5507728884 0.0887269362
258.91731 1.113 0.5515790969 0.0352873529
190.92839 9.84 0.5515790969 -0.0322589575
160.07973 4.375 0.5541687742 0.0689943462
138.05484 4.812 0.5575748748 -0.0263406649
711.06927 2.468 0.5575748748 -0.1839438011
311.00018 10.361 0.5620066744 -0.0022778735
719.96772 12.469 0.5644174898 0.0389956481
612.36945 9.954 0.5644174898 -0.0087318259
214.08938 9.197 0.5678538875 0.0061789421
188.94916 1.43 0.5760565657 -0.0355379204
487.28036 11.49 0.5782227262 -0.0110117888
252.12307 9.556 0.5782227262 -0.0087983393
207.01410 0.908 0.5851843803 -0.0307475169
204.01919 9.981 0.5851843803 -0.0119890133
190.92842 5.012 0.5867015987 -0.0367384921
156.96584 6.254 0.5886797493 0.0063289349
111.02019 7.619 0.5921847285 -0.0075926906
102.12759 12.537 0.5921847285 -0.0380981548
93.07378 0.817 0.5921847285 0.0052675932
149.04551 1.551 0.5902700909 0.0092972054
349.10883 0.973 0.5921847285 0.0264490293
279.13399 9.833 0.5956992537 0.0174332535
793.31830 11.544 0.5992232600 -0.0333334666
246.16996 5.941 0.5956992537 -0.0065001170
203.05259 1.204 0.5956992537 -0.0214899848
449.11725 0.993 0.5992232600 0.0089990331
290.26883 12.224 0.5992232600 -0.0158299699
379.28156 0.626 0.5992232600 0.0146818504
85.02830 0.999 0.5992232600 -0.0081698216
379.97192 3.482 0.5974368925 0.0089549235
113.02429 0.991 0.6010350643 0.0068819875
261.14441 5.814 0.6027566821 0.0030484298
699.36720 0.627 0.6046429906 0.0239503468
258.15450 8.641 0.6062994535 -0.0389994417
372.25923 10.504 0.6134127769 0.0100242736
780.21934 9.608 0.6169831931 0.0028671029
316.04492 9.022 0.6191708200 0.0117514172
209.10183 7.667 0.6241511907 0.0122445729
232.93500 9.648 0.6264913945 -0.0084407641
507.57935 0.991 0.6313549425 0.0182918779
504.99519 10.333 0.6313549425 -0.0324351634
209.13823 7.93 0.6349700490 -0.0240551518
100.07559 1.37 0.6349700490 0.0013327897
233.87537 2.909 0.6385938802 -0.0254804566
189.12329 3.624 0.6385938802 0.0388908273
116.92850 11.957 0.6375414117 -0.0062154162
246.04396 9.126 0.6375414117 -0.0101411901
231.17020 3.973 0.6422263635 -0.0672557868
131.08142 4.505 0.6422263635 -0.0472359884
417.03007 9.815 0.6422263635 -0.0479369495
179.05488 1.986 0.6422263635 -0.0177679505
204.05581 1.036 0.6458674257 0.0246864899
134.04472 2.01 0.6458674257 -0.0477052162
256.93816 2.426 0.6495169929 -0.0033829215
372.25891 11.165 0.6495169929 -0.0196477789
162.07594 1.02 0.6495169929 -0.0141590985
117.08494 1.011 0.6495169929 0.0020330046
85.02931 0.991 0.6524006483 -0.0107025387
96.96958 2.479 0.6524006483 -0.0335358911
397.15988 10.063 0.6568413441 -0.0215573648
173.09307 1.007 0.6561374154 -0.0264156675
203.05251 1.003 0.6568413441 0.0451424532
203.05260 0.997 0.6568413441 0.0451424532
255.82207 3.971 0.6561374154 0.0065130461
105.03673 2.076 0.6605159774 0.0741895265
90.05492 0.83 0.6605159774 0.0316102721
409.06754 1.095 0.6636367409 -0.0132231534
299.01967 4.218 0.6641988144 0.0311399586
256.10980 7.843 0.6641988144 0.0006704899
193.03524 2.468 0.6673991372 -0.0711502739
145.09707 0.931 0.6715887914 -0.0581802316
188.94906 1.465 0.6711699135 -0.0212949985
97.02825 1.049 0.6752957759 0.0065517264
134.89444 9.219 0.6749489871 0.0159522768
569.31421 11.238 0.6790106532 0.0042548381
244.15546 11.136 0.6787362747 -0.0074278183
128.95069 2.586 0.6827333441 -0.0172063438
149.11722 7.029 0.6827333441 0.0144604844
271.09953 11.391 0.6864637690 0.0041630972
316.04490 10.475 0.6863351558 -0.0021285554
117.06976 7.935 0.6864637690 0.0036799586
300.20181 8.715 0.6902018473 0.0060848489
249.15572 1.016 0.6939474984 -0.0084144653
201.02649 10.16 0.6939658785 -0.0419019091
72.08071 0.917 0.6939474984 0.0298772789
575.39459 12.631 0.6977006407 -0.0457700742
131.54204 0.971 0.6977006407 0.0212089899
269.08792 0.988 0.6977929658 -0.0132007616
90.52582 0.761 0.6977006407 0.0171993058
780.21936 9.632 0.7014611924 0.0038522047
316.94798 0.643 0.7016277546 -0.0032131814
168.09294 7.024 0.7014611924 -0.0273444293
207.14903 10.244 0.7052290709 0.0072672521
217.04958 0.799 0.7052290709 -0.0335466929
95.01369 0.988 0.7054701576 -0.0403883698
281.24847 0.429 0.7093200866 0.0090951485
721.86372 0.651 0.7093200866 -0.0086767987
390.87042 6.254 0.7093200866 0.0260693435
642.31799 0.711 0.7165758339 0.0299609570
145.06186 0.91 0.7170421674 -0.0295064069
345.07272 11.44 0.7209141402 0.0306882079
575.39471 12.566 0.7241754399 -0.0379799945
193.09712 6.272 0.7241754399 -0.0179664319
368.27930 10.977 0.7279855167 -0.0253846978
189.12341 0.99 0.7279855167 0.0210748697
120.08070 7.05 0.7318023278 0.0165956047
236.58849 1.017 0.7356257868 -0.0270350188
211.14407 9.009 0.7394558063 -0.0311828442
146.08114 0.943 0.7394558063 -0.0021183648
145.12218 6.4 0.7394558063 -0.0014984230
189.95895 3.192 0.7432922988 -0.0004638023
311.00019 10.587 0.7442933045 -0.0085895861
255.82195 4.296 0.7442933045 0.0250144246
125.02431 1.208 0.7482135255 0.0249136666
245.21100 12.02 0.7509843496 -0.0286772661
308.20093 9.228 0.7509843496 0.0025074524
275.05621 0.754 0.7482135255 -0.0522595290
97.02831 0.999 0.7509843496 0.0128357284
169.09472 0.91 0.7509843496 -0.0066242336
131.08252 0.985 0.7521402669 -0.0520670679
612.85868 0.702 0.7521402669 0.0105549550
71.06032 9.925 0.7587012285 -0.0611363056
149.04539 1.234 0.7639586655 -0.0307920701
325.20100 11.795 0.7664422172 0.0026183801
567.39009 0.618 0.7664422172 -0.0196483890
185.00655 4.81 0.7679105380 0.0014113190
165.04176 12.772 0.7718684530 -0.0069317577
161.04543 0.992 0.7718684530 -0.0253969438
217.03298 1.411 0.7758323136 0.0206402604
181.06275 0.995 0.7758323136 0.0168886112
261.21717 11.699 0.7780973177 -0.0028368668
401.24885 9.151 0.7819936158 0.0172844222
139.53088 1.201 0.7858953922 -0.0032622976
106.04982 0.84 0.7858953922 0.0120464354
88.07560 1.067 0.7898025539 -0.0079032702
227.89438 8.954 0.7917452556 -0.0147149252
266.08820 1.001 0.7917452556 0.0069064202
161.12841 1.01 0.7937150075 -0.0154945906
346.00940 8.557 0.7976326591 0.0075250383
308.20098 9.244 0.7976326591 -0.0096568151
166.08610 7.964 0.8015554145 0.0193404445
219.19531 12.438 0.8015554145 0.0868973949
187.94177 12.093 0.8037375696 -0.0034921534
183.07790 9.596 0.8054831791 -0.0176108333
304.15421 10.089 0.8054831791 -0.0075387983
231.93170 11.761 0.8077454483 -0.0375995232
201.03806 1.449 0.8077454483 -0.0066752350
179.08727 9.381 0.8133533555 0.0273372951
141.06581 4.488 0.8133533555 0.0441381732
86.05991 1.918 0.8133533555 0.0036788293
396.31046 11.517 0.8094158579 0.0265327819
342.26364 10.588 0.8133533555 0.0006610220
180.08653 1.783 0.8133533555 0.0283187571
426.21209 8.442 0.8212424239 -0.0016144645
87.04396 1.983 0.8251938022 -0.0093134335
116.07055 0.913 0.8291496142 -0.0428094459
144.06544 5.699 0.8331097630 0.0049554512
229.91606 11.99 0.8318952610 -0.0162113989
202.17990 9.685 0.8331097630 0.0036915025
71.01366 1.245 0.8359363653 0.0151157553
261.94159 4.797 0.8359363653 -0.0834685163
180.01162 0.852 0.8370741509 0.0153688993
180.08652 1.003 0.8450152530 -0.0511406024
226.92738 2.457 0.8440314756 -0.0104641095
230.24769 11.321 0.8410426803 -0.0009048509
132.03019 2.166 0.8399818048 -0.0685702083
105.01920 1.397 0.8440314756 -0.0037371286
132.99174 11.311 0.8440314756 -0.0046217287
363.06231 1.036 0.8440314756 -0.0165425500
147.07643 0.914 0.8450152530 0.0016922848
190.92843 10.84 0.8521430937 -0.0053661507
119.03487 0.991 0.8480852734 -0.0228498838
319.20160 9.052 0.8529721346 0.0125730323
145.04945 1.0 0.8489917707 -0.0304852135
180.05942 1.204 0.8521430937 -0.0083034367
228.99405 11.33 0.8480852734 -0.0389331161
145.04935 0.994 0.8489917707 -0.0304852135
188.16425 9.634 0.8529721346 0.0088989320
178.08624 9.139 0.8529721346 -0.1780174151
225.06165 1.205 0.8562048316 -0.0326659765
131.03477 0.991 0.8602703819 0.0191982251
356.24298 12.717 0.8649353125 -0.0210897100
102.95673 6.96 0.8643396391 0.0223498396
245.07683 8.42 0.8689300687 -0.0086660346
150.02283 0.922 0.8684124973 -0.0170545109
276.19543 8.459 0.8729281733 0.0145558238
165.11209 5.944 0.8769295261 -0.0058647563
375.16199 11.717 0.8769295261 0.0052323639
371.12243 11.684 0.8809340264 -0.0194801364
522.20241 6.584 0.8809340264 0.0644750939
230.98854 11.635 0.8849415734 0.0233431438
111.02003 12.66 0.8889520660 0.0000000000
138.05490 5.226 0.8889520660 0.1150548544
463.48311 1.347 0.8889520660 0.0231583668
200.10289 1.337 0.8929654030 0.0095790964
101.02432 0.988 0.8929193107 -0.0210658478
198.09718 1.002 0.8969814827 -0.0047921680
396.03459 4.792 0.8969814827 -0.0134907491
130.08608 3.859 0.9050214634 0.0662041308
200.54568 1.004 0.9050214634 0.0145030011
358.25885 9.566 0.9050214634 -0.0469281223
384.11905 1.015 0.9010002035 0.0189275353
91.05396 9.695 0.9050214634 0.0000597307
166.94304 3.234 0.9050214634 -0.0231873182
101.05956 10.514 0.9090451603 -0.0111794191
85.02833 1.167 0.9090451603 -0.0009622445
258.15462 8.299 0.9090451603 0.0323717429
233.12847 10.953 0.9090451603 0.0538775614
315.04162 10.418 0.9134210839 -0.0047859875
191.06619 1.892 0.9170994557 -0.0726309501
183.09899 6.515 0.9211298490 -0.0337312860
174.12357 5.985 0.9211298490 0.0050998198
270.19113 8.84 0.9251622690 0.0054502612
458.98352 1.44 0.9298647582 0.0040829741
173.10430 1.503 0.9339806378 -0.0076041421
173.92616 11.435 0.9380982830 -0.0231924613
176.10292 0.994 0.9413101536 -0.0529925860
173.92615 11.13 0.9587091501 -0.0134012286
180.10164 9.656 0.9574822011 0.0160683603
220.14418 9.691 0.9534372868 0.0141330419
347.84913 2.085 0.9534372868 0.0149070899
125.87298 8.404 0.9587091501 0.0022260963
215.86845 7.975 0.9545843244 0.0006120532
152.03747 0.922 0.9574822011 0.0651623009
418.95567 10.153 0.9574822011 -0.0377135809
418.95567 10.374 0.9534372868 -0.0285622405
283.16937 12.138 0.9574822011 -0.0015688795
199.10043 1.206 0.9574822011 0.0057316671
665.37395 0.645 0.9545843244 0.0026720082
146.96114 0.743 0.9628350816 -0.0171574644
238.09924 7.85 0.9696230982 0.0032326775
126.10252 0.936 0.9655752109 -0.0049745568
364.09756 6.636 0.9669620086 -0.0106829473
92.04305 1.438 0.9628350816 -0.0028223027
231.93167 11.489 0.9669620086 0.0010103608
101.02426 1.2 0.9710898206 -0.0024057189
255.82197 4.751 0.9710898206 0.0046719080
526.33502 11.108 0.9710898206 -0.0234448915
205.08172 2.444 0.9696230982 -0.0018225992
92.52214 1.525 0.9615282105 -0.0243291685
76.07560 0.762 0.9696230982 -0.0506313280
689.95621 12.574 0.9655752109 -0.0342393201
275.03886 11.955 0.9736717684 0.0040094287
360.96807 11.999 0.9736717684 0.0053326018
172.20593 8.813 0.9777211170 0.0201556987
127.05112 0.93 0.9793476579 0.0257350856
102.95673 5.012 0.9834774621 0.0390979915
203.04026 4.626 0.9858214325 0.0129991475
785.50444 12.594 0.9898721907 -0.0350673777
132.10186 1.065 0.9898721907 -0.0325931080
143.03485 0.992 0.9958690887 0.0108961426
143.03486 0.991 0.9958690887 0.0108961426
143.03486 0.991 0.9958690887 0.0108961426
88.07557 0.874 0.9939232100 -0.0144143955
127.03885 1.001 0.9939232100 0.0159697952
