"m.z" "r.t" "p.value" "t.score"
348.10080 8.211 0.0000000001 -27.7354853157
295.07913 5.605 0.0000000001 0.2044915362
264.12424 11.817 0.0000000001 29.0764269461
263.12129 11.682 0.0000000001 31.7056931850
297.09353 5.148 0.0000000001 1.3075265077
101.01674 5.642 0.0000000001 0.6811242559
343.12322 5.46 0.0000000001 0.9969055183
291.20673 10.714 0.0000000001 2.3453689740
261.18080 11.062 0.0000000001 1.9207914815
116.92850 12.983 0.0000000001 1.1319898555
279.11602 12.082 0.0000000001 0.5284683655
253.05434 6.017 0.0000000001 0.4161831648
174.14874 8.541 0.0000000001 -2.8382484913
289.15454 10.891 0.0000000001 0.8826423748
321.89751 4.849 0.0000000001 0.6033363722
275.21163 9.852 0.0000000001 1.0218586320
191.99763 10.928 0.0000000001 0.4328996431
326.23230 10.263 0.0000000001 -1.4480923644
307.11092 12.054 0.0000000001 -0.5418903877
305.22233 11.03 0.0000000001 0.3265222121
464.08922 11.123 0.0000000002 -0.3720575702
242.13058 8.916 0.0000000002 -28.1123995116
174.12357 5.985 0.0000000002 0.2858007097
289.22728 9.974 0.0000000004 0.6432654017
229.05791 5.313 0.0000000003 0.1927967279
365.10535 5.437 0.0000000005 0.5352321157
506.20748 7.308 0.0000000005 1.1287537333
307.11093 11.428 0.0000000007 0.1389813512
604.13812 8.48 0.0000000009 1.0155663041
371.17238 10.818 0.0000000013 0.4092238660
187.08647 12.053 0.0000000014 0.2809501194
207.14907 8.611 0.0000000017 0.2211918246
176.12800 11.055 0.0000000044 0.6645693473
288.00378 4.675 0.0000000061 3.2689474085
276.10116 7.893 0.0000000072 0.7722505296
287.07730 9.604 0.0000000108 0.3984723705
273.15962 10.88 0.0000000115 0.5881223777
445.81506 12.734 0.0000000154 0.0000000000
119.52785 7.619 0.0000000170 -0.2826162637
335.19002 11.609 0.0000000200 0.3552403164
220.98079 11.494 0.0000000224 -0.6183511462
450.01277 1.949 0.0000000228 0.3960153951
155.15427 5.154 0.0000000286 -0.1577738942
377.91489 4.919 0.0000000282 0.2521231198
219.13381 10.095 0.0000000295 1.1176485997
172.09674 10.106 0.0000000346 0.8887019396
691.06024 9.046 0.0000000378 0.2137690593
360.02505 8.292 0.0000000393 -0.1089817006
440.22751 8.348 0.0000000406 0.3338022156
160.84199 11.608 0.0000000431 0.1292488802
346.08652 8.44 0.0000000558 -0.3599964649
144.06298 0.713 0.0000000612 -0.1046396830
279.11598 10.313 0.0000000694 -0.1009694611
158.11745 10.092 0.0000000836 0.7670130810
307.11091 10.806 0.0000000890 -0.0854309172
219.07628 10.787 0.0000001007 -0.2385696016
245.16055 5.096 0.0000001211 -0.1837468562
139.03992 10.477 0.0000001232 0.1661606487
266.06696 10.05 0.0000001354 -1.2488805291
335.22869 10.076 0.0000001369 0.8113264143
428.05961 8.554 0.0000001500 1.1701983485
647.41104 12.469 0.0000001455 -0.1541886009
290.13863 10.97 0.0000001500 -0.7515868556
253.09279 5.964 0.0000001441 0.2392826566
508.01346 5.713 0.0000001847 0.1169848339
170.11762 6.354 0.0000002032 0.0651420673
490.28535 11.201 0.0000002158 0.5341420188
285.97708 9.15 0.0000002362 0.2167513229
290.13862 11.042 0.0000002584 -1.3173819392
387.28674 11.884 0.0000002670 -0.0883648363
186.11247 5.226 0.0000003584 0.0688402366
233.16465 9.864 0.0000004154 0.2088168169
226.09353 10.051 0.0000004672 0.0673374941
209.03017 5.657 0.0000005342 1.9600813271
172.09669 9.97 0.0000005902 0.5273907536
344.22784 9.107 0.0000006439 -0.0051955467
146.05992 10.774 0.0000006628 -0.1626246438
256.01510 9.976 0.0000006823 -0.1740748492
154.12262 4.195 0.0000007228 0.0754438886
309.12663 11.904 0.0000007228 0.1967482069
221.15347 12.88 0.0000008111 -0.3408498821
302.01938 5.534 0.0000009097 0.2968105499
206.02797 12.026 0.0000009355 0.2560127895
321.89737 5.269 0.0000010210 0.1104441242
111.52172 12.498 0.0000010198 -0.3771434786
305.09646 11.916 0.0000010511 -0.1228864939
255.09499 7.907 0.0000010795 0.1707230953
324.99643 2.073 0.0000011804 0.3787508675
307.24774 12.579 0.0000013163 -0.1713497276
172.07175 9.946 0.0000013539 0.0754188716
432.27996 10.695 0.0000013539 -27.8958319842
270.08905 11.955 0.0000014324 -0.1100583571
99.51218 7.619 0.0000015152 -0.0642696616
480.00681 6.217 0.0000016026 0.2544188905
416.35181 10.38 0.0000016026 -0.1059876176
289.06771 9.654 0.0000016197 -0.6794906669
572.35541 12.497 0.0000019483 0.7862562930
165.06909 3.268 0.0000021769 -0.0733778355
793.36499 8.806 0.0000021769 0.2422497982
250.17998 6.152 0.0000021769 -0.0610995598
333.09137 11.511 0.0000022140 -0.1450242219
328.16675 10.866 0.0000024093 0.1125013791
414.33618 10.38 0.0000024311 -0.1710276982
237.08701 10.015 0.0000026403 -0.1076855917
174.04068 9.047 0.0000030147 0.4457340647
344.22801 9.105 0.0000038667 -0.0023505258
212.11807 9.798 0.0000038667 0.3912708366
239.12775 12.444 0.0000039726 -0.1189976073
617.28564 8.799 0.0000044247 0.1959017451
211.10753 8.605 0.0000046689 0.2028507356
706.32819 8.954 0.0000047957 1.5974843165
407.18846 10.548 0.0000049259 0.5121514779
323.19003 11.58 0.0000050595 0.3173336349
281.07666 10.459 0.0000057809 -0.2176859392
226.08222 7.649 0.0000059365 0.0381737029
317.14938 10.984 0.0000064279 0.1103079565
111.08028 10.089 0.0000069581 0.2612823701
269.08932 8.607 0.0000071439 -0.2052733918
302.01923 4.916 0.0000073345 0.3334225215
167.08539 12.572 0.0000083626 -0.3433277445
260.16772 11.756 0.0000090441 -0.2125605675
282.11969 8.251 0.0000090441 0.0087225428
294.20617 9.687 0.0000095276 -0.0669933179
196.09662 9.84 0.0000097785 0.0829984133
237.08688 10.308 0.0000097785 -0.2690498827
235.12873 7.948 0.0000105696 0.2218443819
208.09662 10.549 0.0000114217 0.1352077487
233.10721 6.699 0.0000117200 -0.1508378521
333.11538 10.392 0.0000120257 1.5054643298
255.13494 9.538 0.0000140412 0.3292762762
412.19637 8.44 0.0000140262 -0.0940580752
331.09246 10.166 0.0000143890 -0.1060003482
237.12318 6.91 0.0000163417 -0.0566891093
168.07661 2.356 0.0000171914 1.0312689618
384.12233 6.947 0.0000176318 -0.0806602997
189.08795 4.9 0.0000181987 1.8317352862
417.30441 12.205 0.0000185452 -0.3910839699
305.14947 10.889 0.0000185452 0.1525471960
207.12252 10.344 0.0000190187 0.4323205094
213.12320 2.188 0.0000195036 0.1903068519
278.19036 9.315 0.0000200003 -0.0700218305
250.18018 7.42 0.0000200003 -0.0642286736
445.07303 5.714 0.0000217807 0.0969339384
349.08928 10.373 0.0000226699 0.2281458845
259.09244 5.411 0.0000232430 0.2660571171
345.07263 11.048 0.0000253760 0.2612881534
196.14204 0.68 0.0000269822 -0.0621087349
233.09932 6.804 0.0000305284 0.3503275905
269.08780 10.595 0.0000312889 0.1096735286
177.14837 10.693 0.0000328643 -0.5051716544
207.07621 8.806 0.0000399516 0.3860552365
217.11826 7.86 0.0000399516 0.2014837327
278.17495 7.936 0.0000409332 -0.0444243662
205.06813 0.998 0.0000419378 0.1931416166
257.11322 8.472 0.0000440175 0.0367055468
423.12576 9.396 0.0000462297 0.0930671028
277.15562 9.231 0.0000497659 0.1246835090
338.11688 6.931 0.0000508593 -0.0340738627
241.08692 11.965 0.0000510005 -0.3875741693
228.07861 8.707 0.0000520933 -0.1224113526
793.36467 9.087 0.0000573191 0.2357616574
290.15961 6.066 0.0000615602 0.5840758461
583.15175 9.301 0.0000619768 1.0277176348
363.16229 10.301 0.0000692958 0.2191783409
272.13379 2.368 0.0000797931 0.1705393715
333.14431 9.911 0.0000855892 -0.1465518333
486.24869 9.759 0.0000876081 -0.1108449667
640.16250 9.308 0.0001054572 0.2119942198
219.12255 11.03 0.0001054572 0.0000000000
434.21735 8.685 0.0001104280 0.0651054108
165.01160 11.331 0.0001183004 0.2082572910
515.56788 1.001 0.0001210401 -0.2010851007
243.13377 10.443 0.0001210401 0.2436754657
268.15443 8.687 0.0001238395 0.0000000000
286.20103 9.535 0.0001452128 0.2856691087
186.11234 2.243 0.0001778165 0.3326087545
162.83902 11.979 0.0001787393 -0.1149891818
286.20099 9.676 0.0001778165 0.3008760681
157.14146 7.82 0.0001987872 0.0384104951
415.25378 9.765 0.0002078089 -0.0295903680
465.12645 12.602 0.0002425054 -0.3437735948
264.19561 6.634 0.0002533751 0.1524523906
247.08243 10.759 0.0002682502 -0.1722126967
640.16271 9.119 0.0002705396 0.1923972785
210.06989 1.178 0.0002742884 -0.3416706440
265.15854 9.744 0.0002825816 -0.1215721430
261.14835 12.903 0.0002887893 0.6165100592
202.01221 0.86 0.0003132766 0.1149876067
118.08623 0.915 0.0003288006 -0.1255686963
247.07118 11.161 0.0003432519 -0.2304265442
377.14150 10.798 0.0003432519 1.7885528578
253.11829 6.707 0.0003506984 -0.0499616343
193.09709 3.414 0.0003902510 0.0169642459
451.21470 10.875 0.0003986459 0.1398941395
217.04941 1.246 0.0004159443 -0.1203013158
232.05761 9.265 0.0004253265 0.1480884843
229.11827 0.988 0.0004248541 0.4409714669
246.04396 9.126 0.0004537693 0.0846947523
379.14916 11.813 0.0004721382 -0.0732971817
480.15680 12.825 0.0004923916 0.3966560515
353.16799 1.006 0.0005160568 0.1704461992
287.10956 8.45 0.0005242954 0.1000563325
277.08920 2.364 0.0005242954 0.0433874081
756.24129 8.822 0.0005353512 0.1163756664
310.14136 10.22 0.0005698357 -0.0908638993
206.10229 7.942 0.0005817827 0.6042936681
393.11557 10.785 0.0006063796 0.1614043613
133.08570 7.047 0.0006860991 0.2564508123
269.12445 6.202 0.0007002969 -0.1639785657
311.00842 7.066 0.0007445453 -0.1166887830
329.08807 11.946 0.0007540217 0.1080305708
520.33185 10.388 0.0007913786 -0.0144055044
264.09794 10.479 0.0007913786 -0.1369238811
308.18542 9.698 0.0008409339 -0.0331885194
222.99521 11.996 0.0008580818 -0.0347177155
180.06532 8.396 0.0008755535 -0.1079386484
216.06872 8.046 0.0008755535 0.1115212663
328.10279 10.232 0.0008755535 -0.0658817533
276.00379 4.592 0.0009679659 0.1115943256
761.58417 12.508 0.0010073982 0.0000000000
111.02003 12.66 0.0010276672 -0.7296780132
145.08582 10.901 0.0010693422 0.4414441597
549.21370 9.63 0.0010907577 -0.3313793416
163.09646 8.511 0.0011125758 -0.0027015981
283.01366 7.055 0.0011574207 -0.1152197978
185.12834 7.4 0.0011804643 -0.1519348126
356.24314 11.873 0.0012039311 0.0196982024
397.11301 1.167 0.0012039311 -0.0891018820
348.89496 2.036 0.0012811561 0.0332377631
508.35937 12.585 0.0012769421 -0.2107589416
133.10515 1.114 0.0012769421 -0.3123214796
427.21881 10.726 0.0013070018 -0.1887456935
344.20657 10.379 0.0013540215 0.1473156988
738.44891 12.651 0.0014353729 0.2299318173
314.18103 9.232 0.0015508555 -0.1614736420
108.04423 11.408 0.0015810333 0.1141409180
612.88161 0.614 0.0016430171 -0.0931436194
314.18100 9.212 0.0016430171 -0.1675112133
575.39459 12.631 0.0016748405 -0.0417637422
569.26508 11.514 0.0018268255 -0.0958638305
575.39471 12.566 0.0018426328 -0.0506991705
242.98224 6.978 0.0018426328 0.2492337271
262.18017 8.577 0.0019505849 -0.0488928447
317.14536 3.942 0.0020257467 0.1453743019
172.13321 4.594 0.0020643159 0.0555190801
310.11444 1.452 0.0021733387 0.0739377075
72.08071 0.917 0.0022674626 -0.1259276049
289.06943 3.383 0.0023458843 0.0235979881
132.10186 1.065 0.0023537296 -0.1958172854
412.30566 11.373 0.0023979807 0.0876643630
307.16514 10.397 0.0024429922 0.1390216993
281.24847 0.429 0.0024367812 0.0205284377
284.17018 9.876 0.0024429922 -0.1578207629
322.12982 12.527 0.0024429922 0.2109438689
387.11466 5.628 0.0024834283 0.2515877825
116.07153 0.909 0.0025791820 -0.2009327677
263.17526 10.779 0.0026308764 0.2256076160
178.09029 4.179 0.0026798670 0.0873579856
153.06571 9.803 0.0026798670 -0.1699097382
147.05113 9.687 0.0027296900 0.0790211723
256.16943 9.741 0.0028318834 0.1150862452
302.06729 10.869 0.0029917351 -0.0711907090
311.15530 10.615 0.0030468215 0.0462714850
461.80297 1.263 0.0031597785 -0.1315045385
314.18103 9.221 0.0032176769 -0.1720536241
347.84913 2.085 0.0032765404 -0.0989347827
115.07521 4.193 0.0032765404 0.0973181759
363.06231 1.036 0.0032884223 -0.2721042350
146.08105 6.033 0.0033363832 0.0716725054
217.05670 5.627 0.0039214727 0.0309329245
242.98246 7.374 0.0039214727 0.2117138019
437.93057 3.589 0.0039502503 0.0961028844
414.30011 11.739 0.0040635343 -0.1709195722
91.00367 9.096 0.0042472688 0.0363749722
272.20084 10.484 0.0042853976 0.0686474667
272.16433 10.137 0.0043617580 0.1217828658
181.07165 0.988 0.0044831692 0.1919067208
86.09628 1.047 0.0047623809 -0.2250898050
137.04578 8.857 0.0048463942 -0.0950265523
86.09634 1.065 0.0050184555 -0.2278394463
118.05098 0.862 0.0050804236 0.1263091887
417.03007 9.815 0.0051960213 -0.0637057464
437.21277 12.146 0.0051960213 0.1486633896
310.11444 1.459 0.0053577232 0.0697105447
151.06264 11.301 0.0055682822 0.1316653635
372.25891 11.165 0.0056650310 0.1061690117
354.93174 12.592 0.0056650310 -0.1107586357
419.14191 9.659 0.0057487046 -0.1054874106
156.07664 1.417 0.0058630904 0.0925550262
356.24298 12.717 0.0058630904 -0.0365967543
167.09123 2.306 0.0060673703 -0.0714719034
258.11248 9.938 0.0061718955 -0.0143136162
307.14011 10.363 0.0062780395 -0.0604594004
525.28825 10.405 0.0063858238 -0.0192989601
257.02774 4.803 0.0067240144 27.7932200647
255.04329 11.107 0.0068338065 0.1267662573
397.17136 10.833 0.0068410870 0.1234305835
382.34265 11.093 0.0071881143 0.0734571059
148.06036 0.977 0.0071881143 0.2196710612
179.05607 7.974 0.0072033733 0.0908315419
158.08099 7.879 0.0073098299 0.0692960611
185.03049 9.821 0.0075588233 -0.0353368153
182.10223 1.084 0.0075588233 -0.0891539376
229.56251 1.002 0.0078153944 -0.0796016993
324.09111 12.039 0.0078455855 0.1123999254
205.12233 10.874 0.0080797403 -0.0825868117
396.31046 11.517 0.0082148917 0.1100393272
275.05621 0.754 0.0086836241 -0.0573387766
90.50687 7.619 0.0089214613 -0.0731818603
231.06209 9.352 0.0094421625 0.7114737428
176.06577 1.113 0.0095252823 -0.1672079644
340.26912 12.54 0.0098406481 0.0914015187
345.07272 11.44 0.0100909715 0.0801232670
209.06660 1.251 0.0102592536 -0.1816781548
487.62840 3.778 0.0107791859 0.1150490607
249.10805 2.365 0.0108432928 0.0819831058
210.05015 7.025 0.0110189542 -0.1027393278
349.24438 10.041 0.0110189542 0.0984779307
435.19839 11.83 0.0111386952 0.0830428422
296.95007 11.91 0.0113224126 -0.4831286614
447.89196 1.202 0.0117471452 -0.0800916834
276.00377 4.139 0.0117471452 0.0872987326
191.10249 10.256 0.0119357342 0.1022916956
382.58487 0.991 0.0119357342 -0.0820883154
194.92729 4.977 0.0120844684 0.0802206865
248.16462 9.682 0.0121270027 -0.0996333140
210.05010 7.041 0.0121270027 -0.1027171003
133.06070 0.894 0.0125177063 -0.1399041050
247.18027 8.894 0.0127172061 0.1513956710
203.01723 1.563 0.0131007420 -0.0880484671
705.82720 8.883 0.0131246658 0.1777560836
113.03078 1.938 0.0135436276 0.2996512150
184.04007 6.249 0.0135436276 -0.0856256811
276.13611 4.661 0.0135436276 -0.0240716635
309.18077 10.914 0.0137575062 0.1360285243
199.96928 8.234 0.0137461517 -0.0639312427
177.10207 3.9 0.0137575062 0.0099980362
161.09203 4.717 0.0141942297 0.2014141405
168.09294 7.024 0.0141942297 -0.0782234451
508.08591 1.012 0.0141942297 -0.0646947683
102.95671 8.75 0.0141918752 -0.1414420567
293.09537 12.356 0.0146431402 -0.0352381039
186.07591 5.789 0.0148722534 -0.0946932391
379.19346 9.538 0.0153399742 0.1272186110
175.04773 9.931 0.0153399742 -0.0613251069
370.07357 5.901 0.0155786541 -0.1401827184
320.20668 12.357 0.0160658354 -0.0371001751
410.56647 0.991 0.0160658354 -0.0677717888
264.17474 9.936 0.0160658354 -0.0773922896
409.06754 1.095 0.0166171299 -0.1737937758
229.15463 3.876 0.0178780280 -0.0688386282
209.06651 1.5 0.0179609487 -0.1572316649
524.15241 10.436 0.0184276497 -0.0451787255
705.32528 9.119 0.0187079654 0.0958311911
239.14878 8.324 0.0192798067 -0.0774688946
233.12847 10.953 0.0192798067 0.0655346280
300.20181 8.715 0.0192798067 0.0058023964
113.03080 1.937 0.0195714134 0.2915688658
124.00731 0.904 0.0200018403 -0.0779616834
240.15945 8.688 0.0204694705 -0.0986659997
201.01679 2.458 0.0206209411 0.4269646434
104.10691 0.751 0.0207767071 0.1670116329
471.19640 11.271 0.0207767071 -0.2190798456
360.96807 11.999 0.0214032592 -0.0196715246
131.08252 0.985 0.0219094326 -0.1687830707
328.24829 9.581 0.0223739261 -0.0216524688
135.02986 1.549 0.0232674142 -0.0721864684
325.17107 10.465 0.0240768456 -0.0316191448
162.07595 3.034 0.0244306002 0.1222295622
219.07643 9.969 0.0247888503 -0.0646799499
379.97192 3.482 0.0250671838 0.0457873620
272.94442 0.605 0.0251516416 -0.0301307650
397.15988 10.063 0.0262677242 -0.0900808827
212.07631 2.342 0.0266491431 0.1926374284
258.10995 0.974 0.0282230357 -0.2018269547
176.10292 0.994 0.0286288024 -0.1525936076
235.07137 9.931 0.0294554271 -0.0538845474
213.03271 11.009 0.0307338296 0.0380001087
258.15462 8.299 0.0311704198 0.0360650068
240.11491 9.07 0.0311704198 -0.0560068668
342.26364 10.588 0.0311704198 0.0997917047
284.17015 9.68 0.0316123215 -0.1669740557
219.19531 12.438 0.0320595853 -0.1261414643
243.11284 11.056 0.0320595853 0.0694882659
160.13321 5.706 0.0334340585 0.0877319465
377.91455 5.802 0.0335224904 -0.0484737410
206.10211 8.266 0.0339032814 0.0658253370
405.01419 1.275 0.0340027345 -0.0682213218
564.35886 10.759 0.0348586358 0.0043903218
242.98245 7.562 0.0348586358 0.0806720000
169.09472 0.91 0.0358368840 -0.0470087262
313.01459 8.756 0.0368384484 -0.0266856999
690.50885 12.897 0.0373481074 0.1061031613
172.20593 8.813 0.0373481074 0.0493597581
272.17023 7.569 0.0378637557 -0.0296026285
191.08138 10.787 0.0378637557 -0.1000817818
388.25410 9.464 0.0383854474 -0.0105151350
185.11830 12.558 0.0385957795 -0.0701402013
129.05452 7.943 0.0389132365 0.0498334314
231.07733 11.943 0.0391372516 0.0806371963
297.98553 8.106 0.0399873254 0.1114690792
146.06332 5.783 0.0410864609 -0.8959036252
476.30655 10.048 0.0416455593 -0.0038306118
150.12764 10.599 0.0433616453 0.0420871439
349.60466 1.028 0.0439467913 0.0623522013
221.05066 7.947 0.0439467913 0.1371025240
530.20775 7.351 0.0451370985 -0.0091387828
191.13902 0.914 0.0457423734 0.0729446435
206.10339 0.808 0.0461539263 -0.1437503449
120.08070 7.05 0.0463544721 -0.0503094661
441.19742 11.281 0.0480649920 0.0702698878
440.29200 12.712 0.0488722569 0.1815465806
251.17527 9.996 0.0488722569 0.1119434211
203.00457 1.459 0.0493756284 0.1142915378
86.05991 1.918 0.0495193404 -0.0696522358
239.09126 11.735 0.0501735953 -0.0726168121
125.02431 1.208 0.0507161176 0.0974461185
159.07629 1.01 0.0521799767 -0.1153883130
79.51944 1.507 0.0528635060 0.0616440962
447.08203 1.032 0.0535545020 -0.1381618958
340.13251 6.956 0.0542530242 0.0229213573
189.13456 6.238 0.0549591323 -0.0569661894
217.06176 9.907 0.0549217177 -0.0825325798
439.28392 12.663 0.0563943461 0.2516881391
114.09122 5.331 0.0571235721 0.0341815931
206.10331 0.816 0.0578839652 -0.1707593843
205.10695 10.206 0.0586055642 -0.1602866478
705.32525 9.166 0.0601193474 0.0694949949
233.07664 7.143 0.0608883128 0.0809030153
210.13344 8.407 0.0616654090 0.0445535476
175.05762 0.989 0.0624506970 0.0644757942
242.28430 9.88 0.0624506970 -0.0542816994
174.08828 0.997 0.0625753768 -0.1720525657
250.03838 8.012 0.0640460943 0.0558802170
220.11785 6.676 0.0656749972 -0.1253395761
197.06686 8.384 0.0656749972 -0.0079841453
144.06544 5.699 0.0665021677 -0.1176628830
187.94177 12.093 0.0667211961 0.0733418484
276.14394 5.173 0.0673378999 0.0676699484
412.86265 1.253 0.0690352982 -0.0820810709
209.13823 7.93 0.0690352982 -0.0351730091
314.23240 10.038 0.0698970886 -0.1759778627
459.28007 10.076 0.0698970886 -0.0121298450
361.18300 10.229 0.0698970886 0.2126194032
242.02522 10.323 0.0701984355 0.0633335481
276.11887 5.255 0.0707676895 -0.0960179551
437.23540 10.424 0.0707676895 -0.1410740863
426.21209 8.442 0.0707676895 0.0164686366
204.12297 0.92 0.0716471633 -0.1342468510
250.17998 7.782 0.0716471633 -0.0525791936
699.36720 0.627 0.0719920380 0.0566711013
128.04530 10.421 0.0725355724 0.0610329694
258.91731 1.113 0.0729028173 0.0767166720
191.08147 10.173 0.0734329794 -0.0774888687
129.06569 0.987 0.0734329794 -0.0919358744
445.11963 12.49 0.0734329794 -0.1824605991
328.24808 10.663 0.0780571749 0.0855914068
223.98822 12.487 0.0780571749 -0.1160210177
170.15375 8.756 0.0780571749 0.0368291835
256.10980 7.843 0.0780571749 -0.0102667240
427.09502 6.181 0.0790098853 0.0820120604
171.02739 2.092 0.0795454189 0.1810686506
331.95245 4.82 0.0795454189 -0.0652422008
281.02414 3.841 0.0799720327 0.0332731215
165.07559 2.494 0.0799720327 -0.0575202439
388.25419 9.449 0.0829157257 -0.0047045594
635.06930 10.43 0.0829157257 -0.0212348183
202.17990 9.685 0.0829157257 -0.0153421572
324.19171 10.394 0.0839162501 0.1026371773
379.14947 11.1 0.0839162501 -0.0390414055
208.06134 11.426 0.0856233397 -0.0436607297
128.04539 9.945 0.0869765840 0.0366181627
255.04659 1.162 0.0869765840 0.0063200381
323.14249 11.965 0.0869765840 0.1313230260
132.99174 11.641 0.0866719051 -0.0151031288
118.06085 1.015 0.0869765840 -0.1100141960
245.12827 10.024 0.0880164919 0.0485105033
694.92303 12.344 0.0880164919 0.1086297467
180.05942 1.204 0.0898799321 0.1314761743
548.29046 12.305 0.0901263801 0.1696465768
111.02014 10.424 0.0901263801 0.0258642739
473.97051 0.82 0.0898799321 0.0522640936
196.09682 7.784 0.0901263801 -0.0226684318
166.94304 3.234 0.0901263801 -0.0276158922
195.05086 2.523 0.0909702744 0.0668506050
146.08114 0.943 0.0911964859 -0.0603499301
157.06169 4.523 0.0920712281 0.0978164051
131.04616 0.888 0.0931828600 -0.0559949620
261.14441 5.814 0.0944682034 -0.1149765480
780.21934 9.608 0.0967011417 -0.0198826408
780.21936 9.632 0.0967011417 -0.0362792724
319.00836 0.533 0.0977375028 0.0285110546
582.15784 9.692 0.0978333364 -0.0652447051
487.03583 1.444 0.1000806246 0.0928817006
189.08695 10.311 0.1001294888 -0.0735307439
149.04539 1.234 0.1012688677 0.0999728956
283.10376 10.507 0.1012935711 -0.0160133393
204.12289 1.12 0.1024684069 -0.1041227549
582.15797 10.491 0.1024684069 -0.0697672838
346.00940 8.557 0.1036540583 0.0145895053
279.18024 10.347 0.1060580551 -0.0057197113
778.20494 9.657 0.1099041294 -0.0652892061
81.52054 0.787 0.1097467100 -0.0098384851
330.91568 12.664 0.1109985498 0.0667073928
81.52049 1.948 0.1109985498 -0.0245432095
104.07053 0.875 0.1135360283 -0.1359268931
453.18585 12.336 0.1135360283 0.0735190897
208.10014 4.098 0.1135360283 -0.0164870915
76.07560 0.762 0.1148217886 0.0876481746
126.97144 0.943 0.1148217886 -0.0620248161
304.15421 10.089 0.1161189770 -0.0081400371
246.16996 5.941 0.1174276539 -0.0161850147
652.33835 11.955 0.1174276539 0.0454799182
195.11263 6.089 0.1174276539 0.0781721449
199.09645 9.587 0.1187478796 -0.0489545215
269.08778 1.414 0.1204743850 0.1694211160
389.16269 10.288 0.1200797138 0.0152266241
92.04305 1.438 0.1204743850 0.0298245446
197.80798 4.227 0.1204743850 0.1052210113
227.89438 8.954 0.1232375028 -0.0374907082
87.05520 0.896 0.1255243296 -0.0745918528
178.05854 1.363 0.1241454652 0.0708566781
193.10697 8.321 0.1241454652 0.0395764263
353.26603 0.658 0.1255243296 -0.0211944804
214.03322 0.96 0.1246374946 0.1167053017
200.23726 9.743 0.1255243296 -0.0184491711
365.10514 4.803 0.1255243296 0.1233403263
188.06636 9.702 0.1255243296 0.0728425750
321.89743 5.763 0.1260498589 -0.0443476105
101.02426 1.2 0.1274746582 0.0949738530
88.11195 0.79 0.1283178329 0.0919864679
212.11265 2.743 0.1297325887 -0.0732857402
141.01566 3.755 0.1311594248 0.0787509572
667.32529 0.715 0.1311594248 -0.1021469743
132.06535 4.662 0.1311594248 0.1118785439
190.92841 8.648 0.1318242875 -0.0379750475
195.05092 2.207 0.1318242875 0.0928168869
785.50444 12.594 0.1325983991 -0.0192754068
180.13815 10.712 0.1325983991 -0.0556450991
432.14178 9.674 0.1325983991 -0.0210943060
162.07700 0.889 0.1347873500 -0.1039870602
175.11892 1.026 0.1355129923 0.0670185032
101.07077 0.99 0.1355129923 -0.0704250602
321.13092 8.71 0.1369887255 -0.0242371715
261.21717 11.699 0.1369887255 -0.0311536044
265.11811 10.779 0.1384768253 0.5086091158
226.12834 4.744 0.1384768253 -0.1100519502
379.17993 11.998 0.1384768253 0.0967166651
126.97134 0.92 0.1384768253 -0.0625924458
146.11750 0.877 0.1414903503 -0.0449919446
190.92835 1.975 0.1439857670 0.0874224506
252.12307 9.556 0.1445540144 0.0190073284
191.06606 11.966 0.1445540144 0.0479079119
297.98584 10.886 0.1445540144 -0.0470836912
71.01366 1.245 0.1439857670 0.0956486681
138.05484 4.812 0.1461047870 0.0736164396
160.13313 0.929 0.1461047870 -0.0691562713
193.03524 2.468 0.1471565730 0.0387283684
245.09525 8.796 0.1492444869 0.0769945077
358.25885 9.566 0.1524354203 0.0155037283
276.19543 8.459 0.1540502334 0.0358070393
316.94798 0.643 0.1569895080 0.0009839379
173.10430 1.503 0.1569895080 -0.0472049163
111.02000 9.054 0.1573188167 -0.0315217008
288.21670 9.624 0.1589726915 -0.1259501069
652.35148 0.688 0.1606396908 -0.0837710271
291.20654 9.885 0.1623198657 0.0256507169
374.59629 1.031 0.1623198657 -0.0373271532
266.08820 1.001 0.1638164045 0.0207617979
225.06165 1.205 0.1638164045 0.1282110433
449.30468 12.874 0.1640132671 0.1133838524
281.15950 9.565 0.1640132671 -0.0072125489
98.98413 2.329 0.1674399504 -0.0382803652
612.36945 9.954 0.1691733318 -0.0266575340
75.00862 7.446 0.1726617113 0.0321640043
102.01944 2.648 0.1799913763 0.0599539848
166.05314 0.939 0.1798572328 -0.1360278491
307.11085 12.348 0.1816855936 0.0959151373
444.99817 11.416 0.1818594095 -0.0114317135
115.03881 4.262 0.1835277092 -0.0339387430
100.07559 1.37 0.1835277092 0.0758538860
477.00025 10.29 0.1853836245 -0.0187765886
332.24300 9.924 0.1853836245 -0.0533490161
659.33848 0.69 0.1853836245 0.0275285804
269.02976 10.317 0.1853836245 -0.0228681509
421.16730 12.055 0.1891370322 -0.0116574771
112.98560 0.672 0.1953399280 0.0510950815
698.16849 9.637 0.1968113666 -0.0586543180
319.20160 9.052 0.1987650957 0.0515220589
689.95621 12.574 0.2007329649 -0.0413848667
132.07667 1.015 0.2007329649 -0.0720558182
217.03298 1.411 0.2013363928 0.0550359509
139.53088 1.201 0.2027150142 -0.0348764330
230.98854 11.635 0.2027150142 -0.0064934527
131.08142 4.505 0.2027150142 -0.0115978085
635.06932 10.199 0.2047112828 -0.0111919589
489.16273 12.42 0.2047112828 0.0091075294
161.04539 1.564 0.2054079443 0.0697431486
90.50677 12.471 0.2067218095 -0.1077976421
105.05448 1.968 0.2067218095 -0.2826072493
310.21667 9.245 0.2067218095 0.0029736992
228.12846 0.972 0.2087466323 0.0083056400
261.12341 10.988 0.2107857887 0.0445771184
582.15788 10.23 0.2107857887 -0.0337209733
298.18579 10.238 0.2107857887 -0.1110740379
310.99992 9.847 0.2116269599 -0.0273982773
279.13399 9.833 0.2128393155 -0.0650720558
107.04896 8.69 0.2149072488 -0.0068066849
725.29382 9.519 0.2158478912 0.1072725166
401.15295 10.707 0.2169896241 -0.0177518133
248.96050 0.661 0.2179809476 0.0222859371
165.01913 9.687 0.2222924257 0.0342737974
198.12756 10.512 0.2233237470 0.0034005887
134.89444 9.219 0.2244709187 0.0938791646
102.12759 12.537 0.2276193261 -0.1444862377
244.15546 11.136 0.2266646272 -0.0115777636
297.98564 9.851 0.2276193261 -0.0293395683
85.02833 1.167 0.2276193261 0.0193094022
127.03890 1.207 0.2297890610 0.0539038387
138.05490 5.226 0.2297890610 0.0626961313
103.04006 2.128 0.2310978251 0.1322557490
209.83377 4.275 0.2333373796 0.0441485225
317.05597 8.648 0.2363864132 -0.0391908200
318.05966 8.714 0.2408583946 -0.0388674403
349.10883 0.973 0.2408583946 -0.0510189411
408.08248 9.042 0.2408583946 -0.0084620297
133.09701 9.684 0.2408583946 -0.0127021345
635.06921 9.54 0.2408583946 -0.0134582599
317.05589 8.206 0.2476775339 -0.0423383330
370.07339 6.623 0.2476775339 0.1168886419
227.17524 7.949 0.2499803276 -0.0284578112
409.08652 10.494 0.2499803276 -0.0122230827
159.05110 3.693 0.2499803276 0.0636235015
115.03993 0.99 0.2518087372 0.0411652416
399.49400 1.286 0.2522980354 0.0008748823
458.98352 1.44 0.2541874383 0.0795248800
279.17010 9.088 0.2546306805 0.0289890846
437.23557 9.826 0.2569782852 -0.0047727772
237.08673 7.957 0.2593408710 0.0322671301
119.08140 9.653 0.2593408710 -0.0285920832
269.05336 10.389 0.2593408710 -0.0608109906
308.20093 9.228 0.2593408710 -0.0279446647
446.29603 10.761 0.2617184588 0.0133238278
96.04426 4.377 0.2665187187 0.0465882131
396.45639 11.969 0.2665187187 -0.0381872692
422.92822 10.675 0.2665187187 -0.0034009796
96.96958 2.479 0.2663152686 -0.0204465837
360.23904 9.879 0.2687878489 -0.0315260346
205.06814 1.161 0.2689414282 0.1000555970
199.10770 8.742 0.2689414282 0.0444373317
209.09206 9.067 0.2713792143 -0.0037169911
145.06186 0.91 0.2737801778 -0.0116547872
390.87042 6.254 0.2737801778 -0.2134011373
421.20414 10.379 0.2738320936 0.0954171439
383.24276 12.069 0.2763000816 -0.0169942138
310.17598 10.833 0.2763000816 -0.1100001468
695.42517 12.546 0.2763000816 0.0727750064
255.82195 4.296 0.2788355114 0.0598407128
309.18085 10.921 0.2812814430 0.0298223194
157.01166 1.778 0.2813868439 0.0333311565
200.07224 9.616 0.2812814430 -0.0123617295
135.10161 5.036 0.2812814430 0.0136208358
272.07651 7.249 0.2837948434 -0.0081861347
188.93295 2.197 0.2839539724 0.0136607612
125.87298 8.404 0.2839539724 0.0468499262
176.12802 0.894 0.2863234069 -0.0945776768
189.14840 10.117 0.2863234069 -0.0700065395
136.04808 1.003 0.2863234069 -0.0884297593
258.12554 8.709 0.2863234069 0.0263862621
509.38014 12.432 0.2863234069 0.0298935333
522.08875 9.141 0.2914260679 0.0441342066
236.58849 1.017 0.2914260679 0.0176189329
73.06475 7.028 0.2940001854 0.0174447790
209.83376 3.865 0.2943806929 0.0192175997
245.21099 11.725 0.2965895062 0.0586352379
698.16820 9.398 0.2991940380 -0.0007398436
426.35752 12.401 0.2991940380 -0.2657355772
303.22939 0.639 0.2991940380 -0.0468947786
111.02004 12.395 0.2991940380 -0.4398120107
173.09307 1.007 0.2996891215 -0.0181254446
612.85868 0.702 0.2996891215 0.0177593540
231.93157 9.376 0.3050610155 -0.0255363355
190.11859 1.167 0.3070989634 -0.0397501598
106.04982 0.84 0.3097643986 -0.0354456351
246.97734 4.126 0.3097643986 -0.0168823942
277.11832 10.94 0.3097643986 0.0120617637
189.95895 3.192 0.3097643986 -0.0121895001
327.93213 5.808 0.3104964200 -0.0244470591
228.99405 11.33 0.3132379482 -0.0418798587
275.03886 11.955 0.3151409792 -0.0432181682
153.06584 9.4 0.3178521280 0.0396587869
368.27930 10.977 0.3205785167 -0.0018221254
215.17541 7.058 0.3205785167 -0.0094536871
183.11264 6.732 0.3205785167 -0.0444071979
146.93845 2.351 0.3215578583 0.0665154813
187.87337 8.733 0.3215578583 0.0305384399
195.99212 3.004 0.3243629367 -0.0494673386
665.37395 0.645 0.3271839000 0.0948643023
188.94906 1.465 0.3271839000 0.0014281605
180.97290 1.07 0.3271839000 0.0938534181
308.20098 9.244 0.3288491095 -0.0067207171
185.00655 4.81 0.3300207449 -0.1135584379
108.94851 0.711 0.3316364407 0.0512697245
154.06217 1.055 0.3328734673 0.0477231729
271.09953 11.391 0.3344389986 0.0077625189
187.87340 8.427 0.3357420618 0.0383268671
132.03019 2.166 0.3386265221 -0.0683987079
322.94348 10.845 0.3415268405 -0.0488984472
190.92842 5.012 0.3415268405 0.0509164596
227.03508 9.688 0.3458013708 -0.0209650187
504.99519 10.333 0.3458013708 -0.0342765019
117.08494 1.011 0.3458013708 0.0552636827
267.17197 12.682 0.3458013708 0.0664557097
149.04551 1.551 0.3444430087 0.0380103401
180.06885 1.005 0.3486799588 0.0647560967
102.95672 6.736 0.3503228545 -0.0401529435
507.57935 0.991 0.3515737252 -0.0554120066
131.54204 0.971 0.3515737252 0.0198097032
272.95899 0.639 0.3532865094 -0.0273945152
215.86845 7.975 0.3532865094 0.0305318888
420.92733 9.22 0.3562659690 -0.0485214870
416.28513 11.536 0.3574067457 -0.0767667803
793.31830 11.544 0.3574067457 -0.0003282604
261.94159 4.797 0.3592612189 -0.1244607080
243.75525 3.939 0.3592612189 0.0357151082
551.22836 9.747 0.3603459737 0.0168303165
310.20133 9.1 0.3603459737 -0.0140476460
225.04926 4.79 0.3622722442 0.0832854169
89.05968 2.623 0.3662697919 -0.0006941651
201.02649 10.16 0.3683415543 -0.0604686104
331.17529 11.712 0.3692543496 -0.0471041196
99.04488 1.009 0.3713998032 0.1212153748
159.07624 9.146 0.3722539833 -0.0388997544
161.12841 1.01 0.3752686739 -0.0379265410
406.07755 8.931 0.3752686739 -0.0134065956
105.03673 2.076 0.3752686739 0.0668158929
152.05663 10.045 0.3782984018 -0.0116987462
672.85934 0.671 0.3775633904 0.0358564509
783.57184 12.247 0.3782984018 -0.0498932819
721.86372 0.651 0.3775633904 -0.0168299838
238.09924 7.85 0.3813431460 -0.0074509309
161.96956 5.914 0.3813431460 -0.0029184639
117.06976 7.935 0.3874775947 0.0074191656
204.01919 9.981 0.3874775947 -0.0058042647
398.32649 11.304 0.3905672521 -0.0970962443
232.15429 4.856 0.3905672521 -0.0779925766
209.94902 5.841 0.3900782997 0.0289342149
205.08168 1.646 0.3936718318 0.0095300874
168.07780 1.032 0.3932459954 0.0368448090
295.12886 9.271 0.3967913077 -0.0455088723
584.16293 9.677 0.3967913077 0.0126230092
371.12243 11.684 0.3999256524 0.0292276268
161.04543 0.992 0.4028421684 0.0211759506
203.05259 1.204 0.4030748377 0.0746503586
137.04564 10.098 0.4062388342 0.0129027755
504.99520 10.63 0.4126111379 -0.0137790857
73.07600 9.618 0.4126111379 -0.0511350759
261.09446 1.214 0.4158193811 0.0513803579
90.52582 0.761 0.4158193811 -0.0070450031
320.13331 1.017 0.4190423072 0.0465803279
711.06927 2.468 0.4190423072 -0.0913040242
182.98867 11.912 0.4191442057 -0.0558668687
231.08377 4.726 0.4190423072 -0.0495927420
271.18060 10.852 0.4222798815 -0.0576588501
418.95567 10.153 0.4222798815 -0.0295934194
88.07559 0.78 0.4255320683 -0.0218319743
200.07205 9.032 0.4287988304 0.0171542713
166.08610 7.964 0.4287988304 0.0393988992
223.09228 0.991 0.4287988304 -0.0096912824
179.09351 9.273 0.4320801300 -0.0045917437
116.07055 0.913 0.4320801300 -0.0338384479
372.25923 10.504 0.4320801300 0.0101565521
183.09899 6.515 0.4320801300 -0.0338499615
336.85871 2.805 0.4358279421 -0.0258999913
88.98779 8.834 0.4358279421 0.0000000000
153.12730 10.118 0.4353759280 -0.0441314575
88.03921 2.029 0.4353759280 0.0184174033
119.03487 0.991 0.4392100601 -0.0056513494
130.04974 4.011 0.4386861841 -0.0102610623
201.98379 6.282 0.4420108570 0.0072471545
582.15729 9.277 0.4420108570 -0.0038445179
311.12905 0.991 0.4426072014 -0.0604147294
270.19113 8.84 0.4453499046 -0.0072204934
189.04672 0.935 0.4487032831 -0.0458368283
249.02274 11.666 0.4494463721 0.0553226180
116.92850 11.957 0.4494463721 0.0983706365
247.03088 1.446 0.4494463721 0.0941399045
583.16022 8.649 0.4487032831 -0.0006331755
91.05396 10.004 0.4520709482 0.0219955603
463.48311 1.347 0.4520709482 0.0331953738
76.03924 0.818 0.4520709482 -0.0037310103
518.83193 1.289 0.4528883072 -0.0041630352
141.06581 4.488 0.4588489544 -0.0166583451
229.56254 1.202 0.4588489544 0.0214142825
181.06275 0.995 0.4563450774 0.0523389093
147.07632 5.289 0.4554528542 -0.0387029138
151.09639 3.899 0.4588489544 -0.0095549175
187.07130 10.882 0.4588489544 -0.0118555292
156.96584 6.254 0.4588489544 -0.0001024216
229.91606 11.99 0.4598166327 -0.0287674054
111.02019 7.619 0.4622592009 0.0019191830
255.82207 3.971 0.4633029220 0.0160115594
190.92831 11.975 0.4668038926 0.0324215556
146.96114 0.743 0.4668038926 0.0212673584
385.90170 1.566 0.4656835448 0.0099877673
196.09681 9.124 0.4656835448 -0.0400518540
85.07597 9.659 0.4656835448 -0.0261739415
126.10252 0.936 0.4691219361 0.0276207811
78.91870 3.875 0.4703194912 0.0007802258
356.27935 11.065 0.4725743238 -0.0830048230
99.09158 0.871 0.4725743238 -0.0477804428
225.07557 11.622 0.4725743238 -0.0140265226
188.94916 1.43 0.4738496628 0.0013235266
223.96317 2.425 0.4760406556 -0.0046491175
259.18052 10.234 0.4760406556 -1.2468121298
173.09203 1.034 0.4760406556 0.0598284343
419.04828 1.448 0.4773943516 0.1077303373
199.03354 0.882 0.4773943516 -0.0383859926
118.04970 3.758 0.4795208783 -0.0012556286
326.70016 9.515 0.4795208783 0.0113607227
190.92833 2.326 0.4845270506 0.0557524455
241.15468 4.688 0.4865227777 -0.0600470488
150.05492 9.579 0.4900443424 -0.0261627723
421.20432 9.899 0.4900443424 -0.0362963658
110.54134 1.31 0.4900443424 0.0134167411
102.05483 8.933 0.5006908018 -0.0383749020
418.95567 10.374 0.5042666774 -0.0317346445
147.07643 0.914 0.5042666774 -0.0163495554
241.10289 0.989 0.5042666774 -0.0298604164
257.09938 9.828 0.5078559784 -0.0167108369
132.99174 11.311 0.5099400000 -0.0133981406
309.11905 9.619 0.5099400000 0.0053098792
128.03523 4.581 0.5173268664 -0.0190311664
487.28036 11.49 0.5187037985 -0.0371879538
247.14414 10.417 0.5187037985 -0.3024407426
140.07022 1.01 0.5187037985 0.0328784415
175.09635 5.995 0.5187037985 -0.0055517030
113.09592 6.146 0.5223461603 0.1928026940
145.04935 0.994 0.5260016215 0.0182658387
168.12290 3.516 0.5260016215 -0.0076324940
133.08579 6.236 0.5223461603 0.0088887620
102.95662 5.572 0.5247687452 0.0199872201
131.08129 8.998 0.5223461603 -0.0148258812
178.09031 10.06 0.5223461603 -0.0167476642
257.09930 9.85 0.5260016215 -0.0256177830
663.43469 12.755 0.5223461603 0.0783747475
145.04945 1.0 0.5260016215 0.0182658387
179.05488 1.986 0.5260016215 -0.0049648639
449.11725 0.993 0.5296701138 0.0168108308
146.96100 1.206 0.5322650616 0.0169744928
384.11905 1.015 0.5333515677 0.0759159162
189.12329 3.624 0.5370459126 -0.1614255943
440.02592 5.068 0.5360334491 0.0106272221
177.08682 8.887 0.5370459126 -0.0247807770
140.07027 1.006 0.5370459126 0.0559899678
180.01162 0.852 0.5407530770 0.0316899682
311.00024 10.987 0.5398152221 -0.0178089337
159.07617 9.025 0.5407530770 -0.0238188164
140.07021 1.019 0.5407530770 0.0318889990
97.02831 0.999 0.5444729882 0.1218508551
92.52214 1.525 0.5444729882 0.0395033098
315.04150 8.971 0.5436103035 -0.0352630077
783.81581 0.699 0.5482055724 0.0225050236
279.01201 9.316 0.5482055724 -0.0017443652
312.21699 8.835 0.5482055724 0.0824159347
90.52578 1.842 0.5519507550 -0.0261311781
195.12266 6.237 0.5519507550 -0.0070281927
165.11209 5.944 0.5519507550 -0.0421849355
146.96129 2.582 0.5519507550 0.0437677067
255.82197 4.751 0.5550746103 -0.0161785210
416.37491 11.688 0.5550746103 -0.0333847350
315.04161 9.833 0.5550746103 -0.0351031828
165.04176 12.772 0.5627825594 0.0013420682
415.54919 1.007 0.5632611291 -0.0344490110
190.15486 1.3 0.5632611291 -0.0485640685
129.06566 9.317 0.5632611291 -0.0461150888
632.05529 1.0 0.5670559363 0.0026451630
567.39009 0.618 0.5670559363 0.0217370952
267.84787 4.643 0.5666558091 -0.0185202535
150.02283 0.922 0.5666558091 -0.0320722248
117.09095 7.027 0.5708629524 0.0009003317
160.07973 4.375 0.5708629524 0.0062415466
105.01920 1.397 0.5783516354 0.0040669827
189.12341 0.99 0.5785132860 -0.0206559892
168.12286 3.898 0.5785132860 0.0066231699
557.34613 12.217 0.5785132860 0.0239051274
635.06859 9.138 0.5785132860 0.0067540848
553.88232 12.299 0.5823564385 0.0439077375
130.08608 3.859 0.5862114698 -0.0006461869
305.06317 10.048 0.5862114698 0.0077751926
231.17020 3.973 0.5900782947 -0.0434254756
197.15340 12.767 0.5900782947 0.0355138617
104.03526 0.832 0.5980929705 -0.0394007493
707.35472 0.668 0.5980929705 -0.0210320221
145.12218 6.4 0.5978469805 0.1372105474
311.00018 10.361 0.6020776616 -0.0075597002
401.24885 9.151 0.6017486662 0.0232532566
315.04155 8.621 0.6020776616 -0.0724578216
203.05260 0.997 0.6095862780 0.0155174778
209.10183 7.667 0.6056617954 -0.0122927147
160.93532 9.172 0.6100827154 0.0102946860
203.05251 1.003 0.6095862780 0.0155174778
149.11722 7.029 0.6095862780 0.0112192755
209.83365 4.953 0.6060742752 0.0463905825
642.31799 0.711 0.6095862780 0.0157138134
119.07014 6.478 0.6056617954 -0.0324756909
204.15923 8.684 0.6095862780 0.0047559247
258.91571 10.016 0.6100827154 0.0097536853
203.04026 4.626 0.6095862780 0.0078172912
317.18723 11.592 0.6141028852 0.0082363529
239.01644 1.016 0.6141028852 -0.0373262486
317.05572 7.921 0.6174689386 -0.0272433617
178.08377 9.047 0.6174689386 -0.0038776767
228.99393 11.618 0.6181346865 -0.0077064847
286.17993 9.975 0.6174689386 0.0028266876
316.04490 10.475 0.6181346865 -0.0031262604
191.98266 0.935 0.6214269317 0.0310077324
269.13839 11.789 0.6214269317 0.0029175365
298.05252 1.172 0.6214269317 -0.0558037093
283.16937 12.138 0.6253959084 -0.0520867859
239.01650 0.999 0.6262327865 -0.0373943213
382.14517 12.078 0.6262327865 -0.0170234841
221.05068 9.929 0.6253959084 -0.0079947038
171.14906 0.951 0.6293757740 -0.0245203061
179.09099 9.09 0.6293757740 -0.0094417540
191.06619 1.892 0.6293757740 -0.0184443036
101.05956 10.514 0.6293757740 -0.0046355107
471.24462 10.798 0.6343762100 0.0092266248
487.30560 11.514 0.6384646620 -0.0235093677
311.00019 10.587 0.6384646620 -0.0128116020
226.95144 0.643 0.6413797406 0.0263595985
93.07378 0.817 0.6413797406 -0.0001402614
297.04541 6.041 0.6425641354 -0.0244351962
336.85849 10.106 0.6466745251 0.0015375868
143.10651 6.511 0.6494350477 0.0157356073
199.10043 1.206 0.6534782015 0.0075135969
163.06002 1.001 0.6615950030 0.0368470852
101.02432 0.988 0.6632231071 0.0175502245
197.12844 8.684 0.6656684452 -0.0168910823
438.97194 1.517 0.6673864649 -0.0224805550
502.85944 1.678 0.6673864649 0.0322058239
245.21100 12.02 0.6697517768 0.0005168438
97.02825 1.049 0.6697517768 0.0785196596
306.08103 11.419 0.6738448928 0.0032038837
522.20241 6.584 0.6738448928 -0.0141429442
299.01967 4.218 0.6779476874 0.0000679758
332.19155 8.904 0.6779476874 0.0015834323
83.03866 0.637 0.6820600540 0.0175328830
318.22760 10.422 0.6820600540 0.0006417386
102.95674 5.952 0.6841414123 0.0232804818
204.05581 1.036 0.6861818853 0.0191477178
203.04007 4.18 0.6861818853 -0.0096571044
171.09920 7.29 0.6903130728 0.0012201697
177.11198 6.256 0.6903130728 0.0025641191
230.24769 11.321 0.6903130728 -0.0009916132
245.07683 8.42 0.6903130728 -0.0076838956
80.97482 3.003 0.6883549609 0.0226465003
83.03560 0.578 0.6944535073 0.0127612845
279.13378 10.427 0.6986030791 0.0104710632
237.89749 2.487 0.7010533066 -0.0190007828
130.06211 1.029 0.7010533066 -0.0442746785
396.03459 4.792 0.7027616771 0.0100546363
183.07790 9.596 0.7027616771 -0.0037314041
180.08652 1.003 0.7111055049 0.0543005258
91.50454 9.41 0.7152905091 -0.0355948042
376.21774 9.262 0.7152905091 0.0033225224
201.03806 1.449 0.7181146539 0.0135283536
367.10526 0.978 0.7181146539 -0.0259624462
367.10513 0.988 0.7181146539 -0.0259628388
71.06032 9.925 0.7194840884 -0.0753829575
219.96644 7.563 0.7236861280 -0.0236480553
88.07557 0.874 0.7236861280 -0.0183248468
162.07594 1.02 0.7278965126 -0.0098498195
258.15450 8.641 0.7278965126 -0.0378753331
315.04139 9.462 0.7266989690 -0.0226068313
244.07913 1.192 0.7278965126 -0.0008989500
439.68412 3.58 0.7310041081 -0.0062261973
113.02429 0.991 0.7310041081 -0.0026038151
190.92842 8.022 0.7310041081 0.0053360698
303.20673 9.547 0.7321151256 -0.0018514481
199.06892 9.647 0.7363418503 -0.0108603066
152.03747 0.922 0.7363418503 -0.0689025885
314.34186 10.586 0.7363418503 0.0141085241
426.21226 8.517 0.7363418503 -0.0124812140
120.06550 0.875 0.7363418503 0.0055380783
187.04184 1.45 0.7396397278 0.0540086039
181.05831 4.499 0.7405765687 0.0584029505
454.24306 9.525 0.7448191624 -0.0065703052
632.05540 0.993 0.7448191624 0.0062310403
430.36731 0.756 0.7490695122 -0.0019895057
608.38342 11.87 0.7490695122 0.0479222375
434.15768 9.106 0.7490695122 0.0238702733
102.95673 6.96 0.7526546217 0.0306896174
174.95605 1.643 0.7526546217 0.0402372451
434.87184 1.655 0.7526546217 0.0401817181
85.02830 0.999 0.7533274981 -0.0031014388
233.87537 2.909 0.7533274981 -0.0170958283
432.04721 8.318 0.7575929997 0.0580251021
294.20602 6.275 0.7575929997 -0.0037165584
364.09756 6.636 0.7570088009 0.0259357621
241.03105 1.001 0.7575929997 -0.0180545587
180.10164 9.656 0.7618658955 0.0051596873
107.07014 1.305 0.7618658955 0.0271096782
143.03485 0.992 0.7701171764 -0.0108570792
143.03486 0.991 0.7701171764 -0.0108570792
143.03486 0.991 0.7701171764 -0.0108570792
466.81659 1.86 0.7701171764 -0.0205252608
190.92841 8.49 0.7701171764 0.0108337160
185.09192 7.552 0.7747277256 -0.2797583139
366.11176 6.382 0.7747277256 -0.0384639434
230.08427 9.943 0.7790289722 0.0199858205
164.95691 2.482 0.7788929850 0.0086780208
210.13340 6.021 0.7790289722 0.0045914403
190.92843 10.84 0.7832915611 0.0347249730
198.09718 1.002 0.7876516738 0.0417346833
179.08471 6.26 0.7876516738 -0.1036293956
290.26883 12.224 0.7876516738 0.0403382986
200.10289 1.337 0.7876516738 0.0266593956
418.16272 8.633 0.7919728778 0.0175417548
147.11269 2.171 0.8006343602 0.0018341087
127.05112 0.93 0.8009538943 0.0122918674
147.11266 1.298 0.8006343602 -0.0137221158
725.33091 10.798 0.8049743840 -0.0099094276
149.08072 5.991 0.8049743840 0.0114907674
437.29077 11.98 0.8098239874 0.0034739648
87.04396 1.983 0.8093204255 -0.0204312818
95.01369 0.988 0.8142682885 0.0182168389
256.93816 2.426 0.8136723561 0.0040329203
207.14903 10.244 0.8136723561 0.0013827532
131.03477 0.991 0.8142682885 0.0121901895
307.85583 8.541 0.8231747116 0.0202864519
303.91345 1.715 0.8187185760 0.0578596673
223.14409 9.125 0.8223933667 0.0244277845
231.93170 11.761 0.8187185760 -0.0145449806
110.54142 0.75 0.8223933667 0.0116925509
87.00860 1.205 0.8231747116 0.0196764059
129.93629 10.623 0.8231747116 0.0223979413
725.33099 11.1 0.8223933667 0.0500572422
233.00668 11.007 0.8267621867 0.0208327973
325.20100 11.795 0.8267621867 -0.0009599817
100.07559 2.81 0.8311363755 -0.1434533626
130.05081 0.9 0.8321039714 0.0379422999
235.96117 3.8 0.8442898396 0.0351802849
175.10759 1.012 0.8442898396 0.0110253644
493.13580 8.792 0.8486841859 0.0191074851
353.14236 11.998 0.8500265247 -0.0049251483
569.31421 11.238 0.8486841859 0.0251455612
269.08792 0.988 0.8500265247 -0.0391657243
180.08653 1.783 0.8486841859 0.0514001965
780.21894 9.092 0.8530832398 0.0034139896
146.93846 9.294 0.8545196806 -0.0099867826
134.04472 2.01 0.8574868675 0.0465146536
182.08107 8.577 0.8618949350 -0.0005275630
136.04800 1.494 0.8618949350 0.0063954821
88.04027 1.037 0.8635200184 0.0428875438
85.02931 0.991 0.8680269141 0.0053623831
114.06612 1.012 0.8707238513 -0.0011407939
91.05396 9.695 0.8707238513 0.0044316342
386.29016 12.02 0.8663073079 -0.0005342726
177.10193 10.234 0.8707238513 0.0148211895
375.16199 11.717 0.8707238513 0.0054441532
207.01410 0.908 0.8707238513 0.0667346984
88.07560 1.067 0.8707238513 -0.0061132893
173.92616 11.435 0.8725381028 0.0249088969
296.20090 9.244 0.8795689080 0.0035100174
158.09236 9.95 0.8795689080 0.0151063840
189.15960 1.36 0.8884290185 -0.0039847565
187.99651 0.829 0.8996872890 0.0002511043
211.14407 9.009 0.8973030907 -0.0034347298
334.12581 1.044 0.8996872890 -0.0222937504
89.05965 3.335 0.8973030907 -0.0244602847
89.02439 1.449 0.8996872890 -0.0183463672
302.23231 9.527 0.9017450195 -0.0122203877
379.28156 0.626 0.9061900269 -0.0032605729
177.08678 6.573 0.9061900269 0.0035310011
200.54568 1.004 0.9061900269 0.0176208315
150.05495 10.804 0.9106379747 -0.0512585473
144.10184 1.135 0.9150887248 -0.1165951223
179.08727 9.381 0.9150887248 0.0157616752
198.04960 1.023 0.9178542040 0.0268279606
236.22177 12.503 0.9195421387 -0.0001079016
551.22772 8.55 0.9239980777 0.0333772336
214.08938 9.197 0.9239980777 0.0148394541
190.92839 9.84 0.9224030198 0.0123998791
158.04011 0.897 0.9329169749 -0.0142942522
225.93234 3.726 0.9329169749 0.0101682261
169.97727 2.61 0.9284564029 -0.0149106500
315.04162 10.418 0.9315081218 0.0007905389
480.15680 12.579 0.9329169749 0.0148408909
316.04492 9.022 0.9315081218 0.0177408394
90.05492 0.83 0.9329169749 0.0051893846
352.16861 12.568 0.9284564029 0.0207868593
232.93500 9.648 0.9360641116 -0.0037172368
249.15572 1.016 0.9373796545 0.0204251005
101.07896 2.801 0.9418443020 -0.1683309710
130.08616 0.963 0.9507789413 -0.0373199932
217.04958 0.799 0.9507789413 -0.0164994737
294.14084 3.52 0.9507789413 -0.0723067383
226.92738 2.457 0.9497440532 -0.0105879206
145.07600 10.718 0.9507789413 0.0512134318
102.95673 5.012 0.9543075280 0.0711351032
719.96772 12.469 0.9552486531 0.0242618512
199.06869 9.063 0.9552486531 -0.0068716890
145.09707 0.931 0.9597197727 -0.0390434508
726.82403 0.698 0.9686656735 0.0278825571
480.85041 0.749 0.9641921597 0.0151427475
131.07020 9.176 0.9686656735 -0.0028179640
83.53570 0.571 0.9686656735 0.0075142884
223.11742 8.987 0.9686656735 0.0008618801
182.98610 9.194 0.9634388237 -0.0121919664
211.08237 1.037 0.9680063455 0.0233247520
231.93167 11.489 0.9680063455 0.0360406042
526.33502 11.108 0.9725749172 -0.0098761203
188.16425 9.634 0.9731401736 0.0043198830
348.98978 11.448 0.9731401736 -0.0209156268
178.08624 9.139 0.9731401736 -0.0872540727
193.09712 6.272 0.9776155192 -0.0062853354
145.07600 11.109 0.9820915695 0.0354906100
173.92615 11.13 0.9817146107 0.0189261069
197.12923 6.244 0.9865681837 0.0042807222
360.99793 9.63 0.9908567050 0.0031848109
220.14418 9.691 0.9955225399 0.0008562917
128.95069 2.586 0.9955225399 0.0026327757
205.08172 2.444 0.9955225399 -0.0003689108
264.07714 0.994 0.9954282775 0.0279021271
388.87366 2.809 1.0000000000 -0.0114996492
127.03885 1.001 1.0000000000 -0.0390442069
