"m.z" "r.t" "p.value" "t.score"
116.92850 12.983 0.0000000074 29.1762054274
170.11762 6.354 0.0000000200 0.0717369745
297.09353 5.148 0.0000000085 26.7282049938
269.12445 6.202 0.0000000291 -0.2527924297
291.20673 10.714 0.0000000291 27.5745368011
348.10080 8.211 0.0000000265 -0.3121582851
506.20748 7.308 0.0000000200 27.3559593489
279.11602 12.082 0.0000000200 0.8773783803
209.03017 5.657 0.0000000273 0.3915385611
253.05434 6.017 0.0000000241 0.5040130806
229.05791 5.313 0.0000000117 0.2452145176
307.11092 12.054 0.0000000484 -0.3104392092
295.07913 5.605 0.0000000491 0.2416625643
275.21163 9.852 0.0000000608 5.0304943129
321.89751 4.849 0.0000000625 0.7069497093
101.01674 5.642 0.0000000637 1.4174375681
189.13456 6.238 0.0000000764 0.3278845324
289.15454 10.891 0.0000000730 0.8885561634
245.16055 5.096 0.0000000697 -0.1408197423
162.07700 0.889 0.0000001056 -0.6521241700
154.12262 4.195 0.0000001047 0.0910852740
263.12129 11.682 0.0000001252 0.0000000000
118.05098 0.862 0.0000001337 0.2568785451
206.10339 0.808 0.0000001401 -0.4054737178
264.12424 11.817 0.0000001563 0.0000000000
335.19002 11.609 0.0000001784 0.3896699716
186.11247 5.226 0.0000002036 0.0448885476
207.14907 8.611 0.0000002885 0.2111392389
445.81506 12.734 0.0000002763 -0.8750579524
172.07175 9.946 0.0000002645 0.4373168976
187.08647 12.053 0.0000002885 0.3395016556
220.98079 11.494 0.0000003075 -0.3088080332
206.10331 0.816 0.0000003075 -0.4093499603
307.11091 10.806 0.0000004072 -0.0831765336
604.13812 8.48 0.0000004831 27.9723608601
288.00378 4.675 0.0000005259 26.6741228679
261.18080 11.062 0.0000005487 0.5648781589
287.07730 9.604 0.0000006050 0.4043760113
289.22728 9.974 0.0000005972 0.5985164741
285.97708 9.15 0.0000006913 0.4937954475
160.13313 0.929 0.0000007370 -0.2533873110
242.13058 8.916 0.0000009868 -27.2631715260
111.52172 12.498 0.0000010720 -0.1805197762
226.09353 10.051 0.0000012132 0.3051676527
249.10805 2.365 0.0000021449 0.3816159547
290.13862 11.042 0.0000027277 -0.6740957397
268.15443 8.687 0.0000034609 -0.5111949410
360.02505 8.292 0.0000036001 -0.1999260956
305.09646 11.916 0.0000036923 -0.1090633129
377.91489 4.919 0.0000051371 0.3340001467
290.13863 10.97 0.0000051200 -0.4794335456
202.01221 0.86 0.0000058075 0.2612868152
326.23230 10.263 0.0000064563 -0.3614916493
186.11234 2.243 0.0000067092 0.5446807341
229.15463 3.876 0.0000072438 -0.1597855653
464.08922 11.123 0.0000074079 -0.2249959204
256.01510 9.976 0.0000081227 -0.1548355516
124.00731 0.904 0.0000090560 -0.2745942351
324.99643 2.073 0.0000090560 0.7232309201
185.12834 7.4 0.0000098182 -0.2509169275
210.06989 1.178 0.0000098088 -0.4101477309
346.08652 8.44 0.0000124426 -0.2159597347
178.05854 1.363 0.0000153744 0.4967631288
259.09244 5.411 0.0000165528 0.4201812734
290.15961 6.066 0.0000171738 0.6711048233
549.21370 9.63 0.0000170180 -0.3662346375
235.96117 3.8 0.0000178170 -0.2397411213
333.09137 11.511 0.0000176917 -0.1286509229
213.12320 2.188 0.0000184831 0.1774230722
691.06024 9.046 0.0000214590 0.1380063933
232.05761 9.265 0.0000222990 0.6823857864
450.01277 1.949 0.0000247341 0.3280629423
183.11264 6.732 0.0000256440 -0.1730932486
253.09279 5.964 0.0000302401 0.1002421289
228.07861 8.707 0.0000306920 -0.2468192961
307.11093 11.428 0.0000329646 0.1360827621
155.15427 5.154 0.0000341599 -0.1810779888
323.19003 11.58 0.0000353964 0.2540439913
309.12663 11.904 0.0000407803 0.2215187683
331.09246 10.166 0.0000422430 -0.1505582816
119.52785 7.619 0.0000469355 -0.2347902233
572.35541 12.497 0.0000486066 0.3778605750
706.32819 8.954 0.0000503339 26.0341576551
162.83902 11.979 0.0000528849 -0.0924914716
160.84199 11.608 0.0000528849 0.1662790046
156.07664 1.417 0.0000578428 0.2370398359
273.15962 10.88 0.0000619838 0.2694258552
371.17238 10.818 0.0000682729 0.4535176562
158.04011 0.897 0.0000735984 -0.2928703907
331.95245 4.82 0.0000847466 -0.0954130198
233.10721 6.699 0.0000843421 -0.1209965186
191.99763 10.928 0.0000902543 0.2339779208
343.12322 5.46 0.0000933551 2.0019473914
182.10223 1.084 0.0000933551 -0.3021928574
647.41104 12.469 0.0000965563 -0.1323263991
199.96928 8.234 0.0001049285 -0.0795023572
177.10207 3.9 0.0001067934 0.0359529279
120.06550 0.875 0.0001104275 0.1959070603
328.10279 10.232 0.0001220424 -0.1100585747
240.11491 9.07 0.0001304155 -0.0903356647
302.01923 4.916 0.0001348023 0.5063545232
276.13611 4.661 0.0001348023 -0.0336107436
432.27996 10.695 0.0001439962 -1.2231174134
146.11750 0.877 0.0001488116 -0.2444727275
174.04068 9.047 0.0001542095 0.4663203615
172.13321 4.594 0.0001537783 0.0526404284
219.07628 10.787 0.0001810403 -0.1503724272
305.22233 11.03 0.0001931681 0.3552402758
276.10116 7.893 0.0001995144 26.2868432320
160.13321 5.706 0.0001995144 0.7791549559
144.06298 0.713 0.0002342925 -0.0915704564
271.18060 10.852 0.0002342925 -0.2445670690
219.13381 10.095 0.0002497356 0.2983241878
336.85871 2.805 0.0002571443 -0.0568873212
279.11598 10.313 0.0002578104 -0.0818556573
209.06651 1.5 0.0002749586 -0.3175157002
240.15945 8.688 0.0003116349 -0.0790028162
235.12873 7.948 0.0003317997 0.1716532860
414.33618 10.38 0.0003317997 -0.1460654701
761.58417 12.508 0.0003758445 0.0000000000
416.35181 10.38 0.0003758445 -0.0799511190
569.26508 11.514 0.0003703959 -0.0959727596
168.07661 2.356 0.0003998623 26.0725743723
146.08105 6.033 0.0003998623 0.1163178409
212.11807 9.798 0.0004253081 0.2997105532
266.06696 10.05 0.0004503638 -0.1329338346
440.22751 8.348 0.0005110096 0.1546899096
366.11176 6.382 0.0005110096 -0.0968924888
302.01938 5.534 0.0005110096 0.4354845216
387.28674 11.884 0.0005290247 -0.0923584629
250.18018 7.42 0.0005596596 -0.0873020677
233.16465 9.864 0.0005944534 0.2231617426
335.22869 10.076 0.0005944534 0.2536599246
139.03992 10.477 0.0006009797 0.2241695019
206.02797 12.026 0.0006203403 0.1331214722
289.06771 9.654 0.0007261502 -0.3020704611
158.11745 10.092 0.0007773993 0.2839327273
176.12800 11.055 0.0009003894 0.1734251161
250.17998 6.152 0.0009825995 -0.0694182138
278.19036 9.315 0.0009825995 -0.0520222785
412.19637 8.44 0.0010717137 -0.0797442832
281.07666 10.459 0.0011030420 -0.2366278910
417.30441 12.205 0.0011030420 -0.1319184794
208.06134 11.426 0.0011181847 -0.0569441005
118.06085 1.015 0.0011682540 -0.1878242715
172.09669 9.97 0.0011682540 0.2553324298
231.06209 9.352 0.0011879940 0.0000000000
328.16675 10.866 0.0012243889 0.1308511944
397.11301 1.167 0.0012727765 -0.1014465881
174.14874 8.541 0.0013094925 -0.1297882943
365.10535 5.437 0.0013094925 0.6920531772
241.10289 0.989 0.0014255858 -0.2356874533
241.08692 11.965 0.0014652689 -0.1054483948
172.09674 10.106 0.0014663448 0.2702986757
196.14204 0.68 0.0014663448 -0.0635433049
177.14837 10.693 0.0015081753 -0.2360448848
256.16943 9.741 0.0015951526 0.1454447852
356.24314 11.873 0.0017831144 0.0217210212
145.08582 10.901 0.0018845422 0.4765598700
738.44891 12.651 0.0019372192 0.1980484526
185.11830 12.558 0.0020234875 -0.0895781201
261.12341 10.988 0.0021034674 -0.3045422828
165.01160 11.331 0.0021034674 0.2220798580
371.12243 11.684 0.0022827088 -0.1482481780
793.36499 8.806 0.0023454972 0.1390418951
384.12233 6.947 0.0025434712 -0.1563910330
382.14517 12.078 0.0025454850 -0.0953652195
190.11859 1.167 0.0026838221 0.1981108082
118.08623 0.915 0.0028312171 -0.1674498257
617.28564 8.799 0.0028312171 0.1120075799
102.95671 8.75 0.0028502741 -0.1416728089
118.04970 3.758 0.0029076533 -0.1609577461
465.12645 12.602 0.0029859686 -0.1813639154
209.06660 1.251 0.0030148465 -0.3682082401
515.56788 1.001 0.0030662038 -0.1929172436
278.17495 7.936 0.0034976615 -0.0440034450
243.13377 10.443 0.0034976615 0.2716865820
255.09499 7.907 0.0035903165 0.0758736225
211.10753 8.605 0.0036851989 0.2141674715
388.87366 2.809 0.0037634362 -0.0340405529
111.08028 10.089 0.0037823556 0.2783645341
358.25885 9.566 0.0039836844 0.1704604653
241.15468 4.688 0.0040879549 -0.0747088440
104.07053 0.875 0.0040879549 -0.2717405163
165.06909 3.268 0.0041946963 -0.0710017571
396.45639 11.969 0.0046474105 -0.0333837256
439.28392 12.663 0.0048899688 0.3011412446
480.00681 6.217 0.0052753174 0.2153963526
207.07621 8.806 0.0054097364 0.1542313805
338.11688 6.931 0.0054097364 -0.1512314676
128.04539 9.945 0.0055472402 0.0975929337
239.01644 1.016 0.0056369433 -0.1651334655
314.18100 9.212 0.0056878902 -0.1712376187
175.05762 0.989 0.0058317488 0.1552989750
236.58849 1.017 0.0059788794 -0.0990897057
272.13379 2.368 0.0061293463 0.1259317498
262.18017 8.577 0.0061293463 -0.0227654679
793.36467 9.087 0.0061293463 0.1464859294
216.06872 8.046 0.0062832151 0.0619319046
206.10229 7.942 0.0064405522 2.5520372138
349.60466 1.028 0.0066014250 0.1128252277
239.01650 0.999 0.0065971456 -0.1651650862
694.92303 12.344 0.0067659020 0.1073574211
370.07357 5.901 0.0067659020 -0.1509716649
518.83193 1.289 0.0069484809 -0.0815178985
198.04960 1.023 0.0071303751 0.1756433344
490.28535 11.201 0.0072816596 0.3250431251
229.56251 1.002 0.0072816596 -0.1155111824
241.03105 1.001 0.0078324237 -0.1454751726
129.06569 0.987 0.0082200436 -0.1306731696
209.09206 9.067 0.0086247415 -0.0381800727
428.05961 8.554 0.0086247415 20.7222136214
314.18103 9.232 0.0088336940 -0.1948836803
130.06211 1.029 0.0089698489 0.1760337991
176.12802 0.894 0.0090471574 -0.2174895900
255.13494 9.538 0.0091984006 0.0952547859
363.16229 10.301 0.0092652147 0.2847002537
583.15175 9.301 0.0094321356 0.0000000000
167.08539 12.572 0.0097154479 -0.2680968732
227.89438 8.954 0.0099155567 -0.0809414731
76.03924 0.818 0.0101850801 -0.1349165236
423.12576 9.396 0.0104209284 0.0577700956
132.07667 1.015 0.0104273906 0.1271743022
705.82720 8.883 0.0106748169 23.4499838410
640.16250 9.308 0.0106748169 0.1464291223
307.16514 10.397 0.0111853828 0.2169834787
356.27935 11.065 0.0111853828 -0.1357489039
277.11832 10.94 0.0114487086 -0.1702450363
302.06729 10.869 0.0114487086 -0.0606124612
154.06217 1.055 0.0115009084 0.1379951298
298.05252 1.172 0.0119919200 -0.0926910181
449.11725 0.993 0.0119919200 -0.0594918049
193.09709 3.414 0.0119919200 0.0277910058
344.20657 10.379 0.0122719992 0.1483594595
99.51218 7.619 0.0122719992 -0.0604955488
407.18846 10.548 0.0125578583 0.4048867894
88.07557 0.874 0.0125578583 -0.0643262183
205.12233 10.874 0.0125578583 -0.0940867735
146.05992 10.774 0.0128495974 -0.0781922425
132.06535 4.662 0.0134511211 0.1154069361
314.18103 9.221 0.0134511211 -0.1995940941
778.20494 9.657 0.0136316026 -0.1182924501
322.12982 12.527 0.0140773945 0.2538578116
334.12581 1.044 0.0146467845 0.0611663487
437.93057 3.589 0.0149996883 0.0808550322
345.07263 11.048 0.0153600610 0.1037729246
191.13902 0.914 0.0154075904 -0.0509195048
310.14136 10.22 0.0157569530 -0.7418583066
232.15429 4.856 0.0161132646 -0.0960561322
466.81659 1.86 0.0164873086 -0.0390059808
153.06571 9.803 0.0172250399 -0.1612444702
261.14835 12.903 0.0176103008 0.1930664387
217.04941 1.246 0.0176103008 -0.0901275109
212.11265 2.743 0.0176103008 -0.0732885228
473.97051 0.82 0.0176865821 -0.0979932126
333.14431 9.911 0.0180030940 -0.0915433845
269.08932 8.607 0.0180030940 -0.1466691863
353.14236 11.998 0.0181029902 -0.0454908551
640.16271 9.119 0.0184035401 0.1423919619
349.08928 10.373 0.0188117610 0.2638157353
229.56254 1.202 0.0196520217 -0.1483974637
250.17998 7.782 0.0205248782 -0.0787960219
257.11322 8.472 0.0205248782 0.0423167936
127.03890 1.207 0.0205248782 -0.0872808854
207.12252 10.344 0.0205248782 0.3161642993
253.11829 6.707 0.0209738488 -0.0790272247
725.29382 9.519 0.0212657194 -0.2237584667
119.07014 6.478 0.0214313536 -0.0787275984
217.05670 5.627 0.0218975240 0.0114003742
197.06686 8.384 0.0223724923 0.0100830215
138.05490 5.226 0.0223724923 0.4205365677
96.96958 2.479 0.0227621914 0.1196941251
113.03080 1.937 0.0228563926 0.4812802382
113.03078 1.938 0.0228563926 0.4449277259
409.06754 1.095 0.0238099436 -0.1154190796
361.18300 10.229 0.0238515306 0.2682545873
286.20103 9.535 0.0243630426 0.1227693748
264.19561 6.634 0.0248840351 0.0812487360
195.99212 3.004 0.0254599496 -0.0988078594
272.17023 7.569 0.0254146483 -0.0529540786
187.94177 12.093 0.0260315112 -0.0681592418
310.20133 9.1 0.0259550240 -0.0754869247
269.08780 10.595 0.0259550240 0.1189211722
389.16269 10.288 0.0265053053 0.0233504846
242.98224 6.978 0.0265053053 0.2083350781
182.98610 9.194 0.0278132315 -0.0435898682
319.00836 0.533 0.0278132315 -0.0316922769
163.09646 8.511 0.0282170313 -0.0035803968
386.29016 12.02 0.0300231782 -0.0106418525
272.16433 10.137 0.0306469096 0.1180205605
471.19640 11.271 0.0312817365 -0.1562859373
203.05259 1.204 0.0319278133 -0.0966017487
196.09662 9.84 0.0325852955 0.0844124209
353.16799 1.006 0.0323839383 0.1438538084
695.42517 12.546 0.0325852955 0.0915200295
187.87337 8.733 0.0330867569 -0.0541180059
139.53088 1.201 0.0332543400 -0.1816673068
434.21735 8.685 0.0339351049 0.0747093028
260.16772 11.756 0.0339351049 -0.1491165689
162.07594 1.02 0.0339351049 -0.1050818362
331.17529 11.712 0.0346277492 -0.0451709407
608.38342 11.87 0.0346277492 0.0904910705
286.20099 9.676 0.0360493195 0.1147186064
401.15295 10.707 0.0360493195 -0.0178108989
197.12923 6.244 0.0360493195 -0.0597324806
508.08591 1.012 0.0367785697 -0.1045959168
405.01419 1.275 0.0367998315 -0.0900478474
349.24438 10.041 0.0367785697 0.1096431715
233.09932 6.804 0.0375203480 0.0140152719
186.07591 5.789 0.0375203480 -0.1987705384
310.21667 9.245 0.0375203480 0.0033658138
305.14947 10.889 0.0390421505 0.1184753905
230.98854 11.635 0.0398225081 -0.0651667310
138.05484 4.812 0.0398225081 0.1122552703
437.21277 12.146 0.0398225081 0.1603699797
195.12266 6.237 0.0406160606 -0.0290830008
272.95899 0.639 0.0408620778 -0.0985254228
410.56647 0.991 0.0414229774 -0.1162148178
180.13815 10.712 0.0422434291 -0.0880040318
632.05529 1.0 0.0422434291 -0.1418011616
242.98246 7.374 0.0422434291 0.1792560186
307.24774 12.579 0.0422434291 -0.1671313105
233.12847 10.953 0.0430775872 0.0364186059
125.87298 8.404 0.0443797868 -0.0682184616
180.06532 8.396 0.0456640302 -0.0954700212
102.95672 6.736 0.0462323858 -0.0405017156
88.04027 1.037 0.0462323858 0.1577943443
480.15680 12.825 0.0465547492 0.1740612193
133.08570 7.047 0.0465547492 0.1528344408
419.14191 9.659 0.0471828410 -0.1210577689
317.14536 3.942 0.0483801018 0.0969485561
162.07595 3.034 0.0483801018 0.0706048766
245.09525 8.796 0.0483801018 0.1881066635
185.03049 9.821 0.0483801018 -0.0385348931
323.14249 11.965 0.0483801018 0.1173904408
265.11811 10.779 0.0493150910 0.3687509568
205.08172 2.444 0.0502651942 -0.0836937442
252.12307 9.556 0.0502651942 0.1855509351
196.09681 9.124 0.0502651942 -0.0884896589
212.07631 2.342 0.0512305914 0.1894974541
198.09718 1.002 0.0512305914 -0.0663361482
217.11826 7.86 0.0522114636 0.1457596631
277.15562 9.231 0.0532369443 0.0538005867
147.05113 9.687 0.0542203605 0.0713865847
114.09122 5.331 0.0542203605 -0.1063500901
152.05663 10.045 0.0542203605 0.0832788347
208.10014 4.098 0.0542203605 -0.0270096543
188.06636 9.702 0.0552487512 0.0820839624
220.11785 6.676 0.0552487512 -0.0528692843
437.29077 11.98 0.0553939317 -0.0183649900
96.04426 4.377 0.0552487512 0.0780404874
135.10161 5.036 0.0562933485 0.0105666531
384.11905 1.015 0.0562933485 -0.0694720810
98.98413 2.329 0.0573543373 0.0884516782
188.93295 2.197 0.0576232640 -0.0623386805
612.88161 0.614 0.0584319030 -0.0549929903
102.95673 6.96 0.0587656038 0.0420862734
237.12318 6.91 0.0606375108 -0.0621529525
188.94906 1.465 0.0623059502 -0.0824037504
783.57184 12.247 0.0629116689 -0.1102409577
377.91455 5.802 0.0635245770 -0.0446320433
191.10249 10.256 0.0640749247 0.0876952531
219.07643 9.969 0.0640749247 -0.0548835056
690.50885 12.897 0.0652558838 0.1168838152
129.05452 7.943 0.0652558838 0.1327497963
178.09029 4.179 0.0664547358 0.0795570868
167.09123 2.306 0.0664547358 -0.0565078320
178.08624 9.139 0.0664547358 0.0687132355
444.99817 11.416 0.0660209295 -0.0061418620
215.86845 7.975 0.0672991013 -0.0487353046
458.98352 1.44 0.0672991013 -0.1258824853
190.92833 2.326 0.0685975686 -0.0555064835
652.33835 11.955 0.0689068794 0.0515736941
175.11892 1.026 0.0689068794 0.0706879291
71.01366 1.245 0.0699165559 -0.0106807821
233.87537 2.909 0.0701605525 -0.0553766490
223.09228 0.991 0.0714328815 -0.0572446049
258.10995 0.974 0.0714328815 -0.1544745924
309.18077 10.914 0.0727240581 0.0626165368
151.09639 3.899 0.0727240581 -0.0699559734
217.03298 1.411 0.0726169905 0.0958180657
131.08129 8.998 0.0727240581 -0.0817698743
146.06332 5.783 0.0727240581 -0.5822825405
321.89743 5.763 0.0739988891 -0.0430742710
210.13340 6.021 0.0753637225 -0.0357162475
249.02274 11.666 0.0768271793 0.0824451845
320.13331 1.017 0.0767125951 0.1553216301
711.06927 2.468 0.0767125951 -0.1669773059
180.08652 1.003 0.0767125951 -0.0424530489
243.11284 11.056 0.0780810850 0.0528888622
157.01166 1.778 0.0782740241 0.1830874971
221.15347 12.88 0.0780810850 -0.1536943746
159.07624 9.146 0.0780810850 -0.0658655653
161.04543 0.992 0.0782740241 -0.0374727332
199.10043 1.206 0.0794693849 -0.0288529001
137.04578 8.857 0.0794693849 -0.0976691829
188.94916 1.43 0.0797429712 -0.0819771858
427.21881 10.726 0.0797429712 -0.0756510227
159.07617 9.025 0.0794693849 -0.0665750686
79.51944 1.507 0.0794693849 0.0609542882
582.15729 9.277 0.0808776881 -0.0330126013
89.05968 2.623 0.0808776881 -0.0332621207
89.02439 1.449 0.0812342476 -0.1117240263
189.08795 4.9 0.0812342476 0.1429037348
272.20084 10.484 0.0808776881 0.0781656909
150.02283 0.922 0.0842846974 0.1852779749
582.15788 10.23 0.0852245487 -0.0578072639
266.08820 1.001 0.0858443253 0.0396725280
726.82403 0.698 0.0867147967 -0.0683089163
270.08905 11.955 0.0882260140 -0.0967778520
223.96317 2.425 0.0882260140 0.0668487723
297.98584 10.886 0.0882260140 -0.0465459283
146.93845 2.351 0.0890335233 -0.0499821114
311.12905 0.991 0.0890335233 0.1576856852
113.02429 0.991 0.0890335233 -0.0263495546
180.08653 1.783 0.0897583936 -0.0671821278
307.11085 12.348 0.0913121285 0.1150865958
201.01679 2.458 0.0923174912 0.2395229290
347.84913 2.085 0.0928874116 0.0256574229
242.98245 7.562 0.0928874116 0.1324818001
247.03088 1.446 0.0939955808 -0.1417117458
294.20617 9.687 0.0944844353 -0.0400601418
508.01346 5.713 0.0956980426 0.0437329639
340.26912 12.54 0.0977444738 0.0617406988
251.17527 9.996 0.0977444738 0.1137101069
161.09203 4.717 0.0994078722 0.2043325133
185.00655 4.81 0.1027561243 -0.4444700984
363.06231 1.036 0.1027561243 -0.1165486826
367.10513 0.988 0.1027561243 -0.1547012949
382.58487 0.991 0.1028023840 -0.0930575317
367.10526 0.978 0.1027561243 -0.1546987551
146.96100 1.206 0.1027561243 -0.0558102147
340.13251 6.956 0.1028023840 0.0206575286
225.06165 1.205 0.1009539186 -0.0427933091
333.11538 10.392 0.1028023840 0.0710253615
317.18723 11.592 0.1009539186 0.0748960723
548.29046 12.305 0.1045338786 0.1797519936
294.14084 3.52 0.1045338786 -0.1243064529
309.18085 10.921 0.1080662947 0.0140638012
102.05483 8.933 0.1080662947 -0.0594101628
187.87340 8.427 0.1083166175 -0.0444998775
255.04659 1.162 0.1098675942 0.0305211378
310.11444 1.459 0.1102221492 0.0433470535
73.07600 9.618 0.1116925390 -0.0569321270
143.03486 0.991 0.1141125913 -0.0251144813
143.03485 0.992 0.1141125913 -0.0251144813
133.09701 9.684 0.1135413164 -0.0549276259
143.03486 0.991 0.1141125913 -0.0251144813
412.86265 1.253 0.1135413164 -0.0557945887
447.89196 1.202 0.1154141131 -0.0598311543
282.11969 8.251 0.1154141131 0.0068252448
409.08652 10.494 0.1154141131 -0.0431569599
226.08222 7.649 0.1154141131 0.0344117523
246.16996 5.941 0.1154141131 -0.0420769079
432.04721 8.318 0.1173111149 -0.0707537153
147.11269 2.171 0.1173111149 0.0594926750
583.16022 8.649 0.1173111149 -0.0111308115
522.20241 6.584 0.1192325068 -0.0955197361
178.08377 9.047 0.1211784729 -0.0327979239
145.06186 0.91 0.1222171199 -0.0875367717
119.03487 0.991 0.1222171199 -0.0309557301
264.07714 0.994 0.1222171199 0.1046866556
108.04423 11.408 0.1231491964 0.1014915820
177.08678 6.573 0.1231491964 -0.0453570833
204.12289 1.12 0.1231491964 -0.0756116666
180.05942 1.204 0.1243119430 -0.0231364483
179.09099 9.09 0.1251448594 -0.0287446234
178.09031 10.06 0.1271656432 -0.0336538481
149.04539 1.234 0.1285855175 -0.0079766229
259.18052 10.234 0.1292117277 -0.2831216802
311.00842 7.066 0.1292117277 -0.0641288398
223.14409 9.125 0.1312832918 0.0215564690
277.08920 2.364 0.1312832918 0.0286691886
438.97194 1.517 0.1307646921 -0.1115115070
219.96644 7.563 0.1312832918 0.0760551382
168.07780 1.032 0.1329724047 0.0344968714
131.08142 4.505 0.1333805135 -0.0819267911
480.15680 12.579 0.1355035690 0.0504157346
396.31046 11.517 0.1355035690 0.1276617477
412.30566 11.373 0.1376526338 0.0869171505
247.08243 10.759 0.1374742738 -0.1061665343
793.31830 11.544 0.1376526338 -0.0484238544
191.08147 10.173 0.1398278816 -0.0445072549
157.14146 7.82 0.1398278816 0.0133327246
190.15486 1.3 0.1420294851 -0.0864108217
426.21226 8.517 0.1420294851 -0.0318444501
449.30468 12.874 0.1442576151 0.1127975626
659.33848 0.69 0.1442576151 -0.0612581773
379.14947 11.1 0.1442576151 -0.0191090929
719.96772 12.469 0.1442576151 0.0568574536
332.19155 8.904 0.1442576151 -0.0215138239
97.02831 0.999 0.1442576151 -0.0862703341
489.16273 12.42 0.1442576151 0.0305858452
83.03560 0.578 0.1465124414 -0.0659437531
379.97192 3.482 0.1468295065 0.0380037916
398.32649 11.304 0.1487941320 -0.0857416709
557.34613 12.217 0.1487941320 0.0242026592
208.09662 10.549 0.1511028533 0.1131230158
190.92841 8.648 0.1541597800 -0.0586749607
87.05520 0.896 0.1558020454 0.0660377074
237.08701 10.015 0.1581928407 -0.0574428692
487.62840 3.778 0.1591989961 0.0307479735
189.12329 3.624 0.1606113155 0.0476006357
177.08682 8.887 0.1606113155 -0.0516990512
250.03838 8.012 0.1606113155 0.0396037943
194.92729 4.977 0.1617648813 0.0233082270
756.24129 8.822 0.1630576275 0.1160687472
229.11827 0.988 0.1630576275 -0.1115196540
168.12286 3.898 0.1655319324 -0.0899874973
434.87184 1.655 0.1669901282 -0.0732655971
265.15854 9.744 0.1680343841 -0.0534485884
176.10292 0.994 0.1680343841 -0.1629734095
225.04926 4.79 0.1696498516 -0.0720039124
165.07559 2.494 0.1705651343 -0.0847380962
119.08140 9.653 0.1705651343 -0.0219125816
276.00379 4.592 0.1731243327 0.0809220374
97.02825 1.049 0.1757121270 -0.1100973895
245.12827 10.024 0.1757121270 0.0556273851
85.02830 0.999 0.1757121270 -0.0267018605
427.09502 6.181 0.1757121270 0.0908486392
100.07559 1.37 0.1783286626 0.0783655538
313.01459 8.756 0.1783286626 -0.0160620471
159.05110 3.693 0.1809740826 -0.1178533676
325.17107 10.465 0.1836485280 -0.0059466320
247.07118 11.161 0.1836485280 -0.1147555833
471.24462 10.798 0.1862785748 0.0697997491
242.02522 10.323 0.1862785748 0.0797405483
256.10980 7.843 0.1863521373 -0.0125599694
582.15797 10.491 0.1863521373 0.0089968260
181.06275 0.995 0.1862785748 -0.0426342934
520.33185 10.388 0.1890850468 -0.0147802367
419.04828 1.448 0.1891633226 -0.0258207469
179.09351 9.273 0.1890850468 -0.0250120825
575.39459 12.631 0.1890850468 -0.0463976938
187.07130 10.882 0.1890850468 -0.0673586494
91.00367 9.096 0.1920808693 -0.0117061367
87.04396 1.983 0.1918473901 -0.1509359921
83.03866 0.637 0.1946392984 -0.0404130954
283.10376 10.507 0.1946392984 -0.0202126094
201.02649 10.16 0.1950313692 -0.0663460859
211.14407 9.009 0.1974609005 0.0382980794
245.21100 12.02 0.1974609005 0.0201323264
575.39471 12.566 0.1974609005 -0.0413660897
185.09192 7.552 0.1974609005 0.2685149660
83.53570 0.571 0.1974609005 -0.0243139591
295.12886 9.271 0.1974609005 -0.0763107997
310.11444 1.452 0.1980149733 0.0360370279
153.12730 10.118 0.2003123225 -0.0759223292
379.19346 9.538 0.2003123225 0.0705865486
272.94442 0.605 0.2003123225 -0.0158819239
206.10211 8.266 0.2003123225 0.0689925435
348.98978 11.448 0.2003123225 -0.0644965459
227.17524 7.949 0.2031936877 0.0217088349
209.94902 5.841 0.2040820817 0.0727101490
101.02432 0.988 0.2040820817 0.0024470896
508.35937 12.585 0.2061051168 -0.0673857404
196.09682 7.784 0.2061051168 -0.0281203649
385.90170 1.566 0.2090467279 0.0443293940
269.13839 11.789 0.2090467279 0.0042964647
353.26603 0.658 0.2090467279 -0.0480911183
317.14938 10.984 0.2090467279 0.0717636682
190.92835 1.975 0.2102833364 -0.0439415432
451.21470 10.875 0.2120186361 0.1211347439
86.05991 1.918 0.2120186361 -0.1072432943
415.25378 9.765 0.2120186361 -0.0259420047
434.15768 9.106 0.2150209535 0.0189370662
524.15241 10.436 0.2150209535 -0.0315420478
487.03583 1.444 0.2166198243 -0.0284864155
125.02431 1.208 0.2166198243 -0.0122082980
258.11248 9.938 0.2180537897 -0.0131828095
453.18585 12.336 0.2211172509 0.0734932375
312.21699 8.835 0.2211172509 -0.2076590397
320.20668 12.357 0.2211172509 0.0099736193
229.91606 11.99 0.2230925747 -0.0254190436
91.50454 9.41 0.2242114405 -0.0771460768
397.17136 10.833 0.2263803538 0.1512850410
222.99521 11.996 0.2273364589 -0.0327497921
177.11198 6.256 0.2304924031 -0.0228306539
406.07755 8.931 0.2304924031 -0.0391616668
317.05589 8.206 0.2304924031 -0.0660186645
553.88232 12.299 0.2304924031 0.0460001926
227.03508 9.688 0.2304924031 0.0059630049
315.04161 9.833 0.2330592973 -0.0311371753
168.09294 7.024 0.2336793672 -0.0873186780
487.30560 11.514 0.2364506808 -0.0354818543
297.04541 6.041 0.2364506808 0.0351858861
219.12255 11.03 0.2368974418 18.8783427013
632.05540 0.993 0.2401467146 -0.0923092605
149.04551 1.551 0.2433377890 0.1080534947
217.06176 9.907 0.2433377890 -0.0853159016
318.05966 8.714 0.2467391879 -0.0397306323
354.93174 12.592 0.2467391879 -0.0509281348
231.93170 11.761 0.2468337084 -0.0168145863
298.18579 10.238 0.2467391879 -0.1738991755
133.06070 0.894 0.2500825465 0.0092505919
486.24869 9.759 0.2500825465 -0.0407175541
248.16462 9.682 0.2500825465 -0.0339195399
387.11466 5.628 0.2503646607 0.0923146683
321.89737 5.269 0.2503646607 0.0590582577
247.14414 10.417 0.2534574195 -0.1681098375
284.17018 9.876 0.2568638772 -0.0464990294
330.91568 12.664 0.2568638772 0.0363691899
101.02426 1.2 0.2575320065 -0.0037560293
294.20602 6.275 0.2603019864 -0.0002194891
291.20654 9.885 0.2603019864 0.0170938629
135.02986 1.549 0.2611685601 -0.0224543491
440.02592 5.068 0.2611685601 0.0060190768
175.04773 9.931 0.2637718105 -0.0386096948
156.96584 6.254 0.2637718105 -0.0145306099
133.08579 6.236 0.2637718105 -0.0125759905
310.17598 10.833 0.2637718105 -0.0629521554
311.15530 10.615 0.2672734089 0.0336839885
326.70016 9.515 0.2672734089 0.0236599965
264.17474 9.936 0.2672734089 -0.0338350551
239.12775 12.444 0.2672734089 -0.0708427956
175.10759 1.012 0.2708068374 0.1692856479
180.06885 1.005 0.2708068374 -0.1059245509
165.01913 9.687 0.2722906109 -0.0077380305
311.00024 10.987 0.2722906109 -0.0157853821
132.03019 2.166 0.2722906109 -0.0098718511
296.20090 9.244 0.2743721483 0.0136121667
233.00668 11.007 0.2743721483 -0.0184283436
204.12297 0.92 0.2779693898 -0.0407647829
422.92822 10.675 0.2779693898 -0.0237450114
293.09537 12.356 0.2815986064 -0.0306323363
283.01366 7.055 0.2815986064 -0.0666637066
388.25410 9.464 0.2815986064 -0.0105611995
239.09126 11.735 0.2852598386 -0.0560763440
317.05572 7.921 0.2852598386 -0.1025022228
168.12290 3.516 0.2852598386 -0.0407778326
161.12841 1.01 0.2852598386 0.0708895546
246.04396 9.126 0.2876178536 0.0439534894
210.13344 8.407 0.2889531233 -0.0308430636
226.12834 4.744 0.2889531233 -0.0520010249
174.08828 0.997 0.2915388978 -0.0575485172
127.05112 0.93 0.2915388978 -0.0433177964
173.92616 11.435 0.2915388978 -0.0264049357
175.09635 5.995 0.2926784930 -0.0249342361
189.14840 10.117 0.2926784930 -0.0682569378
420.92733 9.22 0.2954957135 -0.0261925660
421.20414 10.379 0.2964359766 0.0832017910
374.59629 1.031 0.2964359766 -0.1171008145
152.03747 0.922 0.2964359766 0.1247809831
191.06606 11.966 0.3002255986 0.0505107369
80.97482 3.003 0.2994883310 -0.0235030652
237.08688 10.308 0.3002255986 -0.0151399531
242.28430 9.88 0.3079013363 -0.0379309606
163.06002 1.001 0.3117874807 -0.0363784797
73.06475 7.028 0.3117874807 0.0280656325
209.10183 7.667 0.3117874807 -0.0703893935
393.11557 10.785 0.3117874807 0.0937979451
160.93532 9.172 0.3158172478 -0.0176490197
290.26883 12.224 0.3157058211 0.0559235510
180.97290 1.07 0.3158172478 0.0531073447
149.11722 7.029 0.3196563612 0.0170467203
166.05314 0.939 0.3196563612 0.0296047717
116.92850 11.957 0.3199891506 -0.0262714745
249.15572 1.016 0.3196563612 0.0191719488
421.20432 9.899 0.3196563612 0.0522606577
397.15988 10.063 0.3236391008 0.0281757157
101.07896 2.801 0.3236391008 -0.0951617346
245.21099 11.725 0.3236391008 0.0418812477
226.95144 0.643 0.3236391008 -0.0284258540
316.04492 9.022 0.3284405779 -0.0925801406
509.38014 12.432 0.3276540350 0.0272922776
145.07600 10.718 0.3276540350 0.0563517037
193.10697 8.321 0.3276540350 0.0140864838
502.85944 1.678 0.3284405779 -0.0395096641
303.22939 0.639 0.3276540350 -0.0277072382
388.25419 9.449 0.3276540350 -0.0047754461
203.00457 1.459 0.3327200846 -0.0473384913
88.11195 0.79 0.3357804470 0.0593701659
144.10184 1.135 0.3357804470 -0.0414564749
164.95691 2.482 0.3413865997 0.0261027597
131.08252 0.985 0.3413865997 -0.0501432398
101.05956 10.514 0.3398918935 -0.0140722367
201.03806 1.449 0.3413865997 -0.0748090682
182.98867 11.912 0.3413865997 0.0566432544
166.08610 7.964 0.3440354721 0.0514544528
176.06577 1.113 0.3440354721 -0.0416169864
191.98266 0.935 0.3482111562 -0.0495853141
107.07014 1.305 0.3482111562 -0.0559971161
396.03459 4.792 0.3482111562 -0.0216804532
319.20160 9.052 0.3482111562 0.0300037588
525.28825 10.405 0.3482111562 -0.0167791750
551.22772 8.55 0.3482111562 0.0293387208
635.06859 9.138 0.3524189144 -0.0039421127
360.96807 11.999 0.3524189144 -0.0176352024
238.09924 7.85 0.3524189144 -0.0058672012
225.93234 3.726 0.3524189144 -0.0023863927
179.08471 6.26 0.3524189144 -0.1299248903
270.19113 8.84 0.3566587111 -0.0114590636
276.14394 5.173 0.3566587111 0.0374004385
100.07559 2.81 0.3566587111 -0.0245609261
145.07600 11.109 0.3566587111 0.0507965047
117.06976 7.935 0.3566587111 0.0500081186
165.04176 12.772 0.3591488148 -0.0006908369
171.09920 7.29 0.3609305059 0.0089671201
230.24769 11.321 0.3652342539 0.0069592690
165.11209 5.944 0.3652342539 -0.0627185979
72.08071 0.917 0.3652342539 -0.0747578392
247.18027 8.894 0.3652342539 0.0904114472
699.36720 0.627 0.3636785457 0.0573544765
146.96114 0.743 0.3636785457 0.0176517045
88.98779 8.834 0.3682438439 0.0000000000
88.03921 2.029 0.3695699058 -0.0941023291
314.34186 10.586 0.3695699058 -0.0051189981
231.93157 9.376 0.3728446474 -0.0092989463
228.99393 11.618 0.3728446474 -0.0023093376
307.14011 10.363 0.3739374073 -0.0493685556
305.06317 10.048 0.3783366997 0.0343057155
209.13823 7.93 0.3783366997 -0.0183440721
311.00019 10.587 0.3774808888 -0.0242749072
269.05336 10.389 0.3783366997 0.0425654623
230.08427 9.943 0.3783366997 0.0230964784
92.04305 1.438 0.3774808888 0.0190787406
120.08070 7.05 0.3783366997 -0.0520357572
159.07629 1.01 0.3827677195 -0.0976993294
236.22177 12.503 0.3827677195 0.0506130054
105.03673 2.076 0.3827677195 -0.0168384461
91.05396 10.004 0.3872303988 0.0292152844
256.93816 2.426 0.3872303988 0.0906107883
315.04155 8.621 0.3868593856 -0.0497918408
115.07521 4.193 0.3872303988 0.0795888789
379.17993 11.998 0.3872303988 0.0242558148
237.89749 2.487 0.3868593856 0.0259614181
504.99519 10.333 0.3917246645 -0.0313899129
315.04162 10.418 0.3916014768 -0.0206492610
346.00940 8.557 0.3917246645 0.0115852177
158.08099 7.879 0.3917246645 0.0431103668
300.20181 8.715 0.3917246645 0.0054176610
255.04329 11.107 0.3917246645 0.1025505537
116.07153 0.909 0.3916014768 -0.0819989213
785.50444 12.594 0.3962504391 -0.0300283838
174.95605 1.643 0.4011908900 0.0106657225
276.00377 4.139 0.4008076403 0.0400406590
287.10956 8.45 0.4008076403 0.0330400870
110.54134 1.31 0.4053961811 -0.0155853320
184.04007 6.249 0.4053961811 -0.0723987484
204.01919 9.981 0.4053961811 -0.0119792039
88.07559 0.78 0.4053961811 0.0834470106
327.93213 5.808 0.4060380125 -0.0255144273
190.92842 5.012 0.4060380125 -0.0146331900
92.52214 1.525 0.4053961811 0.0064567729
106.04982 0.84 0.4100159694 -0.0606288484
146.08114 0.943 0.4100159694 -0.0600076128
308.20093 9.228 0.4146669087 -0.0015249547
137.04564 10.098 0.4146669087 0.0473935234
231.17020 3.973 0.4146669087 -0.0788057148
87.00860 1.205 0.4158365457 -0.0810657362
190.92831 11.975 0.4158365457 -0.0660833814
133.10515 1.114 0.4193488974 -0.0928974837
324.19171 10.394 0.4240618292 0.0589942482
317.05597 8.648 0.4240618292 -0.0031047194
258.15450 8.641 0.4240618292 -0.1488121771
217.04958 0.799 0.4240618292 -0.0327142606
390.87042 6.254 0.4257733357 0.0726654645
91.05396 9.695 0.4288055931 0.0186137605
134.04472 2.01 0.4288055931 -0.0490564897
108.94851 0.711 0.4288055931 -0.0409554881
131.54204 0.971 0.4288055931 -0.0755435428
150.05492 9.579 0.4288055931 0.0040716843
780.21894 9.092 0.4335800729 0.0048097635
199.10770 8.742 0.4335800729 0.0312611249
199.06892 9.647 0.4335800729 -0.0177443045
665.37395 0.645 0.4358473456 0.0136153072
289.06943 3.383 0.4358473456 -0.0009180437
296.95007 11.91 0.4409354576 0.0434433136
231.93167 11.489 0.4409354576 -0.0066668070
180.01162 0.852 0.4432206923 -0.0858617989
461.80297 1.263 0.4432206923 -0.0319186890
146.96129 2.582 0.4432206923 0.0106745219
348.89496 2.036 0.4460574421 0.0316008535
445.07303 5.714 0.4460574421 0.0424650468
115.03881 4.262 0.4480865756 -0.0369396934
243.75525 3.939 0.4512131423 -0.0089243324
110.54142 0.75 0.4529826623 0.0112452761
205.06813 0.998 0.4529826623 0.1186613035
111.02019 7.619 0.4579088122 -0.0056190148
223.11742 8.987 0.4579088122 0.0100542587
418.16272 8.633 0.4579088122 0.0236936675
179.05607 7.974 0.4564023955 0.0717891782
303.91345 1.715 0.4616250328 -0.0537664391
90.52578 1.842 0.4628648801 0.0081137930
315.04139 9.462 0.4668808793 -0.0263959748
267.17197 12.682 0.4678507158 0.0554180965
263.17526 10.779 0.4728661646 0.0927293380
102.01944 2.648 0.4774914702 -0.0268596027
200.07224 9.616 0.4779110665 -0.0121185126
166.94304 3.234 0.4779110665 -0.0154749826
463.48311 1.347 0.4779110665 -0.0027792308
132.99174 11.641 0.4774914702 0.0017916173
269.08792 0.988 0.4774914702 -0.0368268254
408.08248 9.042 0.4779110665 -0.0033803176
128.95069 2.586 0.4829852569 0.0297148966
672.85934 0.671 0.4828458345 0.0295013190
318.22760 10.422 0.4829852569 0.0068250001
356.24298 12.717 0.4829852569 -0.0311668129
365.10514 4.803 0.4829852569 0.0336575892
200.10289 1.337 0.4880885663 -0.0656556114
399.49400 1.286 0.4880885663 -0.0701835856
85.02833 1.167 0.4932208202 -0.0199096018
117.09095 7.027 0.4932208202 -0.0087350372
187.04184 1.45 0.4936517057 -0.0434871992
417.03007 9.815 0.4932208202 -0.0494634274
689.95621 12.574 0.4983818394 0.0102815578
264.09794 10.479 0.4983818394 -0.0229244879
698.16820 9.398 0.5035714399 -0.0041783223
102.95673 5.012 0.5045857026 0.0879857854
157.06169 4.523 0.5101002017 -0.0383382749
104.03526 0.832 0.5101002017 0.0181351278
85.02931 0.991 0.5101002017 -0.0290532475
117.08494 1.011 0.5140356240 0.0097831304
145.04945 1.0 0.5140356240 -0.0001512850
145.04935 0.994 0.5140356240 -0.0001512850
173.09307 1.007 0.5156460643 0.0104287790
127.03885 1.001 0.5193098154 -0.0396248746
257.09938 9.828 0.5193098154 0.0469149641
111.02003 12.66 0.5193098154 -0.0453898645
180.10164 9.656 0.5193098154 0.0183121791
128.04530 10.421 0.5193098154 0.0538053644
210.05015 7.025 0.5246118033 -0.0324022305
276.11887 5.255 0.5246118033 -0.0175792277
171.14906 0.951 0.5246118033 0.0093981213
783.81581 0.699 0.5246118033 0.0388281548
721.86372 0.651 0.5268309338 -0.0113512751
244.15546 11.136 0.5268309338 -0.0009942807
130.08616 0.963 0.5299413798 -0.0113894604
418.95567 10.374 0.5299413798 0.0070841966
204.15923 8.684 0.5299413798 -0.0077500129
210.05010 7.041 0.5299413798 -0.0324448001
283.16937 12.138 0.5352983319 -0.0259589553
111.02004 12.395 0.5352983319 -1.4421655597
233.07664 7.143 0.5406824420 0.0118383327
161.96956 5.914 0.5406824420 -0.0023253684
131.03477 0.991 0.5381383593 0.0140994691
191.08138 10.787 0.5406824420 0.0370725474
261.21717 11.699 0.5406824420 -0.0341669646
99.04488 1.009 0.5438373947 -0.0392999458
377.14150 10.798 0.5460934877 -0.1857618346
199.06869 9.063 0.5460934877 -0.0242705400
181.05831 4.499 0.5460934877 0.1750546215
379.14916 11.813 0.5515312419 -0.0531413922
328.24829 9.581 0.5515312419 0.0115752539
214.03322 0.96 0.5495662943 -0.0093476408
203.04007 4.18 0.5515312419 -0.0408017524
203.05260 0.997 0.5515312419 -0.0131562505
203.05251 1.003 0.5515312419 -0.0131562505
360.23904 9.879 0.5553247878 -0.0588060371
582.15784 9.692 0.5569954730 0.0130063083
219.19531 12.438 0.5569954730 0.1623871921
426.21209 8.442 0.5624859443 -0.0033547724
504.99520 10.63 0.5680024150 -0.0074239745
188.16425 9.634 0.5735446393 -0.0017869830
129.06566 9.317 0.5791123670 -0.0027638049
190.92841 8.49 0.5786490889 0.0211567823
158.09236 9.95 0.5791123670 0.0373405414
147.07632 5.289 0.5847053433 0.0282998026
211.08237 1.037 0.5845512933 -0.0650934302
202.17990 9.685 0.5847053433 -0.0021732755
86.09634 1.065 0.5847053433 -0.0759517524
107.04896 8.69 0.5847053433 -0.0323212434
439.68412 3.58 0.5845512933 -0.0003299012
179.05488 1.986 0.5903233089 -0.0429665342
281.02414 3.841 0.5903233089 0.0250869634
329.08807 11.946 0.5904813484 -0.0002070864
416.28513 11.536 0.5959659999 -0.0443051149
257.09930 9.85 0.5959659999 0.0234243181
99.09158 0.871 0.6016331482 -0.0418120196
642.31799 0.711 0.6016331482 0.0169169977
299.01967 4.218 0.6016331482 -0.0467640364
86.09628 1.047 0.6016331482 -0.0752243026
375.16199 11.717 0.6016331482 0.0121460643
707.35472 0.668 0.6024237641 0.0030979899
314.23240 10.038 0.6073244809 0.0336604990
189.04672 0.935 0.6073244809 -0.0606790565
189.08695 10.311 0.6073244809 0.0120187521
199.03354 0.882 0.6084354876 -0.0765308443
140.07027 1.006 0.6130397211 0.0260230847
205.10695 10.206 0.6130397211 -0.0432261939
275.03886 11.955 0.6130397211 -0.0180539405
88.07560 1.067 0.6130397211 -0.0293979345
345.07272 11.44 0.6144737878 0.0625837189
126.97144 0.943 0.6187785872 0.0095042204
279.13378 10.427 0.6245407936 -0.0088039136
136.04800 1.494 0.6245407936 0.0054545156
209.83376 3.865 0.6205383324 -0.0128295112
304.15421 10.089 0.6245407936 0.0151090368
151.06264 11.301 0.6245407936 0.1124429556
113.09592 6.146 0.6245407936 0.1685578225
325.20100 11.795 0.6245407936 -0.0057790881
197.80798 4.227 0.6266287841 -0.0539008838
81.52054 0.787 0.6303260501 -0.0458804673
308.18542 9.698 0.6303260501 -0.0096526318
209.83365 4.953 0.6327448000 0.0030203443
147.07643 0.914 0.6361340626 -0.0813418638
143.10651 6.511 0.6361340626 -0.0057305243
103.04006 2.128 0.6388860322 0.0168668576
352.16861 12.568 0.6419645326 0.0254251394
459.28007 10.076 0.6419645326 0.0027314494
190.92839 9.84 0.6450521275 -0.0038774217
160.07973 4.375 0.6478171575 0.0206207419
150.05495 10.804 0.6478171575 -0.0352437586
197.15340 12.767 0.6478171575 0.0396114550
477.00025 10.29 0.6478171575 -0.0056373436
177.10193 10.234 0.6478171575 0.0305315724
190.92842 8.022 0.6512427277 0.0181842101
261.14441 5.814 0.6536916306 0.0053408725
130.08608 3.859 0.6595876412 0.0097540505
564.35886 10.759 0.6595876412 0.0046975808
446.29603 10.761 0.6595876412 -0.0025709750
705.32525 9.166 0.6595876412 -0.0210063417
315.04150 8.971 0.6636959838 -0.0523889591
161.04539 1.564 0.6699578982 0.0198918406
476.30655 10.048 0.6714430115 -0.0035385833
612.36945 9.954 0.6774017300 0.0007086504
635.06932 10.199 0.6774017300 0.0203806924
316.94798 0.643 0.6762428342 0.0121872927
114.06612 1.012 0.6774017300 -0.0126762426
149.08072 5.991 0.6774017300 0.0623100211
102.95674 5.952 0.6762428342 0.0041902144
182.08107 8.577 0.6774017300 0.0117993467
132.10186 1.065 0.6833807032 -0.0380806315
261.94159 4.797 0.6825504087 0.0000000000
635.06930 10.43 0.6833807032 0.0226183691
302.23231 9.527 0.6833807032 0.0012192762
342.26364 10.588 0.6893796009 0.0532779458
437.23557 9.826 0.6893796009 0.0010075013
146.93846 9.294 0.6888802341 0.0229911653
214.08938 9.197 0.6893796009 -0.0076747450
130.04974 4.011 0.6893796009 -0.0357239490
284.17015 9.68 0.6893796009 0.0205892756
126.97134 0.92 0.6953980889 0.0074027235
246.97734 4.126 0.6953980889 -0.0200300214
257.02774 4.803 0.6952319179 -0.0225180176
203.01723 1.563 0.6952319179 -0.0211237095
173.92615 11.13 0.7016050632 -0.0125278977
244.07913 1.192 0.7014358296 -0.0006522099
698.16849 9.637 0.7014358296 0.0125963832
480.85041 0.749 0.7014358296 0.0173948933
235.07137 9.931 0.7014358296 0.0283164940
153.06584 9.4 0.7074924815 0.0352519969
190.92843 10.84 0.7079992683 -0.0094879856
148.06036 0.977 0.7074924815 -0.0320044644
281.24847 0.429 0.7079992683 0.0015378158
102.12759 12.537 0.7074924815 0.0469995528
321.13092 8.71 0.7135676996 -0.0236484029
226.92738 2.457 0.7144141273 0.0268738345
725.33091 10.798 0.7257724367 -0.0198618218
207.14903 10.244 0.7196611353 0.0036351778
140.07022 1.01 0.7257724367 0.0617408322
145.12218 6.4 0.7257724367 -0.2925335748
276.19543 8.459 0.7257724367 -0.0095436503
279.01201 9.316 0.7257724367 0.0033635470
130.05081 0.9 0.7208492299 -0.0312130389
193.03524 2.468 0.7208492299 -0.0973729363
134.89444 9.219 0.7208492299 0.0085806041
522.08875 9.141 0.7257724367 0.0129461005
258.15462 8.299 0.7257724367 0.0298483215
90.50677 12.471 0.7319012483 0.0382433174
324.09111 12.039 0.7337785026 0.0377684316
372.25923 10.504 0.7380472112 -0.0212212923
221.05066 7.947 0.7380472112 -0.0188157012
569.31421 11.238 0.7380472112 -0.0093109828
195.05092 2.207 0.7402718309 0.0398331300
90.05492 0.83 0.7442099636 -0.0695216976
667.32529 0.715 0.7442099636 -0.0724835411
370.07339 6.623 0.7442099636 0.0346578967
198.12756 10.512 0.7442099636 0.0090732758
172.20593 8.813 0.7442099636 0.0294440608
144.06544 5.699 0.7442099636 -0.0087590928
379.28156 0.626 0.7503891400 -0.0037645796
261.09446 1.214 0.7503891400 -0.0191437544
493.13580 8.792 0.7503891400 0.0200975324
111.02000 9.054 0.7503891400 -0.0482061229
204.05581 1.036 0.7503891400 -0.0117077042
231.08377 4.726 0.7565843719 -0.0247342159
332.24300 9.924 0.7565843719 -0.0227666649
487.28036 11.49 0.7565843719 -0.0211239945
141.01566 3.755 0.7565843719 0.0610643990
255.82195 4.296 0.7533137357 0.0132864488
635.06921 9.54 0.7565843719 0.0207424024
112.98560 0.672 0.7598614463 -0.0029584413
169.09472 0.91 0.7627952879 0.0103226477
272.07651 7.249 0.7690215134 -0.0589675933
215.17541 7.058 0.7752626707 -0.0117408452
223.98822 12.487 0.7752626707 0.0186705652
89.05965 3.335 0.7752626707 -0.0002044045
205.08168 1.646 0.7815183796 0.0080989149
364.09756 6.636 0.7796063345 -0.0206097752
376.21774 9.262 0.7815183796 -0.0132286301
193.09712 6.272 0.7815183796 -0.0049130141
507.57935 0.991 0.7815183796 -0.0523635184
237.08673 7.957 0.7940719157 0.0225244812
132.99174 11.311 0.7928499206 -0.0100168196
426.35752 12.401 0.7877882566 -0.0922941420
189.12341 0.99 0.7940719157 0.0178904398
322.94348 10.845 0.7928499206 -0.0184304213
105.05448 1.968 0.7940719157 -0.0710047309
150.12764 10.599 0.7940719157 0.0251690987
401.24885 9.151 0.7877882566 0.0018069941
311.00018 10.361 0.7928499206 -0.0046458023
310.99992 9.847 0.7862203957 0.0193624369
170.15375 8.756 0.7940719157 -0.0001461447
306.08103 11.419 0.8003689683 -0.0020530012
205.06814 1.161 0.8003689683 0.0987991219
200.54568 1.004 0.8003689683 0.0086437720
303.20673 9.547 0.8066790231 0.0408073047
551.22836 9.747 0.8066790231 0.0435850165
725.33099 11.1 0.8066790231 -0.0217845968
232.93500 9.648 0.8061535321 0.0085204218
255.82197 4.751 0.8128266962 -0.0114963365
780.21936 9.632 0.8130016861 0.0147451017
445.11963 12.49 0.8193365610 -0.0331647856
199.09645 9.587 0.8193365610 0.0142082592
220.14418 9.691 0.8193365610 0.0067918283
432.14178 9.674 0.8193365610 0.0052115707
140.07021 1.019 0.8256832492 0.0616390995
245.07683 8.42 0.8256832492 -0.0074534312
195.11263 6.089 0.8256832492 0.0677942983
255.82207 3.971 0.8262134113 0.0025440879
421.16730 12.055 0.8256832492 -0.0228440106
85.07597 9.659 0.8256832492 0.0244940775
225.07557 11.622 0.8256832492 -0.0015802389
584.16293 9.677 0.8320413496 0.0288749961
309.11905 9.619 0.8329260215 0.0108368338
78.91870 3.875 0.8329260215 -0.0026687852
174.12357 5.985 0.8320413496 0.0172822326
189.95895 3.192 0.8320413496 -0.0010181722
372.25891 11.165 0.8320413496 -0.0354035970
297.98553 8.106 0.8384104588 0.0478332692
430.36731 0.756 0.8384104588 0.0099593333
102.95662 5.572 0.8396508351 -0.0462828082
441.19742 11.281 0.8396508351 0.0405421804
104.10691 0.751 0.8447901715 0.0223486093
530.20775 7.351 0.8447901715 -0.0183662315
228.99405 11.33 0.8463873747 -0.0244359489
76.07560 0.762 0.8511800801 0.0877389220
612.85868 0.702 0.8598937103 -0.0056035061
111.02014 10.424 0.8575797752 -0.0039769952
195.05086 2.523 0.8598937103 0.0305657601
328.24808 10.663 0.8575797752 -0.0532508343
360.99793 9.63 0.8598937103 0.0021085749
269.02976 10.317 0.8575797752 -0.0027292904
267.84787 4.643 0.8598937103 -0.0071032606
383.24276 12.069 0.8575797752 -0.0104220547
382.34265 11.093 0.8639888451 0.0102810106
437.23540 10.424 0.8639888451 0.0089685464
286.17993 9.975 0.8639888451 0.0235627739
368.27930 10.977 0.8639888451 -0.0553878819
181.07165 0.988 0.8666625394 -0.0139660519
316.04490 10.475 0.8666625394 -0.0022032616
279.18024 10.347 0.8704068766 -0.0051528533
101.07077 0.99 0.8704068766 -0.0209673668
136.04808 1.003 0.8704068766 0.0559344179
129.93629 10.623 0.8734411609 0.0204002849
187.99651 0.829 0.8802290856 -0.0087306591
297.98564 9.851 0.8832681624 0.0245243825
271.09953 11.391 0.8897105815 0.0006303240
81.52049 1.948 0.8897105815 0.0204529676
179.08727 9.381 0.8897105815 0.0256707190
288.21670 9.624 0.8897105815 0.0451411599
71.06032 9.925 0.8961602919 0.0073738655
258.91571 10.016 0.8938308785 0.0250441602
248.96050 0.661 0.8938308785 -0.0117672492
336.85849 10.106 0.8938308785 0.0061007345
145.09707 0.931 0.8961602919 -0.0254719578
652.35148 0.688 0.8961602919 0.0495980216
663.43469 12.755 0.8961602919 0.0694586640
90.50687 7.619 0.9026168725 -0.0418411843
183.07790 9.596 0.9026168725 0.0075417882
780.21934 9.608 0.9026168725 0.0056071466
191.06619 1.892 0.9026168725 -0.0027864221
90.52582 0.761 0.9090799003 -0.0142452265
169.97727 2.61 0.9090799003 0.0190733056
75.00862 7.446 0.9074639664 0.0037225286
414.30011 11.739 0.9090799003 -0.0897326103
526.33502 11.108 0.9142910034 -0.0286660020
275.05621 0.754 0.9142910034 -0.0499215689
128.03523 4.581 0.9142910034 0.0333554710
173.09203 1.034 0.9155489514 0.0529969912
213.03271 11.009 0.9220236005 0.0181363368
415.54919 1.007 0.9220236005 -0.0004452603
281.15950 9.565 0.9220236005 0.0032719003
131.07020 9.176 0.9285034215 -0.0112882965
344.22801 9.105 0.9285034215 -0.0020939726
189.15960 1.36 0.9285034215 -0.0133703956
171.02739 2.092 0.9348080853 0.1039308171
197.12844 8.684 0.9349879868 -0.0265958957
308.20098 9.244 0.9349879868 0.0149467833
200.07205 9.032 0.9414768683 -0.0001426498
440.29200 12.712 0.9414768683 0.1108859200
115.03993 0.99 0.9416574281 0.0058734048
147.11266 1.298 0.9414768683 -0.0190309485
447.08203 1.032 0.9414768683 0.0049453522
344.22784 9.107 0.9414768683 -0.0046514411
279.17010 9.088 0.9479696367 -0.0104584625
93.07378 0.817 0.9479696367 -0.0012699315
258.91731 1.113 0.9485110885 -0.0204106933
183.09899 6.515 0.9544658622 -0.0524538499
418.95567 10.153 0.9544658622 0.0080824794
228.12846 0.972 0.9609651141 0.0045386550
203.04026 4.626 0.9609651141 0.0574721167
435.19839 11.83 0.9553685606 0.0836321127
209.83377 4.275 0.9622293380 0.0205237003
116.07055 0.913 0.9609651141 -0.0425529355
231.07733 11.943 0.9553685606 0.0548685601
173.10430 1.503 0.9622293380 -0.0154498974
221.05068 9.929 0.9609651141 -0.0286584412
705.32528 9.119 0.9544658622 0.0105745396
258.12554 8.709 0.9609651141 0.0192886265
269.08778 1.414 0.9622293380 -0.0126326876
416.37491 11.688 0.9690929134 -0.0362592670
131.04616 0.888 0.9690929134 -0.0309666710
95.01369 0.988 0.9690929134 0.0382203636
207.01410 0.908 0.9674669611 -0.0384742674
567.39009 0.618 0.9674669611 -0.0151288713
201.98379 6.282 0.9739709716 0.0092254258
141.06581 4.488 0.9739709716 0.0296583478
279.13399 9.833 0.9739709716 -0.0087615682
105.01920 1.397 0.9759587789 -0.0096024288
126.10252 0.936 0.9804767134 -0.0204718958
239.14878 8.324 0.9869837539 -0.0002666813
454.24306 9.525 0.9869837539 0.0139494165
307.85583 8.541 0.9896953465 -0.0203696074
349.10883 0.973 0.9934916604 -0.0569616499
200.23726 9.743 0.9934916604 0.0122957793
