"m.z" "r.t" "p.value" "t.score"
253.05434 6.017 0.0009765625 0.0728658816
158.11745 10.092 0.0009765625 0.2108785316
432.14178 9.674 0.0009765625 0.0867483321
101.01674 5.642 0.0009765625 0.1084930563
206.10211 8.266 0.0009765625 0.0378845313
349.08928 10.373 0.0009765625 0.0691636177
289.15454 10.891 0.0009765625 0.1548945962
158.09236 9.95 0.0009765625 0.0815229392
344.22784 9.107 0.0009765625 -0.0008331122
275.21163 9.852 0.0009765625 0.2333025067
245.12827 10.024 0.0009765625 0.0469590339
582.15784 9.692 0.0009765625 0.2514872206
147.05113 9.687 0.0009765625 0.0514658005
153.06584 9.4 0.0009765625 0.0256840334
191.10249 10.256 0.0009765625 0.1332706348
261.14835 12.903 0.0009765625 0.3188371675
317.14938 10.984 0.0009765625 0.0333940484
344.20657 10.379 0.0009765625 0.0439090708
233.16465 9.864 0.0009765625 0.0604673994
207.12252 10.344 0.0009765625 0.0854896510
91.05396 9.695 0.0009765625 0.0599599157
200.23726 9.743 0.0009765625 0.1520428782
451.21470 10.875 0.0009765625 0.0508507612
251.17527 9.996 0.0009765625 0.0435450754
305.14947 10.889 0.0009765625 0.0527806770
261.18080 11.062 0.0009765625 0.8226407801
180.10164 9.656 0.0009765625 0.0652995299
144.06298 0.713 0.0009765625 -0.0336548851
230.08427 9.943 0.0009765625 0.0296571784
290.13862 11.042 0.0009765625 -0.2008855894
137.04578 8.857 0.0009765625 -0.0320201485
348.10080 8.211 0.0009765625 -26.8761916658
172.09669 9.97 0.0009765625 0.1533784323
172.09674 10.106 0.0009765625 0.2349725618
159.05110 3.693 0.0009765625 0.3865187508
344.22801 9.105 0.0009765625 -0.0003154221
176.12800 11.055 0.0009765625 0.2619368260
520.33185 10.388 0.0009765625 -0.0040840475
188.06636 9.702 0.0009765625 0.0426238145
174.14874 8.541 0.0009765625 -0.3726236401
219.13381 10.095 0.0009765625 0.4102412552
291.20673 10.714 0.0009765625 0.2008696515
199.09645 9.587 0.0009765625 0.2084623854
370.07339 6.623 0.0009765625 0.0362863027
276.10116 7.893 0.0009765625 0.1391714649
255.09499 7.907 0.0009765625 0.0570579840
235.12873 7.948 0.0009765625 0.0597362951
432.04721 8.318 0.0009765625 0.1075426035
287.10956 8.45 0.0009765625 0.0541192756
604.13812 8.48 0.0009765625 0.1544598917
150.05492 9.579 0.0009765625 0.1920688255
414.33618 10.38 0.0009765625 -0.0649082334
335.22869 10.076 0.0009765625 0.2247750342
617.28564 8.799 0.0009765625 0.1583105226
440.22751 8.348 0.0009765625 0.1798901114
290.13863 10.97 0.0009765625 -0.1247845083
328.24829 9.581 0.0009765625 0.0482633285
91.05396 10.004 0.0009765625 0.0554731288
264.19561 6.634 0.0009765625 0.0697349452
231.07733 11.943 0.0009765625 0.0285892813
326.23230 10.263 0.0009765625 -0.3301647853
139.03992 10.477 0.0009765625 0.0473737364
220.98079 11.494 0.0009765625 -0.1618856394
333.09137 11.511 0.0009765625 -0.0429806162
266.06696 10.05 0.0009765625 -0.2688745025
263.12129 11.682 0.0009765625 0.2332767601
111.08028 10.089 0.0009765625 0.0638331045
256.16943 9.741 0.0009765625 0.0675352526
157.01166 1.778 0.0009765625 0.2266013368
291.20654 9.885 0.0009765625 0.0349410692
257.02774 4.803 0.0009765625 0.0000000000
295.07913 5.605 0.0009765625 0.0674591043
476.30655 10.048 0.0009765625 -0.0008165229
297.09353 5.148 0.0009765625 0.1309410867
245.16055 5.096 0.0009765625 -0.0532008069
263.17526 10.779 0.0009765625 0.0588675350
371.17238 10.818 0.0009765625 0.0914361925
273.15962 10.88 0.0009765625 0.1495505002
388.25410 9.464 0.0009765625 -0.0026033988
328.16675 10.866 0.0009765625 0.0353351377
388.25419 9.449 0.0009765625 -0.0009957673
407.18846 10.548 0.0009765625 0.1307411976
305.09646 11.916 0.0009765625 -0.0389432182
427.09502 6.181 0.0009765625 0.1487734280
324.09111 12.039 0.0009765625 0.0363793218
321.89751 4.849 0.0009765625 0.0871598479
289.06771 9.654 0.0009765625 -1.7777218839
349.24438 10.041 0.0009765625 0.0359968699
322.12982 12.527 0.0009765625 0.1106737576
172.07175 9.946 0.0009765625 0.1696753578
286.20103 9.535 0.0009765625 0.0922111834
286.20099 9.676 0.0009765625 0.1258086812
189.08695 10.311 0.0009765625 0.2062992976
264.12424 11.817 0.0009765625 0.2003990695
252.12307 9.556 0.0009765625 0.2070668914
289.22728 9.974 0.0009765625 0.0961419692
279.11602 12.082 0.0009765625 0.1222674379
437.21277 12.146 0.0009765625 0.0580172773
133.08570 7.047 0.0009765625 0.0855548077
128.04539 9.945 0.0009765625 0.0797375492
308.18542 9.698 0.0009765625 0.0098527154
272.16433 10.137 0.0009765625 0.0360316438
480.15680 12.825 0.0009765625 0.2954016678
549.21370 9.63 0.0009765625 -0.4494261748
397.17136 10.833 0.0009765625 0.0437232161
206.02797 12.026 0.0009765625 0.0767822548
89.02439 1.449 0.0009765625 0.3426521372
663.43469 12.755 0.0009765625 0.2087645198
346.08652 8.44 0.0009765625 -0.2887130225
243.13377 10.443 0.0009765625 0.0732040525
248.16462 9.682 0.0009765625 0.1619113095
220.14418 9.691 0.0009765625 0.0576228552
286.17993 9.975 0.0019531250 0.0529945800
307.11085 12.348 0.0019531250 0.0587453939
258.11248 9.938 0.0019531250 0.0163824394
363.16229 10.301 0.0019531250 0.0689065987
267.17197 12.682 0.0019531250 0.1455418789
247.18027 8.894 0.0019531250 0.0814654741
453.18585 12.336 0.0019531250 0.0453750788
116.92850 12.983 0.0019531250 0.1873864049
548.29046 12.305 0.0019531250 0.0952833632
793.36499 8.806 0.0019531250 0.4838443935
793.36467 9.087 0.0019531250 0.7607226868
582.15797 10.491 0.0019531250 0.2834595890
145.07600 10.718 0.0019531250 0.0183284837
307.11092 12.054 0.0019531250 -0.1660880777
137.04564 10.098 0.0019531250 0.2972175620
187.08647 12.053 0.0019531250 0.0919437929
229.05791 5.313 0.0019531250 0.0650503061
88.07559 0.78 0.0019531250 -0.7421698839
449.30468 12.874 0.0019531250 0.0891772550
705.32528 9.119 0.0029296875 1.1793965574
328.24808 10.663 0.0029296875 0.5572759786
393.11557 10.785 0.0029296875 0.0482056786
690.50885 12.897 0.0029296875 0.1145049326
201.03806 1.449 0.0029296875 0.1989240132
358.25885 9.566 0.0029296875 0.0646828969
480.85041 0.749 0.0029296875 0.0102329425
780.21936 9.632 0.0029296875 0.2179383391
780.21934 9.608 0.0029296875 0.1976189029
265.15854 9.744 0.0029296875 0.0818885703
376.21774 9.262 0.0029296875 0.0421781904
705.32525 9.166 0.0029296875 1.3636958289
551.22836 9.747 0.0029296875 0.3664618830
278.17495 7.936 0.0029296875 -0.0124461068
370.07357 5.901 0.0029296875 0.1656888688
279.11598 10.313 0.0029296875 -0.0178363002
141.01566 3.755 0.0029296875 0.0264567556
153.06571 9.803 0.0029296875 -1.1142494629
269.08780 10.595 0.0048828125 0.0798264745
214.08938 9.197 0.0048828125 0.0505139881
524.15241 10.436 0.0048828125 0.0998596015
377.14150 10.798 0.0048828125 0.6030036421
522.20241 6.584 0.0048828125 0.6559167626
642.31799 0.711 0.0048828125 0.0669138827
226.09353 10.051 0.0048828125 0.0431292076
454.24306 9.525 0.0048828125 0.0833528614
175.04773 9.931 0.0048828125 -0.2213487292
305.06317 10.048 0.0048828125 0.0383362457
279.17010 9.088 0.0048828125 0.1190892584
179.09099 9.09 0.0068359375 0.3271937230
178.09031 10.06 0.0068359375 0.3392801470
582.15788 10.23 0.0068359375 0.3044720543
553.88232 12.299 0.0068359375 0.0415192934
208.09662 10.549 0.0068359375 0.0480125170
303.20673 9.547 0.0068359375 0.2165789782
144.06544 5.699 0.0068359375 -0.3937289193
197.06686 8.384 0.0068359375 0.0116721458
435.19839 11.83 0.0068359375 0.0278703087
178.08377 9.047 0.0068359375 0.3367935224
377.91489 4.919 0.0068359375 0.0952980306
437.23557 9.826 0.0097656250 0.0046866097
310.21667 9.245 0.0097656250 0.0069154296
219.12255 11.03 0.0097656250 0.9105381943
233.09932 6.804 0.0097656250 0.1235074686
203.01723 1.563 0.0097656250 -0.3818610690
490.28535 11.201 0.0097656250 0.6104808826
144.10184 1.135 0.0097656250 -1.4856942727
564.35886 10.759 0.0097656250 0.0011143134
185.03049 9.821 0.0097656250 -0.0074130260
583.16022 8.649 0.0097656250 0.3374409333
257.11322 8.472 0.0097656250 0.0142050492
343.12322 5.46 0.0097656250 0.2514554023
434.15768 9.106 0.0097656250 0.3046435143
756.24129 8.822 0.0097656250 0.2825537494
170.11762 6.354 0.0097656250 0.0207772223
133.09701 9.684 0.0097656250 0.3584083426
195.99212 3.004 0.0136718750 0.2128390151
247.03088 1.446 0.0136718750 0.3025637778
103.04006 2.128 0.0136718750 0.8030643360
168.07661 2.356 0.0136718750 0.3561447325
308.20093 9.228 0.0136718750 0.2795656499
279.13399 9.833 0.0136718750 0.0765757013
652.33835 11.955 0.0136718750 0.0301684137
309.12663 11.904 0.0136718750 0.0516897571
264.17474 9.936 0.0136718750 0.1251425965
582.15729 9.277 0.0136718750 0.3090294439
416.35181 10.38 0.0136718750 -0.0216777677
421.20414 10.379 0.0136718750 -0.1547989251
415.54919 1.007 0.0136718750 -0.1957017317
612.36945 9.954 0.0136718750 0.1605447152
463.48311 1.347 0.0136718750 0.5227339521
230.98854 11.635 0.0136718750 0.0584244357
131.07020 9.176 0.0136718750 0.0155373048
352.16861 12.568 0.0136718750 0.0481719873
302.01938 5.534 0.0136718750 0.1420524388
113.03080 1.937 0.0136718750 0.3529685221
302.01923 4.916 0.0136718750 0.4223927948
186.11247 5.226 0.0136718750 0.0306905306
551.22772 8.55 0.0136718750 0.4744136605
278.19036 9.315 0.0136718750 0.0447344662
177.08682 8.887 0.0136718750 0.3379042062
172.13321 4.594 0.0136718750 0.1651139355
145.07600 11.109 0.0136718750 0.0133899164
154.12262 4.195 0.0136718750 0.0267126523
314.18103 9.221 0.0136718750 -0.0360306271
307.11091 10.806 0.0136718750 -0.0127265276
186.11234 2.243 0.0136718750 0.0749499328
426.21209 8.442 0.0185546875 0.0332763299
135.02986 1.549 0.0185546875 -0.1385723217
308.20098 9.244 0.0185546875 0.1596042195
247.14414 10.417 0.0185546875 -0.2795296386
365.10535 5.437 0.0185546875 0.2656163302
171.02739 2.092 0.0185546875 0.8478235460
242.13058 8.916 0.0185546875 0.0000000000
307.11093 11.428 0.0185546875 0.0309416286
247.07118 11.161 0.0185546875 -0.3936915527
164.95691 2.482 0.0185546875 0.1778955986
191.06606 11.966 0.0185546875 0.0389516959
198.12756 10.512 0.0185546875 -0.0319686353
288.00378 4.675 0.0185546875 0.3677997422
296.20090 9.244 0.0185546875 0.0420339945
441.19742 11.281 0.0185546875 0.0352877714
179.08727 9.381 0.0185546875 0.2512452181
119.08140 9.653 0.0185546875 0.1648943419
295.12886 9.271 0.0185546875 0.1117805759
131.08129 8.998 0.0185546875 0.2181280631
186.07591 5.789 0.0185546875 0.1537538026
471.24462 10.798 0.0185546875 0.0199736178
113.03078 1.938 0.0185546875 0.3599523884
419.04828 1.448 0.0185546875 0.2576856638
237.12318 6.91 0.0185546875 -0.0175538905
640.16250 9.308 0.0185546875 0.2978395443
178.09029 4.179 0.0244140625 0.0804792835
165.01160 11.331 0.0244140625 0.1036067073
412.19637 8.44 0.0244140625 0.0263785820
348.89496 2.036 0.0244140625 0.0155738056
706.32819 8.954 0.0244140625 0.5769399761
160.84199 11.608 0.0244140625 0.0586959355
419.14191 9.659 0.0244140625 -0.2823432924
233.10721 6.699 0.0244140625 -0.0201042157
783.81581 0.699 0.0244140625 0.1663653211
189.08795 4.9 0.0322265625 0.6979409858
181.06275 0.995 0.0322265625 0.1020864787
319.20160 9.052 0.0322265625 0.2169787888
458.98352 1.44 0.0322265625 0.2323539056
259.18052 10.234 0.0322265625 -0.2891628739
158.08099 7.879 0.0322265625 0.0325566367
333.11538 10.392 0.0322265625 0.4984865096
445.07303 5.714 0.0322265625 0.0571251843
253.11829 6.707 0.0322265625 0.0239707104
223.11742 8.987 0.0322265625 -28.7724203341
440.02592 5.068 0.0322265625 0.0790872934
584.16293 9.677 0.0322265625 0.1698107832
389.16269 10.288 0.0419921875 0.0262124079
305.22233 11.03 0.0419921875 0.0808711693
253.09279 5.964 0.0419921875 0.0764577562
486.24869 9.759 0.0419921875 0.0822669955
102.05483 8.933 0.0419921875 0.2858694656
199.06892 9.647 0.0419921875 0.1409108148
161.09203 4.717 0.0419921875 0.2450268719
200.07205 9.032 0.0419921875 0.1031436550
640.16271 9.119 0.0419921875 0.4136021625
719.96772 12.469 0.0419921875 -0.3965991397
173.09203 1.034 0.0419921875 -0.2759915242
159.07617 9.025 0.0419921875 0.2799710390
156.96584 6.254 0.0419921875 0.0102771597
304.15421 10.089 0.0419921875 0.0595558835
239.01650 0.999 0.0419921875 0.1981153643
239.01644 1.016 0.0419921875 0.1918998899
191.08138 10.787 0.0419921875 -0.2941783788
360.02505 8.292 0.0419921875 0.0325756655
220.11785 6.676 0.0419921875 0.1598398042
159.07624 9.146 0.0419921875 0.2787333413
196.09662 9.84 0.0419921875 0.0335708550
294.14084 3.52 0.0419921875 -0.0806151177
396.31046 11.517 0.0419921875 0.0553686450
450.01277 1.949 0.0419921875 0.0884458831
199.06869 9.063 0.0419921875 0.1557575546
508.01346 5.713 0.0419921875 0.0438717335
111.02003 12.66 0.0419921875 3.4370640272
780.21894 9.092 0.0537109375 0.2014171353
145.08582 10.901 0.0537109375 0.2632775545
85.07597 9.659 0.0537109375 0.2090045181
356.24314 11.873 0.0537109375 0.0059075232
281.02414 3.841 0.0537109375 0.0173644692
281.15950 9.565 0.0537109375 0.0120161256
296.95007 11.91 0.0537109375 -0.4454133599
320.13331 1.017 0.0537109375 0.3116213720
283.10376 10.507 0.0537109375 -0.0118103173
489.16273 12.42 0.0537109375 -0.1374459046
92.04305 1.438 0.0537109375 -0.0810871361
487.03583 1.444 0.0537109375 0.3198204942
272.13379 2.368 0.0537109375 0.0616712477
382.58487 0.991 0.0537109375 0.1712836465
223.14409 9.125 0.0537109375 0.3417772967
99.51218 7.619 0.0537109375 -0.0155791022
250.03838 8.012 0.0537109375 0.0201322668
152.05663 10.045 0.0537109375 0.0848235890
216.06872 8.046 0.0537109375 0.0231243799
336.85849 10.106 0.0537109375 -0.0212727787
283.16937 12.138 0.0673828125 0.2041792123
738.44891 12.651 0.0673828125 0.1621763598
375.16199 11.717 0.0673828125 0.0061240311
569.31421 11.238 0.0673828125 0.1040058854
196.09681 9.124 0.0673828125 0.4518586630
785.50444 12.594 0.0673828125 0.1414241869
240.11491 9.07 0.0673828125 0.1630959701
356.24298 12.717 0.0673828125 0.0457976545
232.05761 9.265 0.0673828125 0.4227161936
275.05621 0.754 0.0673828125 -0.0164128997
228.12846 0.972 0.0673828125 0.0323850650
464.08922 11.123 0.0673828125 -0.0862668301
423.12576 9.396 0.0673828125 0.0347188783
175.11892 1.026 0.0673828125 0.0192663069
177.10207 3.9 0.0673828125 0.0197395429
113.09592 6.146 0.0673828125 0.5373604051
272.07651 7.249 0.0673828125 0.0208957747
321.89737 5.269 0.0673828125 0.0486067392
177.08678 6.573 0.0673828125 0.1141922330
197.80798 4.227 0.0673828125 0.2112919693
323.14249 11.965 0.0830078125 0.0951318753
200.07224 9.616 0.0830078125 0.1475763191
421.16730 12.055 0.0830078125 0.0339410761
146.05992 10.774 0.0830078125 -0.3654226377
314.18100 9.212 0.0830078125 -0.0239574369
197.15340 12.767 0.0830078125 0.0915029791
99.09158 0.871 0.0830078125 -0.1391926918
207.14903 10.244 0.0830078125 0.0336293222
145.12218 6.4 0.0830078125 0.7342808837
480.00681 6.217 0.0830078125 0.1373066190
409.08652 10.494 0.0830078125 0.2050382050
217.04958 0.799 0.0830078125 -0.2218705219
698.16849 9.637 0.0830078125 0.2969182296
257.09938 9.828 0.0830078125 -0.3105187597
179.09351 9.273 0.0830078125 0.3290341363
223.98822 12.487 0.0830078125 0.7471722666
340.13251 6.956 0.0830078125 0.0368554960
102.95673 5.012 0.0830078125 0.3478991968
161.12841 1.01 0.0830078125 -0.0754266594
214.03322 0.96 0.0830078125 0.5596669254
207.07621 8.806 0.0830078125 0.2707770647
178.08624 9.139 0.0830078125 0.1487882981
239.14878 8.324 0.0830078125 0.0886644648
207.01410 0.908 0.0830078125 0.3643309274
131.04616 0.888 0.0830078125 -0.1545618715
445.81506 12.734 0.0830078125 0.0000000000
277.15562 9.231 0.0830078125 0.1520083024
237.08673 7.957 0.0830078125 0.0174939887
202.01221 0.86 0.1015625000 0.1583968743
298.05252 1.172 0.1015625000 0.1592246155
131.03477 0.991 0.1015625000 0.0966199149
261.94159 4.797 0.1015625000 -1.2912131829
406.07755 8.931 0.1015625000 0.1564157605
426.21226 8.517 0.1015625000 0.0378657043
161.96956 5.914 0.1015625000 -0.0207761883
257.09930 9.85 0.1015625000 -0.3353484539
219.07628 10.787 0.1015625000 -0.6190130332
182.98610 9.194 0.1015625000 1.7274852503
194.92729 4.977 0.1015625000 -1.4300397285
321.13092 8.71 0.1015625000 -0.0084758616
231.93157 9.376 0.1015625000 -0.0526317418
255.13494 9.538 0.1015625000 0.1917605271
383.24276 12.069 0.1015625000 0.0194690072
147.07632 5.289 0.1015625000 0.0862633707
324.19171 10.394 0.1015625000 0.0304812838
217.11826 7.86 0.1015625000 0.1340485104
159.07629 1.01 0.1015625000 -0.2267413637
219.07643 9.969 0.1230468750 -0.4824928278
612.88161 0.614 0.1230468750 0.0695592611
114.06612 1.012 0.1230468750 0.1986963649
102.01944 2.648 0.1230468750 0.2611324111
187.04184 1.45 0.1230468750 0.1071874038
146.06332 5.783 0.1230468750 -0.7832684640
320.20668 12.357 0.1230468750 0.0351531211
193.09709 3.414 0.1230468750 0.0201274688
360.96807 11.999 0.1230468750 0.0194937202
168.12290 3.516 0.1230468750 0.0697778092
314.18103 9.232 0.1230468750 -0.0271690917
124.00731 0.904 0.1230468750 0.0756147765
233.00668 11.007 0.1230468750 0.0378047796
294.20617 9.687 0.1230468750 0.0044064147
115.07521 4.193 0.1230468750 0.1283192913
385.90170 1.566 0.1230468750 -1.5312525879
165.11209 5.944 0.1474609375 -0.0592569901
136.04808 1.003 0.1474609375 0.2904010709
242.28430 9.88 0.1474609375 0.1085434805
465.12645 12.602 0.1474609375 1.3765245500
101.07896 2.801 0.1474609375 -0.8642887620
207.14907 8.611 0.1474609375 0.0248939850
290.15961 6.066 0.1474609375 0.2183440790
108.94851 0.711 0.1474609375 0.1157881662
190.92839 9.84 0.1474609375 -0.0248983699
608.38342 11.87 0.1474609375 0.0277371162
258.91731 1.113 0.1474609375 0.1068845570
691.06024 9.046 0.1474609375 0.1118470091
211.14407 9.009 0.1474609375 0.2083072546
379.17993 11.998 0.1474609375 0.0903878874
509.38014 12.432 0.1474609375 0.0385102401
269.13839 11.789 0.1474609375 0.0010785827
269.05336 10.389 0.1474609375 -0.6231083929
88.03921 2.029 0.1474609375 0.1507134383
272.94442 0.605 0.1474609375 0.0232600265
241.08692 11.965 0.1474609375 -0.0908301857
446.29603 10.761 0.1474609375 -0.1773145039
726.82403 0.698 0.1474609375 0.1347820677
228.99393 11.618 0.1474609375 0.2216276043
201.01679 2.458 0.1474609375 1.2404315791
250.17998 6.152 0.1748046875 -0.0209170802
324.99643 2.073 0.1748046875 0.2071790779
487.30560 11.514 0.1748046875 -0.0123199340
113.02429 0.991 0.1748046875 0.0513004537
100.07559 2.81 0.1748046875 -0.7895439094
242.02522 10.323 0.1748046875 -0.0276926345
632.05540 0.993 0.1748046875 0.0957004895
174.12357 5.985 0.1748046875 0.0749008253
71.06032 9.925 0.1748046875 -0.1152294835
209.06651 1.5 0.1748046875 0.1122261033
221.05066 7.947 0.1748046875 0.1418505366
102.12759 12.537 0.1748046875 2.4132805663
379.14916 11.813 0.1748046875 -0.0155930468
379.97192 3.482 0.1748046875 0.0200224145
255.82197 4.751 0.1748046875 -0.1381792111
228.99405 11.33 0.1748046875 0.3832520672
83.03560 0.578 0.1748046875 -0.0177350954
396.45639 11.969 0.1748046875 0.0861844512
197.12844 8.684 0.1748046875 -0.2631825828
209.06660 1.251 0.1748046875 0.2055252660
208.06134 11.426 0.1748046875 -0.0260457283
203.00457 1.459 0.1748046875 0.1437971737
276.14394 5.173 0.1748046875 0.2811640690
346.00940 8.557 0.1748046875 -0.0811937841
88.04027 1.037 0.1748046875 -0.1024064457
575.39459 12.631 0.1748046875 0.0371764476
241.03105 1.001 0.1748046875 0.2898769222
329.08807 11.946 0.1748046875 0.0761935781
272.17023 7.569 0.1748046875 -0.0253843158
187.99651 0.829 0.1748046875 0.1904649985
150.12764 10.599 0.1748046875 0.0116668662
418.95567 10.153 0.1748046875 -0.0769538654
237.08701 10.015 0.1748046875 -0.3423176608
231.08377 4.726 0.1748046875 -0.3188401880
236.22177 12.503 0.1748046875 0.3889378245
705.82720 8.883 0.1748046875 0.6327014534
480.15680 12.579 0.1748046875 0.6293289426
417.03007 9.815 0.2060546875 0.0074595952
107.07014 1.305 0.2060546875 0.2574801371
421.20432 9.899 0.2060546875 0.1297240274
440.29200 12.712 0.2060546875 0.2371930833
390.87042 6.254 0.2060546875 -0.0967873112
182.08107 8.577 0.2060546875 0.0381941928
583.15175 9.301 0.2060546875 0.6178112980
190.92841 8.648 0.2060546875 -0.0328416485
525.28825 10.405 0.2060546875 -0.0051704982
335.19002 11.609 0.2060546875 0.0387936188
217.04941 1.246 0.2060546875 -0.3875341704
311.15530 10.615 0.2060546875 0.0062236537
667.32529 0.715 0.2060546875 0.1899324868
277.08920 2.364 0.2060546875 0.0121129624
141.06581 4.488 0.2060546875 -0.0746967229
217.05670 5.627 0.2060546875 0.0295872602
255.04329 11.107 0.2060546875 0.0799044109
612.85868 0.702 0.2060546875 0.2257874784
226.12834 4.744 0.2060546875 -0.0972553972
174.04068 9.047 0.2060546875 0.0662206620
147.11269 2.171 0.2060546875 -0.1789272239
246.97734 4.126 0.2060546875 0.0498273511
374.59629 1.031 0.2060546875 0.1138708072
132.03019 2.166 0.2060546875 0.2473480731
438.97194 1.517 0.2060546875 -0.1155382289
212.11265 2.743 0.2060546875 -0.0601539087
104.10691 0.751 0.2060546875 -0.1373892932
85.02931 0.991 0.2060546875 0.1029484010
334.12581 1.044 0.2060546875 0.0218514411
437.29077 11.98 0.2060546875 -0.0229222670
332.19155 8.904 0.2060546875 -0.0175032400
175.09635 5.995 0.2060546875 -0.0581826238
275.03886 11.955 0.2402343750 0.1962893218
196.09682 7.784 0.2402343750 0.0617906854
508.35937 12.585 0.2402343750 0.1563423492
127.05112 0.93 0.2402343750 0.1270825828
151.06264 11.301 0.2402343750 0.0926869399
635.06930 10.43 0.2402343750 0.0058607441
185.12834 7.4 0.2402343750 0.0918494334
105.01920 1.397 0.2402343750 -0.3501611772
199.03354 0.882 0.2402343750 -0.2359341345
507.57935 0.991 0.2402343750 0.1958829190
161.04543 0.992 0.2402343750 0.0545258977
412.86265 1.253 0.2402343750 0.4196813351
297.98553 8.106 0.2402343750 0.0273544557
119.52785 7.619 0.2402343750 -0.2498517543
242.98246 7.374 0.2402343750 0.1169348761
112.98560 0.672 0.2402343750 0.1611924105
317.18723 11.592 0.2402343750 0.0281091404
190.92843 10.84 0.2402343750 -0.0315052349
575.39471 12.566 0.2402343750 0.0289238117
242.98224 6.978 0.2402343750 0.1163453256
180.13815 10.712 0.2402343750 0.0647633027
379.28156 0.626 0.2402343750 -0.0731791795
152.03747 0.922 0.2402343750 0.4611774704
211.10753 8.605 0.2402343750 -26.7634587130
349.10883 0.973 0.2402343750 -0.0899382754
209.13823 7.93 0.2402343750 0.0662898082
176.10292 0.994 0.2402343750 -0.3174945384
190.11859 1.167 0.2402343750 -0.4533049117
209.09206 9.067 0.2402343750 0.0155153005
281.07666 10.459 0.2402343750 -0.5786199139
309.18077 10.914 0.2402343750 -0.2433286687
182.10223 1.084 0.2402343750 0.1262993242
202.17990 9.685 0.2402343750 -0.0220811150
659.33848 0.69 0.2402343750 0.1603759443
90.52578 1.842 0.2783203125 -0.0648475612
96.04426 4.377 0.2783203125 -0.1107842303
434.87184 1.655 0.2783203125 -2.2431435552
340.26912 12.54 0.2783203125 0.0298493781
277.11832 10.94 0.2783203125 -0.0682147955
135.10161 5.036 0.2783203125 0.0032153354
243.75525 3.939 0.2783203125 0.0785839244
209.83365 4.953 0.2783203125 0.1477493390
399.49400 1.286 0.2783203125 0.4853876322
502.85944 1.678 0.2783203125 -2.9182374482
88.07560 1.067 0.2783203125 0.1409430795
318.22760 10.422 0.2783203125 0.0352555538
189.12329 3.624 0.2783203125 -0.2329336361
272.20084 10.484 0.2783203125 0.0163311597
309.18085 10.921 0.2783203125 -0.0754664134
118.08623 0.915 0.2783203125 -0.2209052147
162.07594 1.02 0.2783203125 -0.1262111267
711.06927 2.468 0.2783203125 1.2188873734
184.04007 6.249 0.2783203125 -0.0290163617
128.04530 10.421 0.2783203125 0.0122745845
239.12775 12.444 0.2783203125 -0.0177308582
293.09537 12.356 0.2783203125 0.0066037315
219.19531 12.438 0.2783203125 1.1553258156
255.04659 1.162 0.2783203125 -0.0973533870
189.13456 6.238 0.2783203125 -0.1445249152
243.11284 11.056 0.2783203125 0.0249628531
143.10651 6.511 0.2783203125 0.0644746160
204.01919 9.981 0.2783203125 -0.0511251747
96.96958 2.479 0.2783203125 0.0454653605
189.95895 3.192 0.2783203125 0.0405211790
110.54142 0.75 0.2783203125 0.0091146108
447.89196 1.202 0.2783203125 -0.1750425082
130.08608 3.859 0.2783203125 -0.0494313403
439.28392 12.663 0.2783203125 0.3434995057
165.06909 3.268 0.2783203125 -0.0178497571
317.05589 8.206 0.2783203125 0.1258336334
237.08688 10.308 0.2783203125 -0.7529233673
361.18300 10.229 0.3203125000 0.0554841237
119.03487 0.991 0.3203125000 0.0546553988
182.98867 11.912 0.3203125000 0.2582792989
208.10014 4.098 0.3203125000 0.0142213412
79.51944 1.507 0.3203125000 -0.1494048595
316.94798 0.643 0.3203125000 0.1751350344
221.15347 12.88 0.3203125000 0.0475311473
229.56254 1.202 0.3203125000 -0.1051773894
72.08071 0.917 0.3203125000 -0.2013403325
695.42517 12.546 0.3203125000 0.0411915240
165.01913 9.687 0.3203125000 0.0901820110
347.84913 2.085 0.3203125000 0.1605558233
471.19640 11.271 0.3203125000 -0.1238565637
323.19003 11.58 0.3203125000 0.0377657274
134.04472 2.01 0.3203125000 0.1727845363
86.05991 1.918 0.3203125000 -0.0757740862
189.15960 1.36 0.3203125000 0.0685625310
317.05572 7.921 0.3203125000 0.1226842130
85.02833 1.167 0.3203125000 0.1196640738
256.01510 9.976 0.3203125000 0.0143096569
672.85934 0.671 0.3203125000 0.1714392510
219.96644 7.563 0.3203125000 -0.0417201443
205.10695 10.206 0.3203125000 -0.1922184161
387.28674 11.884 0.3203125000 -0.0305946561
190.92842 8.022 0.3203125000 -0.0246571991
190.92841 8.49 0.3203125000 -0.0297859401
189.04672 0.935 0.3203125000 -0.1339639831
414.30011 11.739 0.3203125000 0.0295803130
289.06943 3.383 0.3203125000 0.0147384320
416.37491 11.688 0.3203125000 0.0703599031
100.07559 1.37 0.3203125000 0.1220289765
191.99763 10.928 0.3203125000 0.0527665823
408.08248 9.042 0.3203125000 0.0811301530
232.93500 9.648 0.3203125000 -0.1370568206
248.96050 0.661 0.3203125000 0.1908755918
183.07790 9.596 0.3203125000 -0.3364091012
162.83902 11.979 0.3203125000 0.0067030488
382.14517 12.078 0.3203125000 -0.0507583725
83.03866 0.637 0.3203125000 0.0263930940
222.99521 11.996 0.3203125000 0.0130596395
397.15988 10.063 0.3203125000 0.0395687750
195.05086 2.523 0.3203125000 0.0969589952
447.08203 1.032 0.3652343750 -0.1047922018
307.16514 10.397 0.3652343750 -0.0024235275
205.12233 10.874 0.3652343750 0.2669875263
90.50677 12.471 0.3652343750 0.6239300071
315.04155 8.621 0.3652343750 0.0335937279
102.95671 8.75 0.3652343750 0.0576344716
225.93234 3.726 0.3652343750 0.0084035990
136.04800 1.494 0.3652343750 0.1170081051
247.08243 10.759 0.3652343750 -0.0389291802
315.04139 9.462 0.3652343750 0.0393975441
97.02825 1.049 0.3652343750 -0.0863104752
307.24774 12.579 0.3652343750 0.0070695410
635.06859 9.138 0.3652343750 0.0833621358
223.09228 0.991 0.3652343750 -0.2142506249
348.98978 11.448 0.3652343750 0.0141555374
165.04176 12.772 0.3652343750 0.0564566732
209.83377 4.275 0.3652343750 0.0419926274
259.09244 5.411 0.3652343750 0.1928833510
276.11887 5.255 0.3652343750 0.0542611420
227.89438 8.954 0.3652343750 -0.0153072500
193.03524 2.468 0.3652343750 0.2662224668
213.12320 2.188 0.3652343750 0.0594192009
353.14236 11.998 0.3652343750 -0.0063575225
146.93845 2.351 0.3652343750 -0.0259126101
201.02649 10.16 0.3652343750 -0.0269526245
250.18018 7.42 0.3652343750 0.0171405370
180.08653 1.783 0.3652343750 0.1426855774
317.14536 3.942 0.3652343750 0.1073910286
107.04896 8.69 0.3652343750 0.0290505935
245.21099 11.725 0.3652343750 -0.2960044333
288.21670 9.624 0.3652343750 0.1265954484
190.92833 2.326 0.3652343750 -0.0483466015
174.08828 0.997 0.3652343750 -0.1473719392
229.11827 0.988 0.3652343750 0.0613874312
206.10229 7.942 0.3652343750 -0.3099283003
203.05259 1.204 0.3652343750 0.0549512253
169.09472 0.91 0.3652343750 0.0359293485
127.03890 1.207 0.3652343750 0.0100911962
331.17529 11.712 0.3652343750 0.0141542982
418.95567 10.374 0.3652343750 -0.0203520727
198.09718 1.002 0.4130859375 -0.1255972426
173.92615 11.13 0.4130859375 -0.0461448029
297.98564 9.851 0.4130859375 0.0212796906
298.18579 10.238 0.4130859375 -4.7160589913
157.06169 4.523 0.4130859375 0.0865728798
372.25891 11.165 0.4130859375 0.5626282039
316.04492 9.022 0.4130859375 -0.0598768818
146.96100 1.206 0.4130859375 0.0777071686
101.02432 0.988 0.4130859375 0.0649579782
244.15546 11.136 0.4130859375 0.0567952066
310.11444 1.459 0.4130859375 0.0542859654
665.37395 0.645 0.4130859375 -0.1302725277
249.02274 11.666 0.4130859375 0.0678659900
310.11444 1.452 0.4130859375 0.0537629706
437.93057 3.589 0.4130859375 0.0428069065
177.10193 10.234 0.4130859375 -0.0007937884
238.09924 7.85 0.4130859375 0.0192545604
331.95245 4.82 0.4130859375 0.0575592387
306.08103 11.419 0.4130859375 0.0698256168
327.93213 5.808 0.4130859375 0.0096366612
783.57184 12.247 0.4130859375 0.7176304248
557.34613 12.217 0.4130859375 0.0098211610
315.04161 9.833 0.4130859375 -0.0168307565
129.93629 10.623 0.4130859375 -0.0383952715
427.21881 10.726 0.4130859375 -0.0539866479
371.12243 11.684 0.4130859375 -0.0323574963
793.31830 11.544 0.4130859375 -0.0223823990
487.28036 11.49 0.4130859375 -0.0246037617
148.06036 0.977 0.4130859375 0.1589230223
149.08072 5.991 0.4130859375 0.0231718002
129.06566 9.317 0.4130859375 -0.0443203828
333.14431 9.911 0.4130859375 0.0733717082
110.54134 1.31 0.4130859375 -0.0581482776
432.27996 10.695 0.4130859375 0.0000000000
426.35752 12.401 0.4130859375 1.2916828343
384.11905 1.015 0.4130859375 -0.1279905200
459.28007 10.076 0.4130859375 0.0021930316
83.53570 0.571 0.4130859375 0.0044745560
185.09192 7.552 0.4130859375 -0.9019183725
508.08591 1.012 0.4130859375 0.0000836742
261.21717 11.699 0.4130859375 -0.0115250301
76.07560 0.762 0.4130859375 -0.1076044284
130.08616 0.963 0.4130859375 -0.3043700233
118.04970 3.758 0.4130859375 0.1997875910
342.26364 10.588 0.4130859375 -0.4144150138
265.11811 10.779 0.4130859375 0.7506999360
226.08222 7.649 0.4648437500 0.0192991497
258.10995 0.974 0.4648437500 -0.0239542955
89.05965 3.335 0.4648437500 -0.0026579301
102.95673 6.96 0.4648437500 0.1375484037
318.05966 8.714 0.4648437500 0.0100044290
111.02000 9.054 0.4648437500 -0.0310453389
297.04541 6.041 0.4648437500 -0.0851186990
353.16799 1.006 0.4648437500 0.0401383810
366.11176 6.382 0.4648437500 0.0697579326
111.52172 12.498 0.4648437500 -0.0496526588
635.06932 10.199 0.4648437500 0.0119532429
176.06577 1.113 0.4648437500 -0.0741223818
205.06813 0.998 0.4648437500 0.0080028830
303.91345 1.715 0.4648437500 -1.0349069471
180.08652 1.003 0.4648437500 -0.2148127426
466.81659 1.86 0.4648437500 -0.0105844733
209.83376 3.865 0.4648437500 0.0360245405
190.92835 1.975 0.4648437500 -0.0372057188
276.13611 4.661 0.4648437500 0.0321440963
180.06532 8.396 0.4648437500 -0.0364407552
204.12297 0.92 0.4648437500 0.1125064748
92.52214 1.525 0.4648437500 -0.0262995739
205.06814 1.161 0.4648437500 0.0005563039
98.98413 2.329 0.4648437500 -0.0164981222
87.00860 1.205 0.4648437500 -0.0995523133
130.04974 4.011 0.4648437500 0.0744616467
412.30566 11.373 0.4648437500 0.0475279884
417.30441 12.205 0.4648437500 -0.1757269376
191.08147 10.173 0.4648437500 -0.5598203930
284.17018 9.876 0.4648437500 -0.0499843597
315.04162 10.418 0.4648437500 -0.0090309848
269.08778 1.414 0.4648437500 0.1201702182
211.08237 1.037 0.4648437500 0.0834296317
193.09712 6.272 0.4648437500 0.0109120517
117.06976 7.935 0.4648437500 0.0242443316
322.94348 10.845 0.4648437500 0.0052505002
271.09953 11.391 0.4648437500 0.0013146846
131.08252 0.985 0.4648437500 -0.0313292109
761.58417 12.508 0.4648437500 0.0000000000
372.25923 10.504 0.4648437500 0.0574520480
256.10980 7.843 0.4648437500 0.0169544637
111.02004 12.395 0.4648437500 1.2199019200
430.36731 0.756 0.4648437500 0.0243768012
632.05529 1.0 0.4648437500 -0.0017853629
652.35148 0.688 0.5195312500 0.0939681265
129.05452 7.943 0.5195312500 -0.0259115270
233.12847 10.953 0.5195312500 0.0259799867
177.14837 10.693 0.5195312500 -0.0382388490
249.15572 1.016 0.5195312500 -0.0729058016
161.04539 1.564 0.5195312500 0.0170322197
325.17107 10.465 0.5195312500 0.0000762074
227.03508 9.688 0.5195312500 -0.0410871965
171.09920 7.29 0.5195312500 0.0036193435
694.92303 12.344 0.5195312500 0.0300312911
246.04396 9.126 0.5195312500 0.0113242124
181.07165 0.988 0.5195312500 0.0386188812
101.05956 10.514 0.5195312500 0.0291283587
188.93295 2.197 0.5195312500 -0.0212206679
180.01162 0.852 0.5195312500 0.0151905956
255.82207 3.971 0.5195312500 0.0536414610
81.52054 0.787 0.5195312500 0.1011681682
80.97482 3.003 0.5195312500 0.0676552835
311.00019 10.587 0.5195312500 -0.0003860665
175.10759 1.012 0.5195312500 -0.0749370636
225.07557 11.622 0.5195312500 -0.0187216616
444.99817 11.416 0.5195312500 0.0037144206
105.05448 1.968 0.5195312500 0.2157098429
569.26508 11.514 0.5195312500 -0.0233526974
90.50687 7.619 0.5195312500 -0.0046842666
307.14011 10.363 0.5195312500 -0.0261052608
185.00655 4.81 0.5195312500 1.0530543910
116.92850 11.957 0.5195312500 0.1447662473
506.20748 7.308 0.5195312500 0.0673866870
215.17541 7.058 0.5195312500 0.0093597705
131.54204 0.971 0.5195312500 0.0163511914
128.03523 4.581 0.5195312500 0.0481669920
120.06550 0.875 0.5195312500 0.0137337906
493.13580 8.792 0.5195312500 0.0312114669
307.85583 8.541 0.5195312500 -0.0213757481
245.07683 8.42 0.5195312500 -0.0008658179
261.12341 10.988 0.5195312500 -0.4548535173
326.70016 9.515 0.5195312500 0.0098946975
225.04926 4.79 0.5195312500 0.0852287713
312.21699 8.835 0.5195312500 -0.2905776106
226.95144 0.643 0.5195312500 0.0182436255
190.92842 5.012 0.5195312500 -0.0268573195
279.13378 10.427 0.5195312500 0.0035117577
461.80297 1.263 0.5195312500 0.1844637193
160.93532 9.172 0.5195312500 0.1247504452
102.95662 5.572 0.5195312500 0.0302357372
162.07595 3.034 0.5771484375 0.0227983732
143.03485 0.992 0.5771484375 0.0264016876
143.03486 0.991 0.5771484375 0.0264016876
311.12905 0.991 0.5771484375 -0.0462416784
130.06211 1.029 0.5771484375 0.0314311679
88.98779 8.834 0.5771484375 -26.0161165605
133.10515 1.114 0.5771484375 -0.0822319988
261.14441 5.814 0.5771484375 -0.0630889310
210.06989 1.178 0.5771484375 0.0019059265
405.01419 1.275 0.5771484375 -0.0423969898
364.09756 6.636 0.5771484375 0.0983859454
143.03486 0.991 0.5771484375 0.0264016876
314.34186 10.586 0.5771484375 -0.0123435788
145.06186 0.91 0.5771484375 0.0939156150
174.95605 1.643 0.5771484375 -0.0935289543
279.01201 9.316 0.5771484375 0.0718834377
118.05098 0.862 0.5771484375 0.0074534142
151.09639 3.899 0.5771484375 0.0436026121
209.10183 7.667 0.5771484375 0.1149045909
102.95674 5.952 0.5771484375 0.0565979605
210.05010 7.041 0.5771484375 -0.0926572165
114.09122 5.331 0.5771484375 0.0645728285
215.86845 7.975 0.5771484375 -0.0245262213
132.10186 1.065 0.5771484375 -0.0347580750
285.97708 9.15 0.5771484375 0.0444964552
420.92733 9.22 0.5771484375 0.0267364453
778.20494 9.657 0.5771484375 -0.0026211821
270.19113 8.84 0.5771484375 -0.0151356005
179.08471 6.26 0.5771484375 -0.1714014176
428.05961 8.554 0.5771484375 -0.1966574072
227.17524 7.949 0.5771484375 -0.0118271212
235.07137 9.931 0.5771484375 -0.1140828739
132.99174 11.311 0.5771484375 -0.0383753290
231.93167 11.489 0.5771484375 -0.0811771178
388.87366 2.809 0.5771484375 0.0017651456
284.17015 9.68 0.5771484375 -0.0112709539
149.04551 1.551 0.5771484375 0.0946016494
415.25378 9.765 0.5771484375 0.0003052126
154.06217 1.055 0.5771484375 0.0695329067
401.15295 10.707 0.5771484375 -0.1145915127
166.94304 3.234 0.5771484375 0.0310230534
203.04007 4.18 0.5771484375 0.0749071210
387.11466 5.628 0.5771484375 0.0812579811
173.10430 1.503 0.5771484375 -0.0849348844
76.03924 0.818 0.5771484375 -0.0490131723
725.33099 11.1 0.5771484375 -0.1302764945
78.91870 3.875 0.5771484375 0.0286739630
195.05092 2.207 0.5771484375 0.1204118277
133.06070 0.894 0.5771484375 0.0049650482
725.33091 10.798 0.5771484375 -0.1303582313
71.01366 1.245 0.6376953125 -0.0219343999
191.98266 0.935 0.6376953125 0.0086344772
231.93170 11.761 0.6376953125 -0.0341763196
187.94177 12.093 0.6376953125 -0.0067436040
173.92616 11.435 0.6376953125 -0.0099872431
356.27935 11.065 0.6376953125 -0.0979582670
116.07153 0.909 0.6376953125 0.1500452945
233.07664 7.143 0.6376953125 0.0161719817
185.11830 12.558 0.6376953125 0.0312720623
187.07130 10.882 0.6376953125 0.0863133433
88.11195 0.79 0.6376953125 0.0788999956
132.99174 11.641 0.6376953125 0.0905460201
231.06209 9.352 0.6376953125 0.0000000000
209.03017 5.657 0.6376953125 0.0171991769
287.07730 9.604 0.6376953125 0.0858689091
232.15429 4.856 0.6376953125 -0.1628979040
201.98379 6.282 0.6376953125 -0.1342790074
102.95672 6.736 0.6376953125 0.0307522616
282.11969 8.251 0.6376953125 0.0024007448
167.09123 2.306 0.6376953125 -0.0056875355
310.17598 10.833 0.6376953125 0.5837189235
210.05015 7.025 0.6376953125 -0.0928070425
328.10279 10.232 0.6376953125 0.0225964071
160.13313 0.929 0.6376953125 -0.0551328196
313.01459 8.756 0.6376953125 0.0173596439
241.15468 4.688 0.6376953125 -0.0253998859
276.00379 4.592 0.6376953125 -0.0004107737
422.92822 10.675 0.6376953125 -0.0825112681
90.05492 0.83 0.6376953125 0.0245026215
180.06885 1.005 0.6376953125 -0.3248728016
195.12266 6.237 0.6376953125 -0.0076266989
240.15945 8.688 0.6376953125 0.0385267455
235.96117 3.8 0.6376953125 -0.0188868586
449.11725 0.993 0.6376953125 -0.0091760394
212.11807 9.798 0.7001953125 -0.0073078315
264.07714 0.994 0.7001953125 -0.0211831580
317.05597 8.648 0.7001953125 -0.0171029541
163.06002 1.001 0.7001953125 -0.1422254364
195.11263 6.089 0.7001953125 0.0255563751
134.89444 9.219 0.7001953125 0.0952845951
231.17020 3.973 0.7001953125 -0.0191822189
237.89749 2.487 0.7001953125 -0.0502415408
269.08932 8.607 0.7001953125 -0.0792330950
236.58849 1.017 0.7001953125 -0.0005518286
241.10289 0.989 0.7001953125 -0.2089348150
87.05520 0.896 0.7001953125 0.0982046712
190.15486 1.3 0.7001953125 -0.0707186621
721.86372 0.651 0.7001953125 0.0075231794
689.95621 12.574 0.7001953125 -0.0150841982
699.36720 0.627 0.7001953125 -0.0618621516
149.11722 7.029 0.7001953125 -0.0025509972
146.11750 0.877 0.7001953125 -0.0171601571
191.06619 1.892 0.7001953125 -0.0358490497
127.03885 1.001 0.7001953125 -0.1517214576
269.12445 6.202 0.7001953125 0.0853875288
255.82195 4.296 0.7001953125 -0.1539013980
95.01369 0.988 0.7001953125 0.0003056062
73.07600 9.618 0.7001953125 -0.0096441366
267.84787 4.643 0.7001953125 -0.0506048193
309.11905 9.619 0.7001953125 0.0469361748
168.07780 1.032 0.7001953125 -0.0252652668
166.05314 0.939 0.7001953125 -0.0967219624
119.07014 6.478 0.7001953125 -0.0021795245
437.23540 10.424 0.7001953125 -0.1672849617
197.12923 6.244 0.7001953125 -0.0601562921
725.29382 9.519 0.7001953125 0.2027987695
526.33502 11.108 0.7001953125 -0.0515668844
130.05081 0.9 0.7001953125 -0.0605259491
105.03673 2.076 0.7001953125 0.0303954884
146.08105 6.033 0.7001953125 -0.0271176461
244.07913 1.192 0.7001953125 0.0149010365
85.02830 0.999 0.7001953125 -0.1350169165
530.20775 7.351 0.7001953125 0.0074962724
153.12730 10.118 0.7001953125 -0.1602678945
228.07861 8.707 0.7001953125 -0.3736557419
205.08168 1.646 0.7001953125 0.0115210320
325.20100 11.795 0.7001953125 -0.0005854881
203.04026 4.626 0.7001953125 -0.0454250520
145.04935 0.994 0.7001953125 -0.1118922097
204.05581 1.036 0.7001953125 -0.0559623424
416.28513 11.536 0.7001953125 -1.5592549019
229.91606 11.99 0.7001953125 -0.0060945075
239.09126 11.735 0.7001953125 -0.0042997342
145.04945 1.0 0.7001953125 -0.1118922097
200.10289 1.337 0.7646484375 -0.0238905117
178.05854 1.363 0.7646484375 0.1544124185
365.10514 4.803 0.7646484375 -0.0068133203
183.11264 6.732 0.7646484375 0.0325929904
336.85871 2.805 0.7646484375 -0.0096774714
146.93846 9.294 0.7646484375 -0.0377286235
210.13344 8.407 0.7646484375 0.0083855026
177.11198 6.256 0.7646484375 -0.0072402872
367.10513 0.988 0.7646484375 -0.0627916810
367.10526 0.978 0.7646484375 -0.0627710762
189.12341 0.99 0.7646484375 0.1506480844
439.68412 3.58 0.7646484375 0.0486475581
261.09446 1.214 0.7646484375 -0.0452437627
213.03271 11.009 0.7646484375 0.0096707533
398.32649 11.304 0.7646484375 -0.0391176368
311.00842 7.066 0.7646484375 0.0901616467
146.96114 0.743 0.7646484375 -0.0097109080
242.98245 7.562 0.7646484375 0.1865492320
198.04960 1.023 0.7646484375 -0.0435891572
97.02831 0.999 0.7646484375 -0.0618662509
193.10697 8.321 0.7646484375 0.0113916660
258.15462 8.299 0.7646484375 0.0107229231
410.56647 0.991 0.7646484375 -0.0212567411
264.09794 10.479 0.7646484375 -0.0222932856
149.04539 1.234 0.7646484375 0.0152670897
345.07263 11.048 0.7646484375 0.0714203804
150.05495 10.804 0.7646484375 -0.0432576946
258.91571 10.016 0.7646484375 0.0000007343
108.04423 11.408 0.7646484375 0.0232570048
150.02283 0.922 0.7646484375 -0.1502477562
294.20602 6.275 0.7646484375 0.0078980379
196.14204 0.68 0.7646484375 -0.0275939379
409.06754 1.095 0.7646484375 0.0052359070
168.12286 3.898 0.7646484375 0.0068995949
73.06475 7.028 0.7646484375 0.0038692521
382.34265 11.093 0.7646484375 -0.0221587332
204.12289 1.12 0.7646484375 0.1468793101
132.07667 1.015 0.7646484375 -0.0361734237
155.15427 5.154 0.7646484375 0.0112203161
349.60466 1.028 0.7646484375 0.0079641346
125.87298 8.404 0.7646484375 -0.0135614469
187.87340 8.427 0.7646484375 -0.0347593617
187.87337 8.733 0.7646484375 -0.0420163645
354.93174 12.592 0.7646484375 -0.0768355731
111.02014 10.424 0.8310546875 0.0136548068
180.97290 1.07 0.8310546875 -0.1026742147
199.10770 8.742 0.8310546875 -0.0678306355
518.83193 1.289 0.8310546875 0.1374451373
158.04011 0.897 0.8310546875 -0.0880085140
401.24885 9.151 0.8310546875 0.0802696730
504.99519 10.333 0.8310546875 0.0038678298
190.92831 11.975 0.8310546875 -0.0090500080
111.02019 7.619 0.8310546875 0.0080611982
117.09095 7.027 0.8310546875 -0.0053227206
271.18060 10.852 0.8310546875 -0.0151776095
360.99793 9.63 0.8310546875 0.0222785078
379.19346 9.538 0.8310546875 0.0712910116
332.24300 9.924 0.8310546875 -0.0514385416
522.08875 9.141 0.8310546875 0.0026003799
191.13902 0.914 0.8310546875 0.0002502524
138.05484 4.812 0.8310546875 -0.0684424746
396.03459 4.792 0.8310546875 -0.0008908012
230.24769 11.321 0.8310546875 -0.0005688943
132.06535 4.662 0.8310546875 0.0205670882
89.05968 2.623 0.8310546875 0.0294259483
126.10252 0.936 0.8310546875 0.0048223143
300.20181 8.715 0.8310546875 0.0011468710
160.07973 4.375 0.8310546875 0.0143073886
276.00377 4.139 0.8310546875 0.0139422023
345.07272 11.44 0.8310546875 0.0180913728
331.09246 10.166 0.8310546875 0.0143287044
268.15443 8.687 0.8310546875 0.0036026803
572.35541 12.497 0.8310546875 0.4195269548
175.05762 0.989 0.8310546875 -0.0035267040
363.06231 1.036 0.8310546875 0.0259358841
290.26883 12.224 0.8310546875 1.0482135128
162.07700 0.889 0.8310546875 0.0495207594
276.19543 8.459 0.8310546875 -0.0006318430
99.04488 1.009 0.8310546875 0.0813462981
146.08114 0.943 0.8310546875 0.0840935509
169.97727 2.61 0.8310546875 0.0205174263
353.26603 0.658 0.8310546875 -0.0959720576
87.04396 1.983 0.8310546875 0.0329495639
515.56788 1.001 0.8310546875 -0.0779230263
104.03526 0.832 0.8310546875 -0.0226803652
167.08539 12.572 0.8310546875 0.0441292567
81.52049 1.948 0.8310546875 0.0473751053
217.06176 9.907 0.8310546875 0.1923266706
86.09628 1.047 0.8310546875 -0.0055387742
86.09634 1.065 0.8310546875 -0.0056872679
131.08142 4.505 0.8310546875 0.0625191842
188.16425 9.634 0.8310546875 0.0322652062
106.04982 0.84 0.8984375000 0.0183250231
88.07557 0.874 0.8984375000 0.1560045203
165.07559 2.494 0.8984375000 -0.0382494379
246.16996 5.941 0.8984375000 -0.0146701682
279.18024 10.347 0.8984375000 -0.0012156692
157.14146 7.82 0.8984375000 0.0042953972
272.95899 0.639 0.8984375000 -0.0609835149
205.08172 2.444 0.8984375000 -0.0268808346
147.11266 1.298 0.8984375000 0.0424062023
269.08792 0.988 0.8984375000 -0.0152255039
101.07077 0.99 0.8984375000 -0.0068934774
166.08610 7.964 0.8984375000 -0.0013557967
139.53088 1.201 0.8984375000 -0.0533464599
262.18017 8.577 0.8984375000 -0.0236398336
209.94902 5.841 0.8984375000 0.1205246160
315.04150 8.971 0.8984375000 0.0077109187
125.02431 1.208 0.8984375000 -0.0489547784
567.39009 0.618 0.8984375000 0.0122458646
115.03881 4.262 0.8984375000 0.1136478671
229.15463 3.876 0.8984375000 -0.0418790040
179.05607 7.974 0.8984375000 -0.0537836272
138.05490 5.226 0.8984375000 -0.1604891319
311.00024 10.987 0.8984375000 0.0000213097
221.05068 9.929 0.8984375000 -0.0461850982
128.95069 2.586 0.8984375000 0.0092953942
310.99992 9.847 0.8984375000 0.0028933065
360.23904 9.879 0.8984375000 0.0208738073
319.00836 0.533 0.8984375000 0.0114273141
117.08494 1.011 0.8984375000 0.0428073305
311.00018 10.361 0.8984375000 0.0005342146
90.52582 0.761 0.8984375000 0.0236222117
297.98584 10.886 0.8984375000 0.0239306896
118.06085 1.015 0.8984375000 -0.0276496394
75.00862 7.446 0.8984375000 0.0427652618
217.03298 1.411 0.8984375000 0.0250052197
129.06569 0.987 0.8984375000 0.0350640425
256.93816 2.426 0.8984375000 0.0252620466
233.87537 2.909 0.8984375000 -0.0782499920
145.09707 0.931 0.8984375000 -0.3058189070
707.35472 0.668 0.8984375000 0.0795508159
199.10043 1.206 0.8984375000 0.0014924672
314.23240 10.038 0.8984375000 -0.1303017447
223.96317 2.425 0.8984375000 0.0353195136
204.15923 8.684 0.8984375000 -0.0023121478
299.01967 4.218 0.8984375000 0.2048073083
225.06165 1.205 0.8984375000 0.0093773371
698.16820 9.398 0.8984375000 0.1335061614
226.92738 2.457 0.8984375000 -0.0506679238
260.16772 11.756 0.9658203125 -0.0377003396
170.15375 8.756 0.9658203125 -0.0266077150
418.16272 8.633 0.9658203125 -0.0978411072
188.94906 1.465 0.9658203125 0.0045256166
434.21735 8.685 0.9658203125 -0.0092633087
183.09899 6.515 0.9658203125 -0.0302274536
477.00025 10.29 0.9658203125 0.0029142119
647.41104 12.469 0.9658203125 0.0001212717
140.07022 1.01 0.9658203125 0.0855567333
473.97051 0.82 0.9658203125 0.2199270873
147.07643 0.914 0.9658203125 0.0825349099
229.56251 1.002 0.9658203125 0.0112808660
270.08905 11.955 0.9658203125 -0.0061350039
504.99520 10.63 0.9658203125 -0.0004629625
163.09646 8.511 0.9658203125 -0.0002483305
269.02976 10.317 0.9658203125 -0.0193373072
281.24847 0.429 0.9658203125 0.0056162330
384.12233 6.947 0.9658203125 0.0147884463
397.11301 1.167 0.9658203125 0.0316632531
206.10339 0.808 0.9658203125 -0.1569324148
203.05260 0.997 0.9658203125 0.0609346887
368.27930 10.977 0.9658203125 -0.0047467131
206.10331 0.816 0.9658203125 -0.1589774679
140.07027 1.006 0.9658203125 0.0882406844
140.07021 1.019 0.9658203125 0.0830440552
258.15450 8.641 0.9658203125 -0.2550876701
181.05831 4.499 0.9658203125 -0.0512345573
258.12554 8.709 0.9658203125 -0.0850237287
266.08820 1.001 0.9658203125 -0.0061762474
120.08070 7.05 0.9658203125 -0.0166040654
487.62840 3.778 0.9658203125 -0.0884176224
91.00367 9.096 0.9658203125 0.0128188146
168.09294 7.024 0.9658203125 -0.0815014056
91.50454 9.41 0.9658203125 0.0204696012
160.13321 5.706 0.9658203125 -0.0301191738
302.23231 9.527 0.9658203125 0.0114142423
635.06921 9.54 0.9658203125 -0.0227780872
179.05488 1.986 0.9658203125 0.0348971874
203.05251 1.003 0.9658203125 0.0609346887
146.96129 2.582 0.9658203125 0.0305320174
93.07378 0.817 0.9658203125 -0.0001885840
303.22939 0.639 0.9658203125 -0.0104743930
171.14906 0.951 0.9658203125 -0.0053107915
210.13340 6.021 0.9658203125 0.0333944969
126.97144 0.943 0.9658203125 0.0022116706
156.07664 1.417 0.9658203125 0.0191770324
310.20133 9.1 0.9658203125 0.0302358959
200.54568 1.004 0.9658203125 0.0031218453
189.14840 10.117 1.0000000000 0.0188548047
310.14136 10.22 1.0000000000 -0.0444534299
245.21100 12.02 1.0000000000 0.1942997390
249.10805 2.365 1.0000000000 -0.0702166614
283.01366 7.055 1.0000000000 0.0667226815
302.06729 10.869 1.0000000000 -0.0193944693
173.09307 1.007 1.0000000000 0.0193287299
176.12802 0.894 1.0000000000 -0.0685305664
316.04490 10.475 1.0000000000 0.0013558888
338.11688 6.931 1.0000000000 -0.0060301830
199.96928 8.234 1.0000000000 0.0137184967
377.91455 5.802 1.0000000000 0.0015900274
386.29016 12.02 1.0000000000 0.0030067666
180.05942 1.204 1.0000000000 -0.0121247218
379.14947 11.1 1.0000000000 -0.0365871952
126.97134 0.92 1.0000000000 0.0022418173
172.20593 8.813 1.0000000000 -0.0950182598
188.94916 1.43 1.0000000000 0.0359569569
250.17998 7.782 1.0000000000 -0.0527936493
245.09525 8.796 1.0000000000 0.2144237001
330.91568 12.664 1.0000000000 0.0141967959
115.03993 0.99 1.0000000000 -0.0437265932
133.08579 6.236 1.0000000000 0.0183962387
101.02426 1.2 1.0000000000 -0.0104130533
104.07053 0.875 1.0000000000 0.0160286266
212.07631 2.342 1.0000000000 -0.2362070409
445.11963 12.49 1.0000000000 -0.0106456634
321.89743 5.763 1.0000000000 0.0016515353
116.07055 0.913 1.0000000000 -0.0021345007
