"m.z" "r.t" "p.value" "t.score"
264.12424 11.817 0.0000000006 1.3526181051
604.13812 8.48 0.0000000006 0.7311114424
276.10116 7.893 0.0000000004 0.7117066472
450.01277 1.949 0.0000000007 0.3527694888
291.20673 10.714 0.0000000007 1.1697350912
297.09353 5.148 0.0000000012 0.6143435051
263.12129 11.682 0.0000000011 1.4237360606
168.07661 2.356 0.0000000018 1.0888455511
101.01674 5.642 0.0000000014 0.8201376857
275.21163 9.852 0.0000000017 0.9185583339
288.00378 4.675 0.0000000017 1.0648028331
279.11602 12.082 0.0000000024 0.3972712350
289.15454 10.891 0.0000000026 0.6011234542
116.92850 12.983 0.0000000041 0.7848123259
321.89751 4.849 0.0000000045 0.3878195184
253.05434 6.017 0.0000000047 0.3196935424
207.14907 8.611 0.0000000045 0.1990927910
343.12322 5.46 0.0000000063 0.5605670024
229.05791 5.313 0.0000000082 0.1728403253
324.99643 2.073 0.0000000095 0.3915327627
289.22728 9.974 0.0000000119 0.3684048109
365.10535 5.437 0.0000000124 0.5961185915
305.22233 11.03 0.0000000130 0.2300602644
191.99763 10.928 0.0000000182 0.2218061682
793.36499 8.806 0.0000000191 0.2066247727
226.09353 10.051 0.0000000230 0.4376104381
257.11322 8.472 0.0000000241 0.1326598774
295.07913 5.605 0.0000000291 0.1574817163
377.91489 4.919 0.0000000291 0.2177071527
506.20748 7.308 0.0000000367 0.4424449146
186.11247 5.226 0.0000000367 0.0681580400
172.07175 9.946 0.0000000350 0.4406529361
261.18080 11.062 0.0000000403 0.3685743081
170.11762 6.354 0.0000000530 0.0620736867
114.09122 5.331 0.0000000666 0.2841878330
159.05110 3.693 0.0000000764 0.5291909498
273.15962 10.88 0.0000000836 0.3822344854
302.01938 5.534 0.0000000915 0.4197758034
187.08647 12.053 0.0000001001 0.2366057743
617.28564 8.799 0.0000001001 0.1606925105
440.22751 8.348 0.0000001197 0.2513412587
428.05961 8.554 0.0000001197 0.8689002081
158.11745 10.092 0.0000001309 0.5118875289
371.17238 10.818 0.0000001712 0.3189280471
176.12800 11.055 0.0000002036 0.3292245879
219.13381 10.095 0.0000002321 0.5444473817
111.08028 10.089 0.0000002425 0.2550439489
161.09203 4.717 0.0000002533 0.3321111382
445.81506 12.734 0.0000003580 -25.8319381669
276.00377 4.139 0.0000003901 0.1851899647
245.16055 5.096 0.0000003901 -0.1591763437
174.12357 5.985 0.0000004250 0.3848865518
186.11234 2.243 0.0000005041 0.4498222821
259.09244 5.411 0.0000005259 0.3953571655
335.22869 10.076 0.0000005724 0.4913819329
207.07621 8.806 0.0000005972 0.3240762349
172.09674 10.106 0.0000006497 0.5875726721
172.09669 9.97 0.0000007370 0.4213162925
226.08222 7.649 0.0000008014 0.1449797746
207.12252 10.344 0.0000011172 0.2771942292
706.32819 8.954 0.0000011643 0.9887282757
154.12262 4.195 0.0000012642 0.0696712692
113.03080 1.937 0.0000013722 0.5000119499
174.04068 9.047 0.0000013927 0.3668664459
113.03078 1.938 0.0000014296 0.5071155125
256.16943 9.741 0.0000014296 0.1320636717
307.16514 10.397 0.0000015512 0.2522972943
480.00681 6.217 0.0000018250 0.1934528167
202.01221 0.86 0.0000019454 0.1991082114
317.14536 3.942 0.0000021449 0.2231931682
233.16465 9.864 0.0000022330 0.2230677762
160.84199 11.608 0.0000022955 0.1242560681
335.19002 11.609 0.0000026210 0.2648111004
196.09662 9.84 0.0000027277 0.1005076240
346.08652 8.44 0.0000042285 -0.2118374294
793.36467 9.087 0.0000047367 0.2281465392
490.28535 11.201 0.0000049248 0.4818451434
139.03992 10.477 0.0000049639 0.1652481990
232.05761 9.265 0.0000051660 0.7220544166
276.00379 4.592 0.0000053226 0.2208017399
756.24129 8.822 0.0000055329 0.4080439266
302.01923 4.916 0.0000055329 0.4327733456
217.11826 7.86 0.0000059775 0.2206441837
243.13377 10.443 0.0000062125 0.2680543848
583.15175 9.301 0.0000070922 29.9231086520
235.12873 7.948 0.0000075261 0.1937376013
307.11093 11.428 0.0000075261 0.1213896787
317.14938 10.984 0.0000075261 0.1060441314
348.10080 8.211 0.0000075261 -0.4911265283
191.10249 10.256 0.0000078190 0.1611478715
572.35541 12.497 0.0000084376 0.3736560527
231.06209 9.352 0.0000086267 0.0000000000
178.09029 4.179 0.0000087642 0.1879257195
219.07628 10.787 0.0000109925 -0.4539262615
363.16229 10.301 0.0000118486 0.2427320630
165.01160 11.331 0.0000118486 0.2341696047
305.14947 10.889 0.0000137556 0.1543169921
309.12663 11.904 0.0000137556 0.1680938848
146.08105 6.033 0.0000142762 0.3167338229
407.18846 10.548 0.0000153744 0.4201233009
264.19561 6.634 0.0000171738 0.1780922098
349.08928 10.373 0.0000171738 0.2166189233
387.28674 11.884 0.0000172194 -0.1052986661
147.05113 9.687 0.0000178170 0.1127180139
269.08780 10.595 0.0000184831 0.1103930655
344.20657 10.379 0.0000213922 0.1528656215
119.52785 7.619 0.0000221849 -0.3823613139
287.10956 8.45 0.0000247341 0.1348810975
287.07730 9.604 0.0000250432 0.3395924187
165.07559 2.494 0.0000256440 -0.2579716438
434.21735 8.685 0.0000256440 0.1046135620
305.09646 11.916 0.0000259894 -0.1167334976
148.06036 0.977 0.0000275604 0.3587772495
242.98246 7.374 0.0000275604 0.2984181578
699.36720 0.627 0.0000279848 -0.2466270017
508.01346 5.713 0.0000336300 0.0940899459
242.13058 8.916 0.0000341599 0.0000000000
285.97708 9.15 0.0000361779 0.2865254342
188.06636 9.702 0.0000422430 0.1088356375
251.17527 9.996 0.0000437554 0.1127795646
255.13494 9.538 0.0000538032 0.1731350601
360.02505 8.292 0.0000664044 -0.1951308521
316.94798 0.643 0.0000739973 -0.1140668070
323.19003 11.58 0.0000735984 0.2839866451
255.04329 11.107 0.0000761559 0.1270243965
219.12255 11.03 0.0000761559 0.4245248332
439.28392 12.663 0.0000815252 0.3368440537
480.15680 12.825 0.0000843421 0.4214518621
162.83902 11.979 0.0000851088 -0.1139873908
263.17526 10.779 0.0000872509 0.1997037651
705.82720 8.883 0.0000902543 1.3315683795
286.20099 9.676 0.0000902543 0.2728533814
191.08147 10.173 0.0000933551 -0.3013825221
291.20654 9.885 0.0000965563 0.0540016660
245.07683 8.42 0.0001032723 0.1166526756
272.16433 10.137 0.0001032723 0.1241460237
156.07664 1.417 0.0001067934 0.1960816261
437.21277 12.146 0.0001067934 0.1431213411
220.98079 11.494 0.0001122276 -0.2809661583
427.09502 6.181 0.0001141780 0.2024589206
108.04423 11.408 0.0001180485 0.2096634081
640.16271 9.119 0.0001261635 0.2227629486
342.26364 10.588 0.0001261635 0.3400719208
264.09794 10.479 0.0001304155 -0.3255476439
464.08922 11.123 0.0001331177 -0.2726262880
208.09662 10.549 0.0001348023 0.1234064758
128.04539 9.945 0.0001393279 0.1270560267
307.11092 12.054 0.0001393279 -0.5706309549
310.21667 9.245 0.0001439962 0.0057252573
229.11827 0.988 0.0001439962 0.3924014870
640.16250 9.308 0.0001439962 0.2302399001
272.20084 10.484 0.0001488116 0.0984295834
255.09499 7.907 0.0001537783 0.1195681899
242.98245 7.562 0.0001641835 0.2565346395
322.12982 12.527 0.0001696311 0.2316503797
206.10211 8.266 0.0001810403 0.0922902259
99.09158 0.871 0.0001810403 -0.5373247165
211.10753 8.605 0.0001931681 0.3322640694
103.04006 2.128 0.0001991633 0.2610848097
155.15427 5.154 0.0002342925 -0.1972036073
189.04672 0.935 0.0002342925 0.5079469588
328.16675 10.866 0.0002349017 0.1139982357
233.09932 6.804 0.0002578104 0.1560605104
412.30566 11.373 0.0002661295 0.1448353375
176.10292 0.994 0.0002835282 0.2371562523
213.03271 11.009 0.0002926219 0.0655600569
182.08107 8.577 0.0002926219 0.1101960717
213.12320 2.188 0.0003116349 0.2099759918
382.34265 11.093 0.0003116349 0.0673721295
451.21470 10.875 0.0003116349 0.1504176178
151.06264 11.301 0.0003215694 0.1307213814
423.12576 9.396 0.0003251435 0.0855675196
87.04396 1.983 0.0003317997 0.2440975692
199.96928 8.234 0.0003357650 -0.1030168321
232.93500 9.648 0.0003467104 -0.1865261249
242.98224 6.978 0.0003531805 0.3094382714
160.13321 5.706 0.0003643477 0.5558965561
309.18077 10.914 0.0003643477 0.1903437289
189.08795 4.9 0.0003696098 0.3726615508
286.20103 9.535 0.0003758445 0.2493123360
705.32528 9.119 0.0004124020 0.1610564883
134.04472 2.01 0.0004124020 0.2288449912
247.18027 8.894 0.0004124020 0.1551914230
177.08678 6.573 0.0004253081 0.0787065079
248.96050 0.661 0.0004761002 -0.1110350293
333.11538 10.392 0.0004807983 1.1588410422
189.12341 0.99 0.0004956894 0.3684028232
432.27996 10.695 0.0004956894 -24.8831246018
219.07643 9.969 0.0005267703 -0.2998843838
128.04530 10.421 0.0005429830 0.0736185488
249.10805 2.365 0.0005429830 0.1981838756
272.13379 2.368 0.0005596596 0.1744355789
175.05762 0.989 0.0005768123 0.2311909823
203.04007 4.18 0.0005768123 0.2533607801
261.14835 12.903 0.0005944534 0.3168929687
209.03017 5.657 0.0005921062 0.1052890411
672.85934 0.671 0.0006106797 -0.1473857649
297.98553 8.106 0.0006125957 0.2054100560
691.06024 9.046 0.0006106797 0.1075653561
170.15375 8.756 0.0006312522 0.0646146798
358.25885 9.566 0.0006312522 0.2172566252
738.44891 12.651 0.0006312522 0.2901228347
393.11557 10.785 0.0006701610 0.1689603417
217.05670 5.627 0.0006701610 0.0684321841
212.11807 9.798 0.0006904408 0.2455642369
206.02797 12.026 0.0007339971 0.1357438045
203.01723 1.563 0.0007566717 -0.1804980565
186.07591 5.789 0.0008245938 0.2455534094
237.08701 10.015 0.0008491752 -0.2677732912
279.17010 9.088 0.0008744347 0.0926327993
191.06619 1.892 0.0009003894 0.2768087491
216.06872 8.046 0.0009003894 0.0631401889
160.13313 0.929 0.0009003894 0.1830973815
368.27930 10.977 0.0009003894 0.2811508162
349.24438 10.041 0.0009270565 0.1059032871
268.15443 8.687 0.0009270565 -0.3156487756
237.08688 10.308 0.0009825995 -0.3388563246
206.10229 7.942 0.0010717137 0.6554026814
245.12827 10.024 0.0011030420 0.0684695787
252.12307 9.556 0.0011682540 0.2446734890
149.08072 5.991 0.0011682540 0.2104980040
276.19543 8.459 0.0011682540 0.0658402660
135.02986 1.549 0.0011848671 -0.1682161632
345.07263 11.048 0.0012201834 0.2665461589
370.07357 5.901 0.0012370130 0.2064962748
146.05992 10.774 0.0012370130 -0.1673262793
690.50885 12.897 0.0012727765 0.1315429644
296.20090 9.244 0.0012727765 0.0234868982
247.07118 11.161 0.0013858736 -0.3375919122
564.35886 10.759 0.0013858736 0.0054140112
235.96117 3.8 0.0014663448 0.1308811090
309.18085 10.921 0.0014663448 0.1690196722
333.09137 11.511 0.0014959411 -0.1446928881
171.02739 2.092 0.0015397201 0.2064016442
328.24808 10.663 0.0015511026 0.2018853041
382.14517 12.078 0.0016782349 -0.1138956872
196.14204 0.68 0.0017343049 -0.0682806718
183.11264 6.732 0.0017343049 0.2334093553
377.91455 5.802 0.0018281320 -0.0482100981
647.41104 12.469 0.0018331838 -0.1386545587
426.21209 8.442 0.0018331838 0.0426531593
320.13331 1.017 0.0018331838 -0.1832054217
705.32525 9.166 0.0018845422 0.1453346102
137.04564 10.098 0.0018845422 0.2321015277
174.14874 8.541 0.0019372192 -0.1334348525
449.30468 12.874 0.0019372192 0.1057454069
276.14394 5.173 0.0019912451 0.2872956543
190.92839 9.84 0.0021055394 -0.1237747806
387.11466 5.628 0.0021055394 0.2278321343
177.10207 3.9 0.0021617275 0.0226862441
331.95245 4.82 0.0021654557 -0.1268527790
172.20593 8.813 0.0022827088 0.0672128966
299.01967 4.218 0.0022827088 0.2159350360
567.39009 0.618 0.0023454972 -0.1266710594
307.11085 12.348 0.0023454972 0.1301557916
396.31046 11.517 0.0024098635 0.1089184140
220.11785 6.676 0.0024758429 0.1614196076
115.07521 4.193 0.0025434712 0.1504337856
695.42517 12.546 0.0026127852 0.1008708108
290.15961 6.066 0.0026127852 0.5172191838
102.95671 8.75 0.0027040514 -0.2959716788
181.05831 4.499 0.0027566198 0.2552163074
289.06771 9.654 0.0028565895 -0.2015492146
340.26912 12.54 0.0029076533 0.0855650392
221.05066 7.947 0.0029076533 0.2320990277
173.92616 11.435 0.0029357684 -0.1726276210
235.07137 9.931 0.0029859686 -0.2244501186
141.06581 4.488 0.0030662038 0.2204967287
233.07664 7.143 0.0031484006 0.1094338417
220.14418 9.691 0.0033188489 0.0380577984
91.05396 9.695 0.0033188489 0.0316979666
321.89743 5.763 0.0033625372 -0.0460877454
258.12554 8.709 0.0034071874 0.0654271598
152.05663 10.045 0.0034071874 0.1298349638
190.92831 11.975 0.0034543896 -0.3585991849
159.07617 9.025 0.0034976615 0.1600231467
159.07624 9.146 0.0035903165 0.1606870215
336.85871 2.805 0.0037438154 -0.0413588830
199.03354 0.882 0.0037438154 -0.1805864696
721.86372 0.651 0.0037438154 -0.1970274764
250.03838 8.012 0.0037823556 0.0639122899
277.15562 9.231 0.0038450824 0.0877464195
157.06169 4.523 0.0038450824 0.1624466576
370.07339 6.623 0.0038818345 0.1075061150
111.52172 12.498 0.0039836844 -0.1627023092
102.05483 8.933 0.0040879549 0.1774109439
203.04026 4.626 0.0041946963 0.2130470247
178.09031 10.06 0.0041946963 0.1659111254
158.08099 7.879 0.0041946963 0.0849504886
185.11830 12.558 0.0043897370 -0.1018060968
652.35148 0.688 0.0044157981 -0.1524191372
157.01166 1.778 0.0045067191 0.1672518455
300.20181 8.715 0.0045302636 0.0065297064
440.29200 12.712 0.0046474105 0.2760933431
131.08142 4.505 0.0047672937 0.1581727820
180.10164 9.656 0.0047672937 0.0496571959
310.11444 1.452 0.0050034177 0.2100062649
310.11444 1.459 0.0050034177 0.2113703461
177.08682 8.887 0.0050154926 0.1921802228
159.07629 1.01 0.0051439226 0.1999133803
188.16425 9.634 0.0051439226 0.0367671577
178.08624 9.139 0.0051439226 0.1749394384
233.00668 11.007 0.0055472402 0.1182097962
453.18585 12.336 0.0056878902 0.0874098812
129.93629 10.623 0.0058416045 -0.1846554649
160.07973 4.375 0.0059788794 0.2697464425
226.95144 0.643 0.0059788794 -0.0813739643
231.93157 9.376 0.0061479337 -0.0539268267
282.11969 8.251 0.0061293463 0.0739293553
277.08920 2.364 0.0061293463 0.0457578360
421.20414 10.379 0.0062832151 0.0957281947
225.04926 4.79 0.0064686542 0.1961193378
91.05396 10.004 0.0067659020 0.0536972826
202.17990 9.685 0.0067659020 0.0337916219
205.08168 1.646 0.0069340529 0.1023266464
131.08129 8.998 0.0069340529 0.1485261454
162.07595 3.034 0.0069340529 0.1411516204
195.11263 6.089 0.0069340529 0.1058673579
642.31799 0.711 0.0071059482 0.0436662538
353.26603 0.658 0.0072816596 -0.1479586150
88.03921 2.029 0.0074612599 0.1860501440
196.09681 9.124 0.0074612599 0.1778428572
145.08582 10.901 0.0074612599 0.1404582071
665.37395 0.645 0.0075230751 -0.0938155625
209.83365 4.953 0.0077130762 -0.1722077974
133.09701 9.684 0.0078324237 0.1308633526
311.15530 10.615 0.0080241381 0.0469207880
150.12764 10.599 0.0080241381 0.0568947037
241.08692 11.965 0.0081060289 -0.1556443920
406.07755 8.931 0.0082200436 0.1281058791
131.04616 0.888 0.0085168075 -0.1490251131
377.14150 10.798 0.0086247415 23.2162237339
340.13251 6.956 0.0090471574 0.1107513468
707.35472 0.668 0.0091679101 -0.1122936813
290.26883 12.224 0.0092652147 0.2794829396
227.89438 8.954 0.0093946157 -0.1216880281
187.99651 0.829 0.0093946157 0.0689571107
261.21717 11.699 0.0094879497 0.0844209968
187.87337 8.733 0.0096263090 -0.0928830986
214.03322 0.96 0.0098630829 0.2740911668
245.09525 8.796 0.0099477955 0.1901164391
298.05252 1.172 0.0101850801 0.0920716608
147.11266 1.298 0.0104273906 0.1288722215
219.96644 7.563 0.0104273906 0.0955790678
190.92833 2.326 0.0106048400 -0.1388180668
204.15923 8.684 0.0106748169 0.0304154752
104.07053 0.875 0.0106748169 0.1898317287
313.01459 8.756 0.0106748169 0.0587515430
375.16199 11.717 0.0109274501 0.0419335491
215.86845 7.975 0.0113958033 -0.1233298456
187.07130 10.882 0.0114487086 0.0914020494
98.98413 2.329 0.0117175222 0.1033555999
180.97290 1.07 0.0119517933 -0.1354773634
225.07557 11.622 0.0119919200 0.0472699554
569.26508 11.514 0.0122387043 -0.0877366088
190.92841 8.648 0.0125317011 -0.0616021162
89.05965 3.335 0.0128495974 0.0729332198
327.93213 5.808 0.0128308919 -0.0304566554
241.15468 4.688 0.0128495974 0.0615018301
286.17993 9.975 0.0131473175 0.0538950152
80.97482 3.003 0.0131363860 -0.0504116092
230.08427 9.943 0.0131473175 0.0413648493
119.08140 9.653 0.0137611118 0.1169956328
635.06930 10.43 0.0137611118 0.0870591252
379.19346 9.538 0.0137611118 0.1367528961
308.20098 9.244 0.0137611118 0.0383827179
118.06085 1.015 0.0137611118 0.1296979651
173.92615 11.13 0.0137667296 -0.0997267261
548.29046 12.305 0.0140773945 0.1939186256
694.92303 12.344 0.0140773945 0.0977771227
326.23230 10.263 0.0140773945 -0.3826519868
230.98854 11.635 0.0140773945 -0.0809764776
147.11269 2.171 0.0140773945 0.0800135538
190.92843 10.84 0.0140918050 -0.1865792345
196.09682 7.784 0.0144000756 0.0794356015
179.09351 9.273 0.0144000756 0.1445859204
118.05098 0.862 0.0144236361 0.0764518123
432.14178 9.674 0.0147292625 0.0284035080
200.07205 9.032 0.0147292625 0.0929824113
215.17541 7.058 0.0147292625 0.0381414878
330.91568 12.664 0.0154075904 0.0764881381
189.08695 10.311 0.0154075904 0.1108560208
396.45639 11.969 0.0154075904 -0.0411542105
178.08377 9.047 0.0157569530 0.1215669479
266.06696 10.05 0.0158208695 -0.0862776506
179.09099 9.09 0.0161132646 0.1345308461
509.38014 12.432 0.0161132646 0.0454533100
422.92822 10.675 0.0161132646 0.1475475873
214.08938 9.197 0.0161132646 0.0415106535
582.15729 9.277 0.0161132646 0.1285168228
146.06332 5.783 0.0164766392 -1.4116066508
204.01919 9.981 0.0164766392 0.0451875607
174.95605 1.643 0.0165631201 -0.1267487860
363.06231 1.036 0.0165631201 -0.2265919014
582.15788 10.23 0.0172250399 0.1283356649
201.01679 2.458 0.0173357811 0.0886420398
112.98560 0.672 0.0177338334 -0.1084128068
583.16022 8.649 0.0180030940 0.0867162936
551.22772 8.55 0.0180030940 0.0493968685
241.03105 1.001 0.0180030940 0.1913887801
557.34613 12.217 0.0180030940 0.0593041483
319.20160 9.052 0.0180030940 0.0831315822
111.02019 7.619 0.0184035401 0.0226243085
305.06317 10.048 0.0188117610 0.0597135213
183.07790 9.596 0.0188117610 0.1245623015
199.06892 9.647 0.0188117610 0.1123960337
114.06612 1.012 0.0188117610 0.0874176935
256.01510 9.976 0.0192278800 -0.1384358430
331.09246 10.166 0.0192278800 -0.0824558403
199.06869 9.063 0.0192278800 0.1128959762
120.06550 0.875 0.0196520217 0.1861468933
193.09709 3.414 0.0196520217 0.0274577828
418.16272 8.633 0.0205248782 0.0680696762
582.15797 10.491 0.0205248782 0.1189258122
493.13580 8.792 0.0214313536 0.1565066850
267.17197 12.682 0.0214313536 0.0784155043
480.15680 12.579 0.0223724923 0.2463788532
179.08727 9.381 0.0223724923 0.1056093949
409.08652 10.494 0.0223724923 0.1060963152
272.07651 7.249 0.0228563926 -0.0200539898
549.21370 9.63 0.0231720174 -0.2398752880
279.01201 9.316 0.0233493598 0.1014459046
209.06660 1.251 0.0236845542 -0.1796598808
165.06909 3.268 0.0238515306 -0.0578136905
409.06754 1.095 0.0247391995 -0.1126631471
209.09206 9.067 0.0248840351 0.0237963595
158.09236 9.95 0.0248840351 0.0572113969
195.05086 2.523 0.0252816102 0.1213632229
279.11598 10.313 0.0254146483 -0.0861312276
133.08570 7.047 0.0254146483 0.0773281382
228.12846 0.972 0.0259550240 0.0341100391
107.04896 8.69 0.0276361627 0.0770826188
652.33835 11.955 0.0276361627 0.0557995417
398.32649 11.304 0.0282170313 0.4043186079
223.14409 9.125 0.0282170313 0.0890495756
191.06606 11.966 0.0282170313 0.0862768580
397.17136 10.833 0.0281507147 0.1203612116
247.14414 10.417 0.0288083903 0.0264125162
336.85849 10.106 0.0300035138 -0.0872745464
308.20093 9.228 0.0306469096 0.0455978184
255.04659 1.162 0.0306469096 0.1347023648
437.23540 10.424 0.0319278133 0.1399283588
635.06921 9.54 0.0319278133 0.0742555940
415.54919 1.007 0.0325852955 0.2547250137
240.15945 8.688 0.0325852955 -0.0675268487
92.04305 1.438 0.0326362551 -0.0934075295
524.15241 10.436 0.0325852955 0.0673082439
296.95007 11.91 0.0326362551 -0.2518593618
212.07631 2.342 0.0339351049 0.2620741173
446.29603 10.761 0.0339351049 0.0902798508
178.05854 1.363 0.0339351049 0.1867852939
177.14837 10.693 0.0339351049 -0.2805634660
526.33502 11.108 0.0340252188 0.0662238892
225.93234 3.726 0.0346277492 0.0330006028
158.04011 0.897 0.0346277492 0.1915722752
353.14236 11.998 0.0347384475 -0.0332787620
361.18300 10.229 0.0353324336 0.2087245167
635.06932 10.199 0.0353324336 0.0812655118
161.12841 1.01 0.0353324336 0.2511153364
129.05452 7.943 0.0360493195 0.0851849962
356.24314 11.873 0.0360493195 0.0188624149
269.02976 10.317 0.0367785697 0.0641967375
417.30441 12.205 0.0367785697 -0.1070206119
253.09279 5.964 0.0369552132 0.0647436567
426.21226 8.517 0.0382748196 0.0476596100
265.11811 10.779 0.0382748196 0.4699631569
348.89496 2.036 0.0384990592 0.0360550124
102.95672 6.736 0.0384990592 -0.0546792720
237.08673 7.957 0.0390421505 0.0505556551
241.10289 0.989 0.0390421505 0.2035438286
307.14011 10.363 0.0398225081 -0.1127960594
129.06566 9.317 0.0398225081 0.0786482743
177.10193 10.234 0.0398225081 0.0400823238
275.05621 0.754 0.0400973819 -0.0564735857
165.11209 5.944 0.0406160606 0.1639610261
189.12329 3.624 0.0406160606 -0.1549638233
663.43469 12.755 0.0414229774 0.1580715126
522.20241 6.584 0.0414229774 0.1508165390
85.07597 9.659 0.0414229774 0.1186150251
75.00862 7.446 0.0417516390 -0.1178550148
108.94851 0.711 0.0422434291 0.0522623776
405.01419 1.275 0.0426002036 -0.1124255223
582.15784 9.692 0.0430775872 0.1002336185
187.87340 8.427 0.0434633071 -0.0948086525
608.38342 11.87 0.0439256242 0.0816850431
132.03019 2.166 0.0443411369 0.1058205903
258.91571 10.016 0.0452338816 -0.1544146247
189.14840 10.117 0.0456640302 0.1307167268
379.17993 11.998 0.0465547492 0.1236620272
388.87366 2.809 0.0470648755 -0.0189912182
207.14903 10.244 0.0474600473 0.0491437239
200.23726 9.743 0.0474600473 0.0244816517
152.03747 0.922 0.0474600473 -0.2160764269
294.14084 3.52 0.0483801018 -0.0107886349
307.85583 8.541 0.0489578189 -0.0797751817
174.08828 0.997 0.0489578189 0.0758135783
553.88232 12.299 0.0493150910 0.0863793175
434.15768 9.106 0.0502651942 0.0581227615
454.24306 9.525 0.0502651942 0.0338445123
197.15340 12.767 0.0512305914 0.0727281637
190.15486 1.3 0.0512305914 -0.1181792148
187.94177 12.093 0.0509142584 -0.1296130860
144.06544 5.699 0.0512305914 -0.1959351441
116.07055 0.913 0.0512305914 0.2196921256
323.14249 11.965 0.0512305914 0.1567442169
416.37491 11.688 0.0519167768 -0.0445040118
396.03459 4.792 0.0522114636 0.0370453567
761.58417 12.508 0.0522114636 0.0000000000
110.54134 1.31 0.0522114636 0.1671182966
719.96772 12.469 0.0532079924 0.0659080396
384.12233 6.947 0.0532079924 -0.0540151591
147.07632 5.289 0.0542203605 0.1539859352
223.11742 8.987 0.0542203605 0.0553176021
551.22836 9.747 0.0542203605 0.0448166973
295.12886 9.271 0.0542203605 0.0437840248
137.04578 8.857 0.0552487512 -0.0804657002
233.10721 6.699 0.0552487512 -0.1342955636
88.07559 0.78 0.0552487512 -0.1543977644
117.06976 7.935 0.0562933485 0.0589553752
780.21894 9.092 0.0573543373 0.0124530828
173.09307 1.007 0.0571802484 0.0516294604
635.06859 9.138 0.0573543373 0.0506885697
303.20673 9.547 0.0573543373 0.0506593066
227.03508 9.688 0.0584319030 0.0489008736
515.56788 1.001 0.0584319030 -0.1020249671
612.36945 9.954 0.0595262319 0.0360364226
304.15421 10.089 0.0595262319 0.0389282737
324.19171 10.394 0.0595262319 0.0709173271
79.51944 1.507 0.0606375108 0.0449615850
281.15950 9.565 0.0606375108 0.0256692923
175.10759 1.012 0.0606375108 0.1437409776
269.13839 11.789 0.0617659271 0.0048069105
257.09938 9.828 0.0617659271 0.0580196744
125.87298 8.404 0.0628801918 -0.0718174483
259.18052 10.234 0.0640749247 -0.1562157448
418.95567 10.374 0.0652558838 0.0602564083
473.97051 0.82 0.0652880510 -0.0328798395
281.02414 3.841 0.0652558838 0.0381454978
281.07666 10.459 0.0664547358 -0.1746720595
161.04543 0.992 0.0677714431 -0.1001988636
229.15463 3.876 0.0676716708 0.0732367766
408.08248 9.042 0.0689068794 0.0842506075
217.06176 9.907 0.0690419794 -0.2326361690
102.95662 5.572 0.0703320183 -0.0551401716
401.24885 9.151 0.0714328815 0.0839535737
90.52578 1.842 0.0714328815 0.0623762504
157.14146 7.82 0.0714328815 0.0241047681
264.17474 9.936 0.0714328815 0.0659396688
353.16799 1.006 0.0729714341 0.0867174396
146.96100 1.206 0.0729714341 0.0721754068
200.07224 9.616 0.0740342743 0.0425342626
209.10183 7.667 0.0740342743 0.1301664131
141.01566 3.755 0.0740342743 0.0841825765
270.19113 8.84 0.0753637225 0.0237886942
126.97134 0.92 0.0767125951 0.0448245750
101.02432 0.988 0.0784934475 -0.0953202274
437.29077 11.98 0.0784934475 -0.0525949349
416.28513 11.536 0.0794693849 0.1111552946
91.50454 9.41 0.0794693849 0.1284853309
780.21934 9.608 0.0794693849 0.0137264494
105.05448 1.968 0.0794693849 0.0926341553
132.06535 4.662 0.0808776881 0.0809151168
328.10279 10.232 0.0808776881 -0.0529471287
102.95673 5.012 0.0813793856 0.1129071254
209.13823 7.93 0.0837550767 0.0348795186
146.93845 2.351 0.0843508431 -0.1046683248
88.11195 0.79 0.0852245487 0.1081597029
73.07600 9.618 0.0867147967 0.0923810545
233.87537 2.909 0.0897583936 -0.0587825445
257.09930 9.85 0.0913121285 0.0621066580
258.91731 1.113 0.0937950801 0.0514918128
522.08875 9.141 0.0944844353 0.1147615578
311.00019 10.587 0.0954485869 0.0120024520
297.04541 6.041 0.0954485869 0.0434275840
525.28825 10.405 0.0961033920 0.0019829555
332.24300 9.924 0.0961033920 0.0635101083
90.52582 0.761 0.0961033920 0.0667558444
228.07861 8.707 0.0961033920 -0.2548812402
165.01913 9.687 0.0971253548 0.0555246859
389.16269 10.288 0.0977444738 0.0219818460
504.99519 10.333 0.0977444738 0.0345006557
584.16293 9.677 0.1010937787 0.0461434435
191.98266 0.935 0.1010937787 0.1392039213
352.16861 12.568 0.1010937787 0.0314826640
489.16273 12.42 0.1010937787 0.0521500267
126.97144 0.943 0.1010937787 0.0519211664
307.11091 10.806 0.1010937787 -0.0857548945
195.05092 2.207 0.1022973022 0.1300067007
427.21881 10.726 0.1022973022 -0.1184826385
131.08252 0.985 0.1040691892 0.1368696816
100.07559 2.81 0.1045338786 -0.3326258698
384.11905 1.015 0.1062884524 -0.1071247197
200.54568 1.004 0.1062884524 0.1527637049
133.06070 0.894 0.1062884524 -0.1073598749
190.92835 1.975 0.1076860561 -0.1092136354
185.09192 7.552 0.1080662947 -0.3672589961
144.10184 1.135 0.1080662947 0.1374943680
71.06032 9.925 0.1098675942 0.1387738173
96.04426 4.377 0.1098675942 -0.0759126160
143.10651 6.511 0.1098675942 0.0759129839
201.98379 6.282 0.1098675942 0.1378679329
179.05488 1.986 0.1116925390 0.0749166440
99.04488 1.009 0.1132971590 -0.1543808964
151.09639 3.899 0.1154141131 0.0517074369
101.07896 2.801 0.1154141131 -0.2014886688
111.02000 9.054 0.1173111149 0.0770402539
271.09953 11.391 0.1173111149 0.0150032651
166.08610 7.964 0.1192325068 0.0737625701
310.99992 9.847 0.1191360952 0.0731678177
143.03485 0.992 0.1191360952 -0.0778820090
143.03486 0.991 0.1191360952 -0.0778820090
130.04974 4.011 0.1192325068 0.1070287717
143.03486 0.991 0.1191360952 -0.0778820090
290.13862 11.042 0.1211784729 -0.2425520940
191.13902 0.914 0.1231491964 0.0605506124
204.05581 1.036 0.1231491964 -0.0864752857
504.99520 10.63 0.1231491964 0.0283490048
197.12844 8.684 0.1251448594 0.0937806637
239.09126 11.735 0.1251448594 0.0380911915
210.06989 1.178 0.1252082783 -0.1120565793
265.15854 9.744 0.1271656432 0.0133438808
385.90170 1.566 0.1271656432 0.1435783638
256.10980 7.843 0.1271656432 0.0211474560
96.96958 2.479 0.1293886177 0.0616065102
418.95567 10.153 0.1312832918 0.0509410418
172.13321 4.594 0.1312832918 0.0389654320
204.12289 1.12 0.1312832918 0.0796758668
150.05495 10.804 0.1333805135 0.1048980200
119.03487 0.991 0.1358613408 -0.0580944849
135.10161 5.036 0.1376526338 0.0181628952
248.16462 9.682 0.1376526338 0.0471513767
231.93170 11.761 0.1380736046 -0.0920106146
190.92841 8.49 0.1403135281 -0.0698633319
698.16849 9.637 0.1420294851 0.1006155665
139.53088 1.201 0.1420294851 0.1368341787
180.05942 1.204 0.1425812978 -0.0758465523
199.10043 1.206 0.1442576151 0.0416047778
229.91606 11.99 0.1448770988 -0.0425269550
338.11688 6.931 0.1465124414 -0.0543360512
238.09924 7.85 0.1465124414 0.0210519688
131.54204 0.971 0.1465124414 0.0426764007
138.05484 4.812 0.1465124414 -0.2337235701
465.12645 12.602 0.1487941320 -0.0756528019
223.96317 2.425 0.1511028533 0.0382645304
397.15988 10.063 0.1534387700 0.0500309620
125.02431 1.208 0.1543442555 -0.0902693039
176.12802 0.894 0.1581928407 0.0986596870
183.09899 6.515 0.1581928407 0.1440497020
256.93816 2.426 0.1581928407 0.0014008455
102.95674 5.952 0.1592507029 -0.0538564033
195.99212 3.004 0.1592507029 -0.0886314947
223.98822 12.487 0.1606113155 -0.0570143504
105.03673 2.076 0.1606113155 0.0700780625
317.05589 8.206 0.1606113155 0.0183975761
356.27935 11.065 0.1630576275 0.0094295026
223.09228 0.991 0.1630576275 0.1428767945
419.14191 9.659 0.1642742527 -0.0694161587
138.05490 5.226 0.1655319324 -0.2545349779
181.06275 0.995 0.1668303644 -0.1175906053
187.04184 1.45 0.1668303644 0.0672276403
477.00025 10.29 0.1680343841 0.0259893843
320.20668 12.357 0.1680343841 0.0227866557
302.06729 10.869 0.1680343841 0.0329355453
421.20432 9.899 0.1680343841 0.0795054513
87.05520 0.896 0.1705651343 -0.1089906645
145.09707 0.931 0.1705651343 0.1382737097
131.03477 0.991 0.1720320896 -0.0735097460
303.91345 1.715 0.1720320896 -0.0788764938
136.04800 1.494 0.1731243327 0.0675721613
127.03885 1.001 0.1731243327 -0.0993682029
315.04150 8.971 0.1746780272 0.0711257463
206.10339 0.808 0.1746780272 -0.1575572261
205.08172 2.444 0.1757121270 0.0811533262
221.05068 9.929 0.1757121270 0.0546052719
149.04539 1.234 0.1773542271 -0.0658263364
283.10376 10.507 0.1783286626 -0.0180907413
191.08138 10.787 0.1783286626 -0.1675222853
471.24462 10.798 0.1800608454 0.0410725009
272.95899 0.639 0.1800608454 -0.1591823341
182.10223 1.084 0.1809740826 0.0901975741
221.15347 12.88 0.1836485280 -0.1517936071
250.18018 7.42 0.1863521373 -0.0411585579
144.06298 0.713 0.1890850468 -0.0844793068
206.10331 0.816 0.1940554963 -0.1566462484
277.11832 10.94 0.1946392984 0.0337902846
102.01944 2.648 0.1940554963 0.0972838648
416.35181 10.38 0.1946392984 -0.0715526104
203.05251 1.003 0.1946392984 -0.0202088745
189.15960 1.36 0.1946392984 0.0901906641
168.12290 3.516 0.1946392984 0.0506856196
203.05260 0.997 0.1946392984 -0.0202088745
518.83193 1.289 0.1940554963 -0.0694339762
145.06186 0.91 0.1969477576 -0.0327353596
321.89737 5.269 0.1969477576 0.0656742785
243.11284 11.056 0.1974609005 0.0643979294
173.10430 1.503 0.2028267259 -0.0356724528
326.70016 9.515 0.2031936877 0.0318935224
146.96129 2.582 0.2061051168 0.1063306308
91.00367 9.096 0.2058136984 -0.0177252825
412.19637 8.44 0.2090467279 -0.0736152599
780.21936 9.632 0.2090467279 0.0169672693
471.19640 11.271 0.2120186361 -0.0811701107
242.02522 10.323 0.2118832605 0.0430810417
111.02004 12.395 0.2211172509 -3.5992262949
245.21100 12.02 0.2211172509 0.0742455117
124.00731 0.904 0.2212284745 0.0844612098
264.07714 0.994 0.2212284745 0.0813642381
101.02426 1.2 0.2244082424 -0.0326027931
466.81659 1.86 0.2276205423 -0.0256085623
698.16820 9.398 0.2273364589 0.0316768840
126.10252 0.936 0.2273364589 0.0730174915
569.31421 11.238 0.2273364589 0.0090526085
279.13378 10.427 0.2273364589 0.0246127183
314.23240 10.038 0.2304924031 0.1126070092
311.00024 10.987 0.2308654792 -0.0045148065
160.93532 9.172 0.2308654792 0.0186780736
193.03524 2.468 0.2308654792 0.1219424383
168.12286 3.898 0.2336793672 0.0387643250
231.93167 11.489 0.2341431546 -0.0915742829
167.08539 12.572 0.2336793672 -0.1608828300
185.00655 4.81 0.2341431546 -0.1837472009
276.13611 4.661 0.2336793672 -0.0201966920
113.02429 0.991 0.2374536664 -0.0758944249
197.80798 4.227 0.2374536664 -0.0886989708
726.82403 0.698 0.2368974418 -0.0550828447
270.08905 11.955 0.2401467146 -0.1080209967
383.24276 12.069 0.2434272697 -0.0282678305
379.97192 3.482 0.2441735726 0.0364564915
486.24869 9.759 0.2500825465 0.0131616118
258.11248 9.938 0.2500825465 0.0089324770
317.05572 7.921 0.2500825465 0.0887021706
211.08237 1.037 0.2510259068 0.1064134533
316.04492 9.022 0.2510259068 0.0615295719
225.06165 1.205 0.2545019394 -0.0720449176
366.11176 6.382 0.2568638772 -0.0740228935
173.09203 1.034 0.2568638772 0.0940091845
785.50444 12.594 0.2568638772 0.0008689615
204.12297 0.92 0.2568638772 0.0111732086
188.93295 2.197 0.2580113171 -0.0732263705
612.85868 0.702 0.2615541111 0.0339181754
449.11725 0.993 0.2637718105 0.0263294102
279.13399 9.833 0.2637718105 -0.0493106443
318.05966 8.714 0.2637718105 0.0472918784
198.12756 10.512 0.2637718105 0.0042023361
247.08243 10.759 0.2651303885 -0.1307035910
281.24847 0.429 0.2651303885 -0.0090405616
133.08579 6.236 0.2672734089 0.0286917581
150.02283 0.922 0.2723836417 -0.1457521672
149.04551 1.551 0.2723836417 0.0684962985
205.06813 0.998 0.2743721483 0.0607325711
258.15462 8.299 0.2779693898 0.0096142161
209.06651 1.5 0.2797715310 -0.0309013053
115.03881 4.262 0.2815986064 -0.0324775335
258.10995 0.974 0.2815986064 -0.0545292894
129.06569 0.987 0.2815986064 -0.1008874660
386.29016 12.02 0.2815986064 0.0043233895
245.21099 11.725 0.2815986064 0.0903048930
145.07600 11.109 0.2815986064 0.0217322668
209.94902 5.841 0.2835160876 0.0806802718
71.01366 1.245 0.2835160876 -0.0799733883
199.09645 9.587 0.2852598386 0.0827990642
348.98978 11.448 0.2852598386 -0.0530983520
116.07153 0.909 0.2872944427 -0.1478803619
314.34186 10.586 0.2889531233 0.0328580032
145.07600 10.718 0.2926784930 0.0473250726
318.22760 10.422 0.2926784930 0.0261067468
309.11905 9.619 0.2949526940 0.0326394089
149.11722 7.029 0.2964359766 0.0234233577
117.09095 7.027 0.2964359766 -0.0040281678
120.08070 7.05 0.2964359766 0.0750753409
310.17598 10.833 0.3002255986 0.0765943369
90.50687 7.619 0.3002255986 -0.0133019809
88.98779 8.834 0.3027465308 2.9023170404
502.85944 1.678 0.3027465308 -0.0540560980
261.12341 10.988 0.3079013363 0.0186404800
166.94304 3.234 0.3079013363 0.0251932379
199.10770 8.742 0.3079013363 -0.1463556031
783.81581 0.699 0.3117874807 -0.0673075036
90.50677 12.471 0.3117874807 0.0937537832
113.09592 6.146 0.3117874807 0.1371217825
294.20617 9.687 0.3157058211 0.0016731387
162.07700 0.889 0.3187415816 0.0267840518
180.06885 1.005 0.3196563612 0.1952130596
189.95895 3.192 0.3236391008 -0.0343564001
184.04007 6.249 0.3236391008 0.0002307114
307.24774 12.579 0.3236391008 -0.1641626979
208.06134 11.426 0.3228252668 -0.0488459059
269.05336 10.389 0.3276540350 -0.1747321466
294.20602 6.275 0.3276540350 0.0043973905
508.35937 12.585 0.3276540350 -0.0966359322
190.92842 8.022 0.3310945319 -0.0440919513
140.07027 1.006 0.3317011549 -0.1561578734
302.23231 9.527 0.3398918935 -0.0478761619
434.87184 1.655 0.3394995732 -0.0656737557
317.05597 8.648 0.3398918935 0.0100330585
315.04139 9.462 0.3437529602 0.0433039178
310.20133 9.1 0.3440354721 0.0132677036
145.04935 0.994 0.3482111562 -0.0846192151
297.98564 9.851 0.3482111562 -0.0268973852
145.04945 1.0 0.3482111562 -0.0846192151
229.56251 1.002 0.3524189144 -0.0096421833
249.15572 1.016 0.3524189144 0.0480205778
92.52214 1.525 0.3524189144 -0.0157208290
132.07667 1.015 0.3566587111 0.0047864898
314.18103 9.232 0.3566587111 -0.0871156928
207.01410 0.908 0.3566587111 0.0712577880
231.08377 4.726 0.3609305059 -0.0159142847
297.98584 10.886 0.3609305059 0.0151996833
175.11892 1.026 0.3609305059 0.0589326589
345.07272 11.44 0.3655272643 0.0878238604
140.07022 1.01 0.3652342539 -0.1452870193
119.07014 6.478 0.3652342539 0.0016158291
711.06927 2.468 0.3652342539 -0.0855367980
379.14916 11.813 0.3652342539 0.0071060534
210.13340 6.021 0.3695699058 0.0102903600
399.49400 1.286 0.3695699058 0.0363754501
185.12834 7.4 0.3695699058 0.0550640740
261.09446 1.214 0.3739374073 0.0474077822
441.19742 11.281 0.3744729188 0.0560137116
193.09712 6.272 0.3783366997 0.0070237033
367.10513 0.988 0.3789960771 0.1110153550
367.10526 0.978 0.3789960771 0.1110124735
128.95069 2.586 0.3827677195 0.0748855579
247.03088 1.446 0.3835526987 -0.0874121418
146.93846 9.294 0.3835526987 -0.0459389425
319.00836 0.533 0.3881427088 -0.0200759066
310.14136 10.22 0.3917246645 -0.1468744447
181.07165 0.988 0.3927660275 0.1129511109
439.68412 3.58 0.3974225697 -0.0690331151
85.02931 0.991 0.4021122449 0.0026301840
97.02825 1.049 0.4053961811 -0.1314015907
73.06475 7.028 0.4100159694 0.0206209370
437.93057 3.589 0.4115906057 0.0659968994
487.30560 11.514 0.4115906057 -0.0261968996
316.04490 10.475 0.4115906057 0.0075576488
250.17998 6.152 0.4146669087 -0.0403659917
97.02831 0.999 0.4146669087 -0.1008825078
284.17015 9.68 0.4146669087 0.1422606560
228.99405 11.33 0.4163790837 -0.0610687193
226.12834 4.744 0.4240618292 -0.0460405644
156.96584 6.254 0.4240618292 -0.0016571554
250.17998 7.782 0.4383851478 0.0019413458
667.32529 0.715 0.4383851478 0.0610346618
205.06814 1.161 0.4383851478 0.0399545631
426.35752 12.401 0.4383851478 0.0485906949
575.39471 12.566 0.4383851478 -0.0152857402
271.18060 10.852 0.4383851478 -0.1198910718
440.02592 5.068 0.4358589746 0.0139255641
203.05259 1.204 0.4432206923 -0.0673142802
100.07559 1.37 0.4480865756 0.0423629530
111.02003 12.66 0.4480865756 -0.0563405709
232.15429 4.856 0.4529826623 -0.0695857277
85.02833 1.167 0.4529826623 0.0543691829
239.12775 12.444 0.4529826623 -0.0318245314
104.10691 0.751 0.4529826623 0.0820582944
146.96114 0.743 0.4558542233 -0.0196947689
458.98352 1.44 0.4558542233 -0.0224722717
415.25378 9.765 0.4579088122 -0.0121541881
328.24829 9.581 0.4579088122 0.0146021876
130.05081 0.9 0.4609324887 0.0386228035
169.97727 2.61 0.4628648801 0.0314068429
118.04970 3.758 0.4678507158 0.0116912557
575.39459 12.631 0.4678507158 -0.0145257519
95.01369 0.988 0.4711832588 -0.0173571088
347.84913 2.085 0.4728661646 0.0216041533
205.10695 10.206 0.4728661646 -0.0861115192
269.12445 6.202 0.4728661646 -0.0511841350
346.00940 8.557 0.4779110665 0.0122002684
288.21670 9.624 0.4779110665 0.0088711616
298.18579 10.238 0.4779110665 0.0712707318
168.07780 1.032 0.4815585482 0.0426807826
209.83377 4.275 0.4815585482 0.0103443223
189.13456 6.238 0.4829852569 0.0278650181
257.02774 4.803 0.4867924424 0.0000000000
171.14906 0.951 0.4880885663 0.0597176511
182.98610 9.194 0.4920569213 -0.0287872727
190.11859 1.167 0.4932208202 -0.0710903126
421.16730 12.055 0.4983818394 0.0132724818
208.10014 4.098 0.4983818394 -0.0170801944
168.09294 7.024 0.4983818394 0.0528266791
78.91870 3.875 0.5026768557 -0.0084612368
364.09756 6.636 0.5026768557 -0.0113936122
360.23904 9.879 0.5026768557 0.0531586268
81.52054 0.787 0.5035714399 -0.0016631722
333.14431 9.911 0.5035714399 0.0020187266
115.03993 0.99 0.5080319091 -0.0455866403
217.04941 1.246 0.5087894327 0.0220265142
179.08471 6.26 0.5087894327 -0.2184662756
778.20494 9.657 0.5080319091 -0.0676551855
197.12923 6.244 0.5140356240 0.0161420053
130.08608 3.859 0.5140356240 0.0050601078
127.05112 0.93 0.5188311427 -0.0779925694
412.86265 1.253 0.5193098154 -0.0138030620
354.93174 12.592 0.5193098154 -0.0335083929
371.12243 11.684 0.5193098154 -0.0198834723
145.12218 6.4 0.5246118033 0.2123112986
169.09472 0.91 0.5246118033 0.0373587938
161.04539 1.564 0.5242748886 -0.0135147218
180.06532 8.396 0.5246118033 0.0294370262
83.03866 0.637 0.5299413798 0.0080441714
85.02830 0.999 0.5299413798 -0.0678321680
175.09635 5.995 0.5352983319 0.0284327791
417.03007 9.815 0.5406824420 -0.0340178492
311.00018 10.361 0.5407799247 -0.0008989308
267.84787 4.643 0.5463387505 0.0415018707
90.05492 0.83 0.5460934877 0.0617190096
130.08616 0.963 0.5460934877 0.0101139369
211.14407 9.009 0.5460934877 0.0389472924
279.18024 10.347 0.5515312419 -0.0026384737
161.96956 5.914 0.5569954730 0.0079033237
198.04960 1.023 0.5575406532 -0.1023916743
445.11963 12.49 0.5569954730 -0.0111489037
209.83376 3.865 0.5631832220 -0.0202231024
290.13863 10.97 0.5624859443 -0.0510972778
315.04155 8.621 0.5631832220 -0.0351433491
261.14441 5.814 0.5680024150 0.0388557349
194.92729 4.977 0.5688531884 0.0252154878
150.05492 9.579 0.5680024150 0.0043227849
420.92733 9.22 0.5688531884 -0.0028888778
382.58487 0.991 0.5735446393 -0.0067245151
201.02649 10.16 0.5745502856 -0.0622069257
154.06217 1.055 0.5802742415 0.0463974241
308.18542 9.698 0.5791123670 0.0155569315
520.33185 10.388 0.5791123670 -0.0132506747
165.04176 12.772 0.5802742415 -0.0483315584
459.28007 10.076 0.5791123670 -0.0013436197
414.33618 10.38 0.5791123670 -0.1134388179
246.04396 9.126 0.5802742415 0.0227174603
180.08652 1.003 0.5903233089 -0.0425580276
212.11265 2.743 0.5959659999 -0.0062778033
177.11198 6.256 0.5959659999 0.0261414548
233.12847 10.953 0.6016331482 0.0247705950
689.95621 12.574 0.6016331482 -0.0076757222
146.11750 0.877 0.6016331482 0.0582727248
612.88161 0.614 0.6073244809 -0.0015600477
140.07021 1.019 0.6073244809 -0.0850573447
463.48311 1.347 0.6073244809 0.0775761367
197.06686 8.384 0.6073244809 0.0008862497
314.18100 9.212 0.6130397211 -0.0533411600
162.07594 1.02 0.6130397211 -0.0106139181
167.09123 2.306 0.6130397211 0.0162217674
314.18103 9.221 0.6245407936 -0.0784625979
435.19839 11.83 0.6269985069 0.0474218221
231.07733 11.943 0.6269985069 0.0374439286
507.57935 0.991 0.6303260501 -0.0006995824
258.15450 8.641 0.6303260501 0.0219620469
379.28156 0.626 0.6361340626 -0.0136714897
410.56647 0.991 0.6361340626 -0.0268127787
76.03924 0.818 0.6361340626 0.0441939633
166.05314 0.939 0.6361340626 -0.0156227771
132.99174 11.641 0.6389276146 0.0042832959
180.13815 10.712 0.6419645326 -0.0713885858
210.13344 8.407 0.6419645326 -0.0018545493
329.08807 11.946 0.6449276425 -0.0117655681
278.17495 7.936 0.6478171575 -0.0420209527
374.59629 1.031 0.6478171575 -0.0374737755
88.07560 1.067 0.6478171575 0.0448222027
278.19036 9.315 0.6536916306 -0.0439998195
153.06571 9.803 0.6536916306 -0.0140917492
88.07557 0.874 0.6536916306 0.0329466820
153.12730 10.118 0.6595876412 0.0143513661
276.11887 5.255 0.6595876412 -0.0898929906
231.17020 3.973 0.6595876412 -0.0283839293
390.87042 6.254 0.6569969961 0.0843681735
147.07643 0.914 0.6595876412 0.0012673594
179.05607 7.974 0.6569969961 -0.0051577128
153.06584 9.4 0.6655048744 0.0317969155
205.12233 10.874 0.6655048744 -0.0546461594
83.53570 0.571 0.6774017300 0.0061532756
182.98867 11.912 0.6752691837 0.0011283723
447.89196 1.202 0.6774017300 -0.0058167719
293.09537 12.356 0.6774017300 -0.0165812377
240.11491 9.07 0.6774017300 -0.0316100468
376.21774 9.262 0.6774017300 0.0180772791
195.12266 6.237 0.6774017300 -0.0008514724
107.07014 1.305 0.6774017300 0.0171715348
188.94916 1.43 0.6814033674 -0.0195096843
193.10697 8.321 0.6833807032 0.0118735002
269.08932 8.607 0.6893796009 0.0019147901
356.24298 12.717 0.6893796009 -0.0179292272
229.56254 1.202 0.6953980889 0.0118330158
444.99817 11.416 0.6999312911 -0.0151965797
249.02274 11.666 0.7061478403 0.0713358285
315.04161 9.833 0.7061478403 0.0205754305
185.03049 9.821 0.7074924815 -0.0308512458
210.05010 7.041 0.7135676996 0.0232305441
210.05015 7.025 0.7135676996 0.0229514880
175.04773 9.931 0.7196611353 -0.0009339025
487.62840 3.778 0.7186395688 0.0021328240
180.01162 0.852 0.7196611353 0.0556772820
219.19531 12.438 0.7257724367 0.0486527368
222.99521 11.996 0.7257724367 -0.0324594657
315.04162 10.418 0.7312069387 0.0128127063
414.30011 11.739 0.7319012483 -0.0714129411
236.58849 1.017 0.7319012483 0.0218651935
388.25410 9.464 0.7380472112 -0.0101885570
321.13092 8.71 0.7442099636 -0.0130806357
372.25923 10.504 0.7442099636 0.0040687858
372.25891 11.165 0.7503891400 0.0335420452
275.03886 11.955 0.7503891400 -0.0507610357
332.19155 8.904 0.7503891400 0.0018989006
312.21699 8.835 0.7503891400 -0.0029675986
632.05540 0.993 0.7503891400 -0.0499564995
262.18017 8.577 0.7503891400 -0.0130938182
255.82197 4.751 0.7565561777 -0.0109891030
237.12318 6.91 0.7565843719 -0.0462103105
86.05991 1.918 0.7565843719 -0.0993837810
476.30655 10.048 0.7565843719 -0.0036681087
230.24769 11.321 0.7565843719 0.0181646516
88.04027 1.037 0.7565561777 -0.0340038284
272.94442 0.605 0.7627952879 0.0198108297
176.06577 1.113 0.7690215134 0.0333014535
289.06943 3.383 0.7693316896 0.0198976100
283.01366 7.055 0.7690215134 0.0464920057
146.08114 0.943 0.7752626707 -0.0456677735
284.17018 9.876 0.7752626707 -0.0039527061
237.89749 2.487 0.7757432508 0.0247546002
283.16937 12.138 0.7752626707 0.0089865947
133.10515 1.114 0.7752626707 0.0538707052
255.82195 4.296 0.7821701334 0.0031157135
269.08792 0.988 0.7821701334 0.0293231630
101.07077 0.99 0.7815183796 0.0255456633
244.15546 11.136 0.7821701334 0.0200062266
360.96807 11.999 0.7815183796 -0.0160596067
480.85041 0.749 0.7877882566 0.0175930617
244.07913 1.192 0.7877882566 -0.0141562776
437.23557 9.826 0.7877882566 -0.0008038588
365.10514 4.803 0.7877882566 0.0291875170
190.92842 5.012 0.7886119216 -0.0360083116
198.09718 1.002 0.7940719157 -0.0494927150
76.07560 0.762 0.7940719157 0.1627160373
164.95691 2.482 0.7950681969 0.0162385178
118.08623 0.915 0.8003689683 0.0232987483
89.05968 2.623 0.8003689683 0.0107944203
311.00842 7.066 0.8003689683 0.0088141447
239.01644 1.016 0.8015385376 0.0533889323
134.89444 9.219 0.8080225191 -0.0653461981
430.36731 0.756 0.8066790231 -0.0126105727
128.03523 4.581 0.8080225191 -0.0093400105
246.16996 5.941 0.8193365610 0.0018923393
180.08653 1.783 0.8193365610 0.0309719659
87.00860 1.205 0.8210296924 -0.0615053575
783.57184 12.247 0.8256832492 0.0220382312
83.03560 0.578 0.8256832492 -0.0215992244
106.04982 0.84 0.8256832492 0.0612860322
104.03526 0.832 0.8275520214 -0.0296182808
438.97194 1.517 0.8275520214 -0.0112157809
136.04808 1.003 0.8320413496 0.0233104924
99.51218 7.619 0.8320413496 -0.0255292121
72.08071 0.917 0.8384104588 0.0238557748
239.01650 0.999 0.8406319878 0.0514205554
303.22939 0.639 0.8447901715 -0.0393104973
725.33099 11.1 0.8447901715 0.0219603583
228.99393 11.618 0.8471887473 -0.0204535468
344.22801 9.105 0.8511800801 -0.0019876791
349.60466 1.028 0.8511800801 0.0052407833
163.06002 1.001 0.8511800801 0.0541057562
188.94906 1.465 0.8537561018 -0.0333555643
101.05956 10.514 0.8575797752 0.0056332212
105.01920 1.397 0.8603336067 -0.0452296263
461.80297 1.263 0.8639888451 0.0080385751
86.09628 1.047 0.8639888451 -0.0167540081
111.02014 10.424 0.8639888451 0.0121855574
246.97734 4.126 0.8639888451 0.0502237358
201.03806 1.449 0.8669208153 -0.0343186503
401.15295 10.707 0.8704068766 -0.0042895554
447.08203 1.032 0.8768334547 -0.0049992355
530.20775 7.351 0.8768334547 0.0023290993
131.07020 9.176 0.8832681624 -0.0066209606
86.09634 1.065 0.8832681624 -0.0175157512
388.25419 9.449 0.8832681624 -0.0046319998
93.07378 0.817 0.8832681624 -0.0034617577
261.94159 4.797 0.8801225464 -0.0104350335
725.33091 10.798 0.8897105815 0.0205947495
632.05529 1.0 0.8897105815 -0.0177941881
317.18723 11.592 0.8933576824 0.0441747729
325.17107 10.465 0.8961602919 -0.0082359074
227.17524 7.949 0.9026168725 -0.0093797650
324.09111 12.039 0.9132650496 0.0615114487
217.03298 1.411 0.9199135812 0.0030991576
89.02439 1.449 0.9199135812 -0.0386262422
200.10289 1.337 0.9220236005 0.0598365647
236.22177 12.503 0.9220236005 0.0329261399
445.07303 5.714 0.9265677160 0.0378229888
255.82207 3.971 0.9265677160 -0.0093921418
102.12759 12.537 0.9285034215 0.0374604980
266.08820 1.001 0.9332269910 -0.0213390435
260.16772 11.756 0.9414768683 -0.0557397740
81.52049 1.948 0.9414768683 0.0407480644
508.08591 1.012 0.9414768683 -0.0032658327
127.03890 1.207 0.9414768683 0.0086094050
397.11301 1.167 0.9479696367 0.0145627971
243.75525 3.939 0.9465591055 -0.0146494335
203.00457 1.459 0.9465591055 -0.0069057433
239.14878 8.324 0.9479696367 0.0016560725
132.10186 1.065 0.9479696367 -0.0054622390
419.04828 1.448 0.9532310144 -0.0292108531
331.17529 11.712 0.9544658622 0.0057974095
432.04721 8.318 0.9544658622 0.2012597795
360.99793 9.63 0.9599062027 0.0107421858
322.94348 10.845 0.9599062027 -0.0261627138
102.95673 6.96 0.9599062027 0.0241214102
325.20100 11.795 0.9609651141 -0.0024787323
110.54142 0.75 0.9674669611 0.0076034317
253.11829 6.707 0.9674669611 0.0148228053
272.17023 7.569 0.9739709716 0.0168830457
487.03583 1.444 0.9933149640 -0.0287738004
659.33848 0.69 0.9934916604 0.0276021414
269.08778 1.414 0.9866303972 -0.0341993461
116.92850 11.957 0.9933149640 -0.1035116347
311.12905 0.991 0.9933149640 0.0258658814
226.92738 2.457 0.9866303972 0.0271770902
171.09920 7.29 0.9934916604 0.0075299675
349.10883 0.973 0.9934916604 0.0023463934
242.28430 9.88 0.9869837539 0.0108291616
306.08103 11.419 0.9934916604 0.0028817242
163.09646 8.511 0.9934916604 -0.0016565506
132.99174 11.311 0.9933149640 -0.0042608979
334.12581 1.044 0.9933149640 -0.0196867159
379.14947 11.1 0.9869837539 0.0234382895
117.08494 1.011 0.9934916604 0.0023665183
793.31830 11.544 0.9934916604 0.0023687615
487.28036 11.49 0.9869837539 -0.0182363817
344.22784 9.107 0.9934916604 -0.0043244802
217.04958 0.799 0.9804767134 -0.0172258334
130.06211 1.029 0.9866303972 -0.1174280836
725.29382 9.519 1.0000000000 -0.0144701571
