"m.z" "r.t" "p.value" "t.score"
116.92850 12.983 0.0000000005 1.2514339328
229.05791 5.313 0.0000000012 0.2185085516
291.20673 10.714 0.0000000005 1.8337615042
253.05434 6.017 0.0000000018 0.4088202289
295.07913 5.605 0.0000000010 0.2056676301
101.01674 5.642 0.0000000012 0.9477944933
289.15454 10.891 0.0000000018 0.5880333477
264.12424 11.817 0.0000000011 29.9767500876
604.13812 8.48 0.0000000007 1.0616043553
263.12129 11.682 0.0000000018 32.1038457760
343.12322 5.46 0.0000000017 1.1869573463
324.99643 2.073 0.0000000025 0.5224650690
506.20748 7.308 0.0000000030 2.3672525243
275.21163 9.852 0.0000000033 0.9452745310
348.10080 8.211 0.0000000037 -0.4955229496
279.11602 12.082 0.0000000045 0.5390061882
289.22728 9.974 0.0000000045 0.4484908066
450.01277 1.949 0.0000000052 0.3165848556
307.11092 12.054 0.0000000103 -0.4210487705
445.81506 12.734 0.0000000093 -3.3914614456
206.02797 12.026 0.0000000103 0.2158158428
231.06209 9.352 0.0000000119 0.0000000000
297.09353 5.148 0.0000000165 1.0331748228
706.32819 8.954 0.0000000200 1.7469479080
207.14907 8.611 0.0000000220 0.1972913677
119.52785 7.619 0.0000000350 -0.3536697425
365.10535 5.437 0.0000000350 0.6153111366
233.10721 6.699 0.0000000874 -0.1244795338
155.15427 5.154 0.0000001784 -0.2192797403
276.10116 7.893 0.0000001864 1.2832723151
261.18080 11.062 0.0000002036 0.4840294806
256.01510 9.976 0.0000002127 -0.1923548690
464.08922 11.123 0.0000002425 -0.3368967151
583.15175 9.301 0.0000002425 0.0000000000
335.19002 11.609 0.0000002885 0.4781089462
174.04068 9.047 0.0000003146 0.4764295013
273.15962 10.88 0.0000003429 0.2658928239
793.36499 8.806 0.0000003901 0.1896366611
253.09279 5.964 0.0000005041 0.0978627579
226.09353 10.051 0.0000005487 0.3429381510
321.89751 4.849 0.0000005724 0.5080273237
428.05961 8.554 0.0000007370 0.8274378885
323.19003 11.58 0.0000007685 0.4604016313
111.52172 12.498 0.0000008014 -0.2456794040
307.11091 10.806 0.0000008711 -0.0757124970
118.05098 0.862 0.0000008711 0.2456769706
371.17238 10.818 0.0000008711 0.3240918575
187.08647 12.053 0.0000010720 0.2871654222
217.11826 7.86 0.0000011172 0.2068945041
287.07730 9.604 0.0000011643 0.4679589177
288.00378 4.675 0.0000012132 1.9167983885
412.19637 8.44 0.0000013722 -0.0990966725
278.19036 9.315 0.0000016157 -0.0545589742
617.28564 8.799 0.0000017525 0.1656497348
174.12357 5.985 0.0000017525 0.3270924750
360.02505 8.292 0.0000019788 -0.1607715567
160.84199 11.608 0.0000026210 0.1449767050
326.23230 10.263 0.0000027277 -0.4366508760
423.12576 9.396 0.0000033268 0.0897677031
242.13058 8.916 0.0000037448 0.0000000000
414.30011 11.739 0.0000043810 -0.1791904230
259.09244 5.411 0.0000049248 0.2885591907
191.99763 10.928 0.0000051200 0.2196738356
229.11827 0.988 0.0000057511 0.4132940323
305.22233 11.03 0.0000059775 0.3532383588
245.16055 5.096 0.0000067092 -0.1644260075
221.15347 12.88 0.0000072438 -0.2404812820
170.11762 6.354 0.0000078190 0.0596183666
377.91489 4.919 0.0000081227 0.2305662089
172.07175 9.946 0.0000081227 0.4639505984
145.08582 10.901 0.0000091029 0.2339407252
174.14874 8.541 0.0000098182 -0.2422616293
691.06024 9.046 0.0000109925 0.1531307412
440.22751 8.348 0.0000123002 0.1903154312
793.36467 9.087 0.0000132532 0.1859947329
346.08652 8.44 0.0000153744 -0.1594022619
168.07661 2.356 0.0000153744 1.0978601958
647.41104 12.469 0.0000159532 -0.1287368705
247.08243 10.759 0.0000159532 -0.2453169409
432.27996 10.695 0.0000165528 -27.4744150309
177.14837 10.693 0.0000191728 -0.4541381894
441.19742 11.281 0.0000206266 0.1048449897
186.11247 5.226 0.0000213922 0.1034056541
508.01346 5.713 0.0000230055 0.0888432309
186.11234 2.243 0.0000256440 0.4690916017
302.01938 5.534 0.0000306920 0.3395231888
309.12663 11.904 0.0000318090 0.2083494005
219.13381 10.095 0.0000353964 0.4005752247
249.10805 2.365 0.0000393658 0.3195635434
209.03017 5.657 0.0000422430 0.1852366080
417.30441 12.205 0.0000453190 -0.1598542818
180.06532 8.396 0.0000598794 -0.1794954902
307.11093 11.428 0.0000619838 0.1397092145
202.01221 0.86 0.0000641581 0.2199185595
279.11598 10.313 0.0000641581 -0.0879451499
232.05761 9.265 0.0000761559 0.6620886800
154.12262 4.195 0.0000843421 0.0724262473
324.09111 12.039 0.0000965563 0.1053907402
179.05488 1.986 0.0001067934 0.2354006832
305.14947 10.889 0.0001104275 0.1746760002
255.13494 9.538 0.0001141780 0.1866257613
148.06036 0.977 0.0001180485 0.3991602352
434.21735 8.685 0.0001220424 0.0801593541
204.12297 0.92 0.0001220424 -0.2495735708
329.08807 11.946 0.0001304155 0.0880432952
335.22869 10.076 0.0001348023 0.3250800730
490.28535 11.201 0.0001393279 0.3664703343
146.08105 6.033 0.0001393279 0.0927551360
90.50677 12.471 0.0001393279 -0.2357696498
269.12445 6.202 0.0001488116 -0.1713002055
172.09674 10.106 0.0001537783 0.4124382794
290.15961 6.066 0.0001537783 0.4866764847
407.18846 10.548 0.0001641835 0.4295577618
711.06927 2.468 0.0001696311 -0.7831239013
176.12800 11.055 0.0001696311 0.2388039008
290.13862 11.042 0.0001696311 -0.8459256690
257.11322 8.472 0.0001752484 0.0454448174
445.11963 12.49 0.0001752484 -0.2314143406
289.06943 3.383 0.0001810403 0.0371141080
211.10753 8.605 0.0001931681 0.2592466796
761.58417 12.508 0.0001995144 0.0000000000
111.08028 10.089 0.0002127993 0.2016312376
214.03322 0.96 0.0002269114 0.3637100466
250.18018 7.42 0.0002342925 -0.0433007381
345.07263 11.048 0.0002342925 0.1617076079
172.09669 9.97 0.0002578104 0.3184717081
167.08539 12.572 0.0002835282 -0.2806225250
269.08780 10.595 0.0002926219 0.1468864096
323.14249 11.965 0.0003019883 0.1811399860
345.07272 11.44 0.0003116349 0.1048192355
321.89737 5.269 0.0003116349 0.0854085799
282.11969 8.251 0.0003215694 0.0137806633
348.89496 2.036 0.0003215694 0.0461162043
217.05670 5.627 0.0003215694 0.0926792315
117.06976 7.935 0.0003317997 0.0768264260
290.13863 10.97 0.0003423340 -0.4999132085
268.15443 8.687 0.0003643477 -0.3107906120
363.16229 10.301 0.0004385907 0.2440780342
328.16675 10.866 0.0004663253 0.1117927013
242.98224 6.978 0.0004663253 0.3671711248
333.09137 11.511 0.0004807983 -0.0921018073
451.21470 10.875 0.0005110096 0.1739631048
207.12252 10.344 0.0005429830 0.2898465643
260.16772 11.756 0.0005596596 -0.1928338978
158.11745 10.092 0.0005768123 0.2910122720
255.09499 7.907 0.0005944534 0.1372921687
125.02431 1.208 0.0006125957 0.1159538721
262.18017 8.577 0.0006312522 -0.0359550395
349.08928 10.373 0.0006312522 0.2532805618
233.16465 9.864 0.0006504360 0.1826921908
162.07594 1.02 0.0006701610 0.2502313388
705.82720 8.883 0.0006701610 24.7304558352
71.01366 1.245 0.0006904408 0.1602270067
226.08222 7.649 0.0007112899 0.0585832829
379.17993 11.998 0.0007112899 0.1387143391
480.00681 6.217 0.0007773993 0.2502935858
243.13377 10.443 0.0008006739 0.2324010570
233.09932 6.804 0.0008006739 0.1226392768
162.83902 11.979 0.0008245938 -0.0892612747
216.06872 8.046 0.0009003894 0.0677493966
277.15562 9.231 0.0009825995 0.0717650135
98.98413 2.329 0.0010412104 -0.2166224418
149.04539 1.234 0.0010717137 0.1093020564
294.20617 9.687 0.0011030420 -0.0473078515
242.98246 7.374 0.0011352152 0.2255875127
99.51218 7.619 0.0011352152 -0.0614882365
387.11466 5.628 0.0011352152 0.4461826163
195.05086 2.523 0.0011352152 0.1689744581
180.08652 1.003 0.0012021795 0.1588891752
220.98079 11.494 0.0012370130 -0.1961019161
231.07733 11.943 0.0012727765 0.0916824954
245.09525 8.796 0.0014663448 0.1979167721
272.20084 10.484 0.0014663448 0.0961230469
305.09646 11.916 0.0014663448 -0.1067569540
172.13321 4.594 0.0015081753 0.0549613435
208.09662 10.549 0.0015081753 0.1529271777
180.05942 1.204 0.0015081753 0.1386516016
102.95673 5.012 0.0015951526 0.1304016774
204.12289 1.12 0.0016867266 -0.1185975957
178.05854 1.363 0.0017831144 0.2578325922
223.96317 2.425 0.0018331838 -0.1235171358
393.11557 10.785 0.0018845422 0.1920610024
199.96928 8.234 0.0019372192 -0.0785989210
144.06298 0.713 0.0020466507 -0.1019601703
385.90170 1.566 0.0021034674 -0.1591559211
183.07790 9.596 0.0022827088 -0.1024804657
307.24774 12.579 0.0022827088 -0.1374250442
225.06165 1.205 0.0023454972 0.1049472036
191.10249 10.256 0.0024098635 0.1158183663
281.07666 10.459 0.0024098635 -0.1920093482
317.14536 3.942 0.0024098635 0.1554214781
245.21100 12.02 0.0024758429 -0.1476809977
397.17136 10.833 0.0025434712 0.1230363073
101.02426 1.2 0.0026127852 0.1380140789
212.07631 2.342 0.0026838221 0.2735664819
414.33618 10.38 0.0026838221 -0.1470221538
344.20657 10.379 0.0028312171 0.1457305879
437.29077 11.98 0.0028312171 0.0668509076
437.93057 3.589 0.0028312171 0.0962872789
333.11538 10.392 0.0029076533 0.9965652113
270.08905 11.955 0.0029076533 -0.0978134364
242.98245 7.562 0.0029859686 0.1627791181
416.35181 10.38 0.0030662038 -0.0739346395
180.08653 1.783 0.0031484006 0.2019900813
114.09122 5.331 0.0031484006 0.1062269565
358.25885 9.566 0.0033188489 0.1322933085
266.06696 10.05 0.0033188489 -0.1803440079
210.13344 8.407 0.0034976615 0.0441876811
269.08932 8.607 0.0035903165 -0.1388598615
130.08616 0.963 0.0035903165 0.1735972433
264.19561 6.634 0.0036851989 0.1484218395
256.16943 9.741 0.0037823556 0.1344613874
258.10995 0.974 0.0039836844 -0.2735884358
384.11905 1.015 0.0039836844 0.1278970188
298.05252 1.172 0.0043039600 -0.1473488827
435.19839 11.83 0.0045302636 0.0898505386
198.09718 1.002 0.0046474105 0.1241694322
163.06002 1.001 0.0047672937 0.1663375412
427.21881 10.726 0.0050154926 -0.1169822656
213.12320 2.188 0.0050154926 0.1289153383
324.19171 10.394 0.0056878902 0.1385650313
290.26883 12.224 0.0058317488 -0.2346383034
349.24438 10.041 0.0059788794 0.1057611802
206.10339 0.808 0.0061293463 -0.2253094458
146.05992 10.774 0.0061293463 -0.0900830069
232.93500 9.648 0.0062832151 0.1121380903
179.05607 7.974 0.0066014250 0.2124326851
206.10331 0.816 0.0067659020 -0.2410709144
139.03992 10.477 0.0067659020 0.1677837986
238.09924 7.85 0.0067659020 0.0273291602
219.07628 10.787 0.0067659020 -0.1654133432
265.11811 10.779 0.0069340529 0.5345511131
127.03885 1.001 0.0069340529 0.1639766267
120.06550 0.875 0.0071059482 0.1278911770
165.01160 11.331 0.0072816596 0.2136636169
145.04945 1.0 0.0074612599 0.1741912818
145.04935 0.994 0.0074612599 0.1741912818
128.04539 9.945 0.0076448229 0.1236296756
219.12255 11.03 0.0078324237 0.4658989245
115.07521 4.193 0.0078324237 0.1127040077
207.07621 8.806 0.0080241381 0.1663213163
152.05663 10.045 0.0080241381 0.1500353112
80.97482 3.003 0.0080241381 0.0616389394
209.10183 7.667 0.0080241381 0.1226287283
132.06535 4.662 0.0082200436 0.1473227580
756.24129 8.822 0.0086247415 0.1393241474
353.16799 1.006 0.0086247415 0.1232128546
379.97192 3.482 0.0090471574 0.0453270795
248.16462 9.682 0.0092652147 -0.0970575183
612.85868 0.702 0.0094879497 0.0874633805
549.21370 9.63 0.0099477955 -0.2429073173
206.10229 7.942 0.0099477955 0.8055182717
104.10691 0.751 0.0101850801 0.0683901598
239.14878 8.324 0.0101850801 -0.0573730481
261.14835 12.903 0.0106748169 0.1302599659
189.15960 1.36 0.0109274501 0.0954372500
665.37395 0.645 0.0109274501 0.1543854642
102.95673 6.96 0.0109274501 0.0543539511
258.15462 8.299 0.0111853828 0.0372894574
124.00731 0.904 0.0111853828 -0.1916571132
281.24847 0.429 0.0114487086 0.0212151833
203.01723 1.563 0.0114487086 -0.1243657425
235.12873 7.948 0.0114487086 0.0973867210
283.10376 10.507 0.0125578583 0.0009662356
487.03583 1.444 0.0125578583 0.2472041542
471.19640 11.271 0.0128495974 -0.1890647818
165.06909 3.268 0.0128495974 -0.0643575267
89.02439 1.449 0.0131473175 0.1056412675
204.05581 1.036 0.0131473175 0.1454520310
198.04960 1.023 0.0131473175 0.1067116696
111.02003 12.66 0.0137611118 -0.1673801209
85.02830 0.999 0.0137611118 0.1589570384
88.04027 1.037 0.0140773945 0.1539101995
239.12775 12.444 0.0147292625 -0.0733281973
130.05081 0.9 0.0147292625 0.1621357140
153.06584 9.4 0.0150650641 0.0537905673
458.98352 1.44 0.0150650641 0.1206529423
229.15463 3.876 0.0154075904 -0.1075361623
272.13379 2.368 0.0154075904 0.1283312674
114.06612 1.012 0.0154075904 -0.0576598957
91.00367 9.096 0.0154075904 0.0271584643
269.08792 0.988 0.0157569530 0.0462453217
203.05251 1.003 0.0164766392 0.0976203108
203.05260 0.997 0.0164766392 0.0976203108
96.96958 2.479 0.0168471920 -0.1522174427
165.04176 12.772 0.0168471920 0.0704108478
289.06771 9.654 0.0172250399 -0.1343614150
209.06651 1.5 0.0172250399 -0.2451398392
128.04530 10.421 0.0176103008 0.0701245199
705.32528 9.119 0.0176103008 0.0897435195
331.09246 10.166 0.0180030940 -0.0845595474
302.01923 4.916 0.0184035401 0.1959040535
398.32649 11.304 0.0184035401 -0.4531476269
195.05092 2.207 0.0188117610 0.1670095617
285.97708 9.15 0.0188117610 0.2954431601
181.05831 4.499 0.0188117610 0.1895723943
508.35937 12.585 0.0192278800 -0.2311154846
416.28513 11.536 0.0192278800 -0.1882024371
97.02831 0.999 0.0200843120 0.1602448882
284.17018 9.876 0.0200843120 -0.1675537050
157.01166 1.778 0.0200843120 0.1727697393
97.02825 1.049 0.0205248782 0.1640980545
247.03088 1.446 0.0205248782 0.0869454332
486.24869 9.759 0.0205248782 -0.0567066130
118.06085 1.015 0.0209738488 -0.1882306159
287.10956 8.45 0.0209738488 0.0903529086
189.08795 4.9 0.0209738488 0.6652996494
272.94442 0.605 0.0214313536 -0.0454534333
236.58849 1.017 0.0214313536 0.1098262252
157.14146 7.82 0.0214313536 0.0405833894
307.16514 10.397 0.0218975240 0.1550278821
190.11859 1.167 0.0223724923 0.0738839087
161.04543 0.992 0.0223724923 0.0551432244
354.93174 12.592 0.0228563926 -0.1099958426
132.07667 1.015 0.0228563926 0.1388265782
259.18052 10.234 0.0233493598 0.1098562701
247.14414 10.417 0.0233493598 0.0854791639
269.08778 1.414 0.0238515306 0.2441099793
314.23240 10.038 0.0238515306 -0.1752386814
349.60466 1.028 0.0243630426 0.1353056039
193.10697 8.321 0.0248840351 0.0369658582
642.31799 0.711 0.0248840351 0.0342385172
371.12243 11.684 0.0248840351 0.1275570044
256.10980 7.843 0.0254146483 0.0324808126
205.06813 0.998 0.0259550240 0.1752041796
228.07861 8.707 0.0259550240 -0.3036885224
325.17107 10.465 0.0259550240 -0.0167958189
173.92616 11.435 0.0265053053 0.0776125329
256.93816 2.426 0.0270656363 -0.1175023106
146.06332 5.783 0.0270656363 -1.1018423560
230.98854 11.635 0.0270656363 0.0863519713
432.04721 8.318 0.0282170313 -0.1289363394
119.03487 0.991 0.0282170313 0.0910136897
113.03078 1.938 0.0300231782 0.5574881647
90.52578 1.842 0.0306469096 -0.0448335192
311.12905 0.991 0.0306469096 0.1774161458
115.03881 4.262 0.0306469096 -0.1100874084
317.14938 10.984 0.0319278133 0.1149424438
419.04828 1.448 0.0319278133 0.1369349386
308.18542 9.698 0.0325852955 -0.0206819979
333.14431 9.911 0.0339351049 -0.0934197461
356.24314 11.873 0.0346277492 0.0221506575
300.20181 8.715 0.0346277492 0.0064938063
113.02429 0.991 0.0346277492 0.0432983130
101.02432 0.988 0.0346277492 0.0565567535
83.03866 0.637 0.0353324336 -0.0741573783
440.02592 5.068 0.0360493195 0.0367008393
299.01967 4.218 0.0360493195 0.1034694485
572.35541 12.497 0.0360493195 0.0795735691
251.17527 9.996 0.0367785697 0.0915372320
168.12286 3.898 0.0367785697 0.1086400304
99.04488 1.009 0.0375203480 0.1074956515
272.16433 10.137 0.0375203480 0.1020561871
113.03080 1.937 0.0375203480 0.5423249697
181.07165 0.988 0.0382748196 0.1800537680
200.10289 1.337 0.0382748196 0.1432825386
131.04616 0.888 0.0382748196 0.0833375869
90.52582 0.761 0.0382748196 -0.1124629401
190.92831 11.975 0.0390421505 0.1686068055
245.21099 11.725 0.0390421505 -0.1129785393
725.29382 9.519 0.0398225081 0.1927892296
240.15945 8.688 0.0406160606 -0.0877098479
193.03524 2.468 0.0406160606 0.2165142991
133.08570 7.047 0.0406160606 0.2193989866
90.50687 7.619 0.0406160606 -0.0648563758
699.36720 0.627 0.0414229774 0.0712113743
129.05452 7.943 0.0422434291 0.1094060222
632.05540 0.993 0.0430775872 0.1308507266
426.35752 12.401 0.0430775872 -0.3047010633
386.29016 12.02 0.0439256242 0.0268639737
361.18300 10.229 0.0439256242 0.2305035865
110.54134 1.31 0.0439256242 -0.0893606300
190.92843 10.84 0.0456640302 0.0654070110
223.09228 0.991 0.0456640302 0.0803037206
156.07664 1.417 0.0465547492 0.1003898524
286.20099 9.676 0.0474600473 0.1017272284
189.12329 3.624 0.0474600473 -0.0555233605
197.06686 8.384 0.0474600473 -0.0266966362
294.14084 3.52 0.0474600473 0.0139710163
143.03485 0.992 0.0483801018 0.0456322931
265.15854 9.744 0.0483801018 -0.0646078629
465.12645 12.602 0.0483801018 -0.2200501510
143.03486 0.991 0.0483801018 0.0456322931
143.03486 0.991 0.0483801018 0.0456322931
196.09662 9.84 0.0493150910 0.0873823408
221.05066 7.947 0.0502651942 0.1233444228
239.09126 11.735 0.0512305914 -0.0471414423
209.83365 4.953 0.0522114636 0.1010176603
309.18077 10.914 0.0522114636 0.1080151270
652.35148 0.688 0.0522114636 0.0986469663
310.21667 9.245 0.0522114636 0.0036555743
663.43469 12.755 0.0522114636 0.1452945077
173.09203 1.034 0.0532079924 0.0776957566
203.04026 4.626 0.0532079924 0.1602855201
112.98560 0.672 0.0532079924 0.0641192865
102.95671 8.75 0.0532079924 -0.0856663285
229.56251 1.002 0.0562933485 0.0732135431
526.33502 11.108 0.0562933485 -0.0648758901
640.16271 9.119 0.0573543373 0.1153370889
319.00836 0.533 0.0573543373 0.0224985928
399.49400 1.286 0.0573543373 0.0423510468
189.14840 10.117 0.0573543373 -0.1003139948
180.06885 1.005 0.0584319030 0.1508895876
160.13321 5.706 0.0584319030 0.2376479512
232.15429 4.856 0.0584319030 -0.1057857972
128.95069 2.586 0.0584319030 -0.1086431900
229.91606 11.99 0.0595262319 0.0617745422
370.07357 5.901 0.0595262319 -0.0669867428
189.13456 6.238 0.0606375108 0.0950673657
83.53570 0.571 0.0606375108 -0.0215471337
241.10289 0.989 0.0617659271 0.1680302809
203.05259 1.204 0.0617659271 0.0785158515
480.15680 12.825 0.0629116689 0.1170167950
130.06211 1.029 0.0629116689 0.1514280721
79.51944 1.507 0.0640749247 -0.1168011128
131.03477 0.991 0.0640749247 0.0638112387
311.00024 10.987 0.0640749247 -0.0225393214
721.86372 0.651 0.0640749247 0.1084375399
353.14236 11.998 0.0640749247 0.0341415173
328.10279 10.232 0.0652558838 -0.0556557141
92.52214 1.525 0.0664547358 -0.1218680367
276.13611 4.661 0.0689068794 -0.0198358019
449.11725 0.993 0.0689068794 0.0659718368
87.00860 1.205 0.0689068794 0.0890435819
133.10515 1.114 0.0701605525 -0.2134209065
353.26603 0.658 0.0701605525 -0.0617442978
90.05492 0.83 0.0701605525 0.1175249164
245.12827 10.024 0.0701605525 0.0631838217
387.28674 11.884 0.0701605525 -0.0735116668
263.17526 10.779 0.0701605525 0.2035648798
146.96114 0.743 0.0701605525 -0.0390184752
73.06475 7.028 0.0714328815 0.0332703004
246.04396 9.126 0.0727240581 0.0544918352
171.02739 2.092 0.0753637225 0.1209310147
237.08701 10.015 0.0767125951 -0.0357151537
106.04982 0.84 0.0780810850 0.0782925436
377.14150 10.798 0.0780810850 0.2209950459
178.08624 9.139 0.0780810850 0.0193497065
127.03890 1.207 0.0780810850 0.0364689035
311.15530 10.615 0.0780810850 0.0415417987
160.07973 4.375 0.0794693849 0.1022487573
270.19113 8.84 0.0794693849 -0.0204034499
316.94798 0.643 0.0808776881 0.0739114560
785.50444 12.594 0.0823061876 -0.0467728939
632.05529 1.0 0.0823061876 0.1179604344
150.05495 10.804 0.0823061876 0.1042672672
377.91455 5.802 0.0837550767 -0.0223881001
279.17010 9.088 0.0837550767 0.0642498601
250.03838 8.012 0.0837550767 0.0630970648
81.52054 0.787 0.0837550767 -0.0468959643
175.11892 1.026 0.0852245487 0.0707814601
135.02986 1.549 0.0852245487 -0.0666976406
244.07913 1.192 0.0852245487 0.0331131658
608.38342 11.87 0.0852245487 -0.0572086210
170.15375 8.756 0.0867147967 0.0310984317
133.06070 0.894 0.0867147967 0.1653847882
212.11807 9.798 0.0867147967 0.1400206668
242.02522 10.323 0.0867147967 0.0789134028
257.02774 4.803 0.0867147967 0.3542112131
107.04896 8.69 0.0867147967 -0.0276629591
356.27935 11.065 0.0882260140 -0.1542836016
161.12841 1.01 0.0882260140 -0.1128528417
310.17598 10.833 0.0882260140 0.0729010591
178.09029 4.179 0.0913121285 0.0302515778
105.01920 1.397 0.0913121285 0.0818425942
126.97144 0.943 0.0913121285 -0.0676610833
297.04541 6.041 0.0928874116 0.0295327923
365.10514 4.803 0.0961033920 0.1697747243
418.95567 10.153 0.0961033920 -0.0522227563
161.09203 4.717 0.0961033920 0.2242365565
738.44891 12.651 0.0977444738 0.1235913206
471.24462 10.798 0.0977444738 0.0320474040
126.97134 0.92 0.1010937787 -0.0663058532
249.15572 1.016 0.1028023840 0.1012648544
349.10883 0.973 0.1028023840 0.0914376282
81.52049 1.948 0.1028023840 -0.1160591748
434.87184 1.655 0.1045338786 0.1319888303
86.05991 1.918 0.1045338786 -0.0392465664
217.04941 1.246 0.1062884524 -0.0823814533
719.96772 12.469 0.1062884524 -0.0919081254
379.14916 11.813 0.1080662947 -0.0371260252
366.11176 6.382 0.1080662947 0.0241264595
161.04539 1.564 0.1080662947 0.0645219412
418.95567 10.374 0.1098675942 -0.0563094623
322.12982 12.527 0.1116925390 0.1568900778
368.27930 10.977 0.1116925390 -0.1767293835
707.35472 0.668 0.1116925390 0.0401045859
158.08099 7.879 0.1135413164 0.0793933202
461.80297 1.263 0.1135413164 -0.1162327362
196.14204 0.68 0.1135413164 -0.0398848432
135.10161 5.036 0.1135413164 0.0123717828
166.94304 3.234 0.1173111149 -0.0332079808
278.17495 7.936 0.1173111149 -0.0380990493
147.11269 2.171 0.1173111149 0.0936601493
102.95662 5.572 0.1192325068 0.0292775658
297.98553 8.106 0.1211784729 0.1221390313
340.13251 6.956 0.1211784729 0.0898526338
199.03354 0.882 0.1231491964 0.1245177977
264.07714 0.994 0.1231491964 -0.0329832402
311.00019 10.587 0.1231491964 -0.0259432106
487.28036 11.49 0.1231491964 -0.0429756715
197.80798 4.227 0.1231491964 0.0772986837
487.30560 11.514 0.1251448594 0.0029737385
439.28392 12.663 0.1251448594 0.1068984670
247.07118 11.161 0.1251448594 -0.0632360414
248.96050 0.661 0.1271656432 0.0647228901
276.00379 4.592 0.1292117277 0.0891965467
125.87298 8.404 0.1312832918 0.0438423079
305.06317 10.048 0.1312832918 0.0302759759
320.20668 12.357 0.1312832918 -0.0323337103
204.01919 9.981 0.1333805135 -0.0268881780
201.01679 2.458 0.1333805135 -0.1058794997
276.11887 5.255 0.1333805135 -0.0096157974
316.04492 9.022 0.1355035690 -0.0546013937
237.12318 6.91 0.1355035690 -0.0484109400
175.04773 9.931 0.1355035690 -0.0593964148
390.87042 6.254 0.1355035690 0.1499187563
111.02004 12.395 0.1355035690 -0.6026686084
201.03806 1.449 0.1355035690 0.1085421627
319.20160 9.052 0.1355035690 0.0375982338
309.18085 10.921 0.1376526338 0.0252155383
502.85944 1.678 0.1398278816 0.0990569262
276.19543 8.459 0.1398278816 0.0260897033
201.98379 6.282 0.1398278816 -0.0038553463
463.48311 1.347 0.1420294851 0.0217307280
145.09707 0.931 0.1420294851 0.1170396038
85.02833 1.167 0.1420294851 0.0570994652
102.95672 6.736 0.1442576151 -0.0204488919
103.04006 2.128 0.1442576151 0.1588921446
258.15450 8.641 0.1442576151 0.1711077024
252.12307 9.556 0.1465124414 0.1035708705
99.09158 0.871 0.1487941320 -0.1128235140
147.05113 9.687 0.1487941320 0.0496355273
169.97727 2.61 0.1487941320 -0.1353552404
231.93157 9.376 0.1487941320 0.0231673499
188.06636 9.702 0.1511028533 0.0444875180
237.08688 10.308 0.1534387700 -0.1018166726
338.11688 6.931 0.1534387700 -0.0447469037
102.95674 5.952 0.1558020454 0.0203473245
191.06619 1.892 0.1558020454 0.0608908610
328.24808 10.663 0.1558020454 0.1270263073
518.83193 1.289 0.1558020454 0.0471318577
181.06275 0.995 0.1581928407 -0.0000182134
421.20432 9.899 0.1581928407 -0.0434388060
231.93167 11.489 0.1606113155 0.0752079572
672.85934 0.671 0.1606113155 0.0290065019
437.21277 12.146 0.1630576275 0.1543328441
116.07153 0.909 0.1630576275 -0.1979325353
321.89743 5.763 0.1630576275 -0.0208660622
397.15988 10.063 0.1630576275 -0.0474326125
575.39459 12.631 0.1655319324 -0.0367599022
180.13815 10.712 0.1680343841 -0.0417599775
356.24298 12.717 0.1705651343 -0.0206034359
244.15546 11.136 0.1705651343 0.0122545214
227.17524 7.949 0.1705651343 -0.0454089605
143.10651 6.511 0.1731243327 -0.0579979707
130.04974 4.011 0.1731243327 -0.0732297343
258.12554 8.709 0.1731243327 0.0352367402
575.39471 12.566 0.1757121270 -0.0358295583
205.06814 1.161 0.1783286626 0.1276700061
340.26912 12.54 0.1783286626 0.0400378069
213.03271 11.009 0.1783286626 0.0603097787
210.06989 1.178 0.1783286626 -0.0972494950
140.07021 1.019 0.1783286626 -0.1849947288
347.84913 2.085 0.1809740826 0.0030573701
163.09646 8.511 0.1809740826 -0.0007762401
314.34186 10.586 0.1809740826 0.0292246071
185.03049 9.821 0.1836485280 -0.0307947441
284.17015 9.68 0.1836485280 -0.0625550833
332.24300 9.924 0.1863521373 -0.0730563204
153.12730 10.118 0.1863521373 -0.0841486712
203.04007 4.18 0.1863521373 0.1352570548
190.92835 1.975 0.1890850468 0.0453936978
191.08138 10.787 0.1918473901 -0.0766844564
202.17990 9.685 0.1918473901 -0.0163080051
331.95245 4.82 0.1918473901 -0.0537254345
415.25378 9.765 0.1918473901 -0.0220455053
241.03105 1.001 0.1918473901 0.0499430311
229.56254 1.202 0.1946392984 0.1050846500
690.50885 12.897 0.1946392984 0.1356261316
195.11263 6.089 0.1946392984 0.0853457271
334.12581 1.044 0.1946392984 0.0473470771
219.07643 9.969 0.1974609005 -0.0600644879
249.02274 11.666 0.1974609005 0.0766455228
179.08471 6.26 0.1974609005 -0.1878430192
205.08168 1.646 0.1974609005 0.0396217383
275.05621 0.754 0.2003123225 -0.0582325071
206.10211 8.266 0.2003123225 0.0514853247
221.05068 9.929 0.2003123225 -0.0490484247
149.04551 1.551 0.2031936877 0.0995472671
243.11284 11.056 0.2031936877 0.1120679240
173.92615 11.13 0.2031936877 0.0493451188
146.93845 2.351 0.2061051168 0.0298363094
264.17474 9.936 0.2061051168 -0.0732846314
132.10186 1.065 0.2061051168 -0.0420980138
250.17998 6.152 0.2061051168 -0.0391042903
612.88161 0.614 0.2061051168 -0.0098805793
197.12923 6.244 0.2090467279 0.0259223177
131.08252 0.985 0.2090467279 -0.1205218221
312.21699 8.835 0.2090467279 0.1374036174
780.21934 9.608 0.2120186361 0.0011277851
131.07020 9.176 0.2120186361 -0.0237907137
294.20602 6.275 0.2120186361 0.0423413308
186.07591 5.789 0.2120186361 -0.0510407965
705.32525 9.166 0.2120186361 0.0328140145
310.14136 10.22 0.2150209535 0.0000000000
348.98978 11.448 0.2150209535 0.0800915082
689.95621 12.574 0.2150209535 -0.0926560101
384.12233 6.947 0.2150209535 -0.0316926728
111.02019 7.619 0.2150209535 -0.0224190593
136.04808 1.003 0.2150209535 -0.0309877752
231.93170 11.761 0.2150209535 0.0820668930
233.07664 7.143 0.2150209535 0.0615288183
209.94902 5.841 0.2180537897 0.0584734191
183.11264 6.732 0.2180537897 0.0476323100
189.95895 3.192 0.2180537897 -0.0117172813
239.01644 1.016 0.2180537897 0.0725785080
176.12802 0.894 0.2211172509 -0.0977432040
190.92839 9.84 0.2211172509 0.0278118576
239.01650 0.999 0.2242114405 0.0724247460
167.09123 2.306 0.2242114405 -0.0569000494
193.09709 3.414 0.2242114405 0.0175974441
507.57935 0.991 0.2242114405 0.0947972924
230.08427 9.943 0.2242114405 0.0342311059
184.04007 6.249 0.2273364589 -0.0803244400
317.18723 11.592 0.2273364589 0.1202762795
91.05396 10.004 0.2273364589 0.0296322273
258.11248 9.938 0.2273364589 -0.0129221391
557.34613 12.217 0.2273364589 0.0297892480
515.56788 1.001 0.2273364589 -0.0553671310
525.28825 10.405 0.2304924031 -0.0069377131
130.08608 3.859 0.2304924031 -0.1200459669
310.99992 9.847 0.2336793672 -0.0474952955
388.25410 9.464 0.2336793672 -0.0108517957
209.83376 3.865 0.2336793672 0.0196477159
445.07303 5.714 0.2336793672 0.0460640167
205.10695 10.206 0.2368974418 0.0452396868
222.99521 11.996 0.2368974418 -0.0159748853
427.09502 6.181 0.2368974418 0.0850701735
326.70016 9.515 0.2368974418 -0.0134650289
180.01162 0.852 0.2368974418 0.0190903677
118.08623 0.915 0.2401467146 0.0039761624
293.09537 12.356 0.2401467146 -0.0126754546
117.08494 1.011 0.2434272697 -0.0101093509
190.92833 2.326 0.2434272697 0.0207698403
182.98610 9.194 0.2434272697 -0.0262418840
412.30566 11.373 0.2434272697 0.0957185747
303.22939 0.639 0.2434272697 0.0345437286
272.07651 7.249 0.2434272697 0.0061865559
255.04329 11.107 0.2500825465 0.1444041849
182.10223 1.084 0.2534574195 -0.0705182276
698.16849 9.637 0.2568638772 -0.0093479087
138.05490 5.226 0.2568638772 0.1055777668
264.09794 10.479 0.2568638772 -0.0024964712
115.03993 0.99 0.2603019864 0.0374463649
233.87537 2.909 0.2603019864 0.0133070057
418.16272 8.633 0.2603019864 0.0380621250
140.07022 1.01 0.2637718105 -0.1895027123
119.07014 6.478 0.2672734089 0.0627807163
86.09628 1.047 0.2672734089 -0.0879835281
187.94177 12.093 0.2672734089 0.0458200033
153.06571 9.803 0.2672734089 -0.0490374120
158.09236 9.95 0.2672734089 0.0435141633
86.09634 1.065 0.2708068374 -0.0896831826
215.86845 7.975 0.2708068374 0.0377648273
374.59629 1.031 0.2708068374 -0.1081993374
480.15680 12.579 0.2708068374 -0.0423539465
89.05968 2.623 0.2743721483 0.0313112401
342.26364 10.588 0.2743721483 0.1634165123
217.06176 9.907 0.2743721483 -0.1259185001
283.01366 7.055 0.2743721483 -0.0188519263
225.07557 11.622 0.2743721483 -0.0077233678
85.02931 0.991 0.2743721483 -0.0024248062
315.04150 8.971 0.2815986064 -0.0260474615
243.75525 3.939 0.2815986064 0.0613075930
177.08682 8.887 0.2815986064 -0.0555830053
237.08673 7.957 0.2815986064 0.0500997932
281.02414 3.841 0.2815986064 0.0452879246
179.09351 9.273 0.2852598386 -0.0701865136
149.11722 7.029 0.2852598386 0.0103291520
388.25419 9.449 0.2852598386 -0.0048891552
132.99174 11.311 0.2852598386 -0.0133013849
140.07027 1.006 0.2852598386 -0.2143381832
102.05483 8.933 0.2852598386 -0.0395991719
172.20593 8.813 0.2852598386 0.0295397009
388.87366 2.809 0.2889531233 -0.0048436910
309.11905 9.619 0.2889531233 0.0404682258
311.00842 7.066 0.2889531233 -0.0242727478
261.12341 10.988 0.2889531233 0.1121395360
100.07559 1.37 0.2926784930 -0.0975854984
72.08071 0.917 0.2926784930 0.0051058367
178.09031 10.06 0.2926784930 -0.0549967217
209.09206 9.067 0.2926784930 0.0258561436
389.16269 10.288 0.2926784930 0.0321821743
144.06544 5.699 0.2964359766 -0.1406421893
199.10043 1.206 0.2964359766 0.0257462533
375.16199 11.717 0.3002255986 0.0033768522
141.01566 3.755 0.3002255986 0.0991471046
233.12847 10.953 0.3040473797 0.0900775599
261.94159 4.797 0.3040473797 0.0000000000
432.14178 9.674 0.3040473797 -0.0082012860
113.09592 6.146 0.3040473797 -0.2889321056
194.92729 4.977 0.3040473797 0.0554926794
175.09635 5.995 0.3079013363 -0.0457767528
493.13580 8.792 0.3079013363 -0.0711777701
182.98867 11.912 0.3079013363 -0.0211073573
179.08727 9.381 0.3079013363 0.0242930275
134.04472 2.01 0.3079013363 0.0666704805
219.19531 12.438 0.3117874807 -0.0702701482
187.87340 8.427 0.3117874807 0.0166776658
444.99817 11.416 0.3157058211 -0.0032970677
307.14011 10.363 0.3196563612 -0.0172848373
217.03298 1.411 0.3196563612 0.0314524074
612.36945 9.954 0.3196563612 -0.0147847954
159.07617 9.025 0.3196563612 -0.0346335207
296.95007 11.91 0.3196563612 0.1169361104
247.18027 8.894 0.3196563612 0.0753284254
487.62840 3.778 0.3236391008 0.0840471656
780.21894 9.092 0.3236391008 0.0000258600
159.07624 9.146 0.3276540350 -0.0330444668
160.13313 0.929 0.3276540350 -0.0684592827
174.08828 0.997 0.3276540350 -0.0815380362
223.14409 9.125 0.3276540350 0.0289638611
176.06577 1.113 0.3276540350 -0.0587796380
255.82195 4.296 0.3276540350 0.0225316613
296.20090 9.244 0.3317011549 0.0104578608
199.06869 9.063 0.3317011549 -0.0420660093
258.91571 10.016 0.3317011549 0.0272848591
314.18103 9.221 0.3357804470 -0.0848788513
212.11265 2.743 0.3398918935 -0.0711911266
179.09099 9.09 0.3398918935 -0.0683495518
308.20093 9.228 0.3398918935 -0.0235822184
382.58487 0.991 0.3398918935 0.0425772312
162.07595 3.034 0.3398918935 -0.0179202912
261.21717 11.699 0.3440354721 -0.0160441576
310.20133 9.1 0.3482111562 0.0255935325
197.12844 8.684 0.3482111562 -0.0775916666
188.94906 1.465 0.3482111562 0.0198019379
313.01459 8.756 0.3482111562 0.0004471219
195.99212 3.004 0.3524189144 0.0516443114
91.50454 9.41 0.3524189144 -0.0774963149
187.87337 8.733 0.3566587111 0.0173103582
231.17020 3.973 0.3566587111 -0.0423891122
85.07597 9.659 0.3566587111 -0.0100909909
209.83377 4.275 0.3566587111 0.0222614014
227.89438 8.954 0.3566587111 0.0304881833
116.07055 0.913 0.3566587111 0.1024084069
416.37491 11.688 0.3609305059 -0.0342065449
118.04970 3.758 0.3609305059 -0.0493346633
582.15729 9.277 0.3609305059 -0.0229116546
434.15768 9.106 0.3609305059 0.0317875726
582.15788 10.23 0.3652342539 -0.0195411514
165.11209 5.944 0.3652342539 -0.0600951609
178.08377 9.047 0.3652342539 -0.0587057135
200.23726 9.743 0.3695699058 -0.0005643966
344.22784 9.107 0.3695699058 -0.0047387428
159.07629 1.01 0.3739374073 -0.0653372311
199.06892 9.647 0.3739374073 -0.0444687361
76.07560 0.762 0.3739374073 0.0796321995
95.01369 0.988 0.3739374073 0.0374255043
150.02283 0.922 0.3783366997 -0.1177118748
281.15950 9.565 0.3783366997 0.0086647178
277.11832 10.94 0.3783366997 0.0520556688
269.13839 11.789 0.3827677195 0.0058181380
438.97194 1.517 0.3827677195 0.0274498090
302.23231 9.527 0.3827677195 -0.0485119236
379.28156 0.626 0.3872303988 0.0581218936
422.92822 10.675 0.3917246645 0.0684713400
360.23904 9.879 0.3917246645 0.0353119982
89.05965 3.335 0.3917246645 -0.0173947387
276.14394 5.173 0.3917246645 0.0722492109
419.14191 9.659 0.3917246645 -0.0461509033
325.20100 11.795 0.3962504391 0.0004208132
327.93213 5.808 0.3962504391 -0.0123054961
548.29046 12.305 0.3962504391 0.1743984411
83.03560 0.578 0.4008076403 -0.0323356308
322.94348 10.845 0.4008076403 -0.0279210748
454.24306 9.525 0.4008076403 -0.0154557212
659.33848 0.69 0.4053961811 0.0945308568
190.92841 8.49 0.4100159694 0.0113307901
522.08875 9.141 0.4100159694 -0.0399221453
187.99651 0.829 0.4146669087 -0.0354724390
520.33185 10.388 0.4146669087 -0.0139803384
480.85041 0.749 0.4193488974 0.0218271837
156.96584 6.254 0.4193488974 0.0061080915
210.05015 7.025 0.4193488974 -0.0209318537
93.07378 0.817 0.4193488974 0.0170276290
509.38014 12.432 0.4240618292 0.0552146998
195.12266 6.237 0.4240618292 0.0241217024
214.08938 9.197 0.4240618292 -0.0009497133
200.07205 9.032 0.4240618292 -0.0191813648
277.08920 2.364 0.4288055931 0.0346493916
136.04800 1.494 0.4288055931 -0.0606988825
269.05336 10.389 0.4335800729 -0.0253479656
279.01201 9.316 0.4335800729 -0.0231630086
141.06581 4.488 0.4335800729 0.0068769713
401.24885 9.151 0.4335800729 0.0586075131
151.06264 11.301 0.4335800729 0.1552402727
372.25891 11.165 0.4335800729 -0.0140573908
336.85871 2.805 0.4383851478 -0.0215678714
219.96644 7.563 0.4383851478 0.0010119961
108.94851 0.711 0.4383851478 -0.0222061708
161.96956 5.914 0.4432206923 0.0005096785
235.07137 9.931 0.4432206923 0.0649429758
210.05010 7.041 0.4432206923 -0.0209124941
302.06729 10.869 0.4480865756 0.0058983040
261.14441 5.814 0.4480865756 -0.0322560145
174.95605 1.643 0.4480865756 0.0393080010
235.96117 3.8 0.4529826623 0.0545605425
420.92733 9.22 0.4529826623 -0.0247690331
188.93295 2.197 0.4529826623 0.0232508129
129.93629 10.623 0.4529826623 0.0071680436
279.13399 9.833 0.4529826623 0.0483849046
332.19155 8.904 0.4579088122 0.0123951890
190.92841 8.648 0.4579088122 -0.0334933089
173.10430 1.503 0.4579088122 -0.0441610576
240.11491 9.07 0.4628648801 -0.0485723060
783.57184 12.247 0.4628648801 -0.0049967905
146.96100 1.206 0.4628648801 -0.0151197114
569.26508 11.514 0.4628648801 -0.0247768226
137.04578 8.857 0.4678507158 -0.0780367735
279.18024 10.347 0.4678507158 -0.0031265809
314.18103 9.232 0.4678507158 -0.1352224695
215.17541 7.058 0.4678507158 0.0438678791
567.39009 0.618 0.4728661646 0.0078586873
199.09645 9.587 0.4728661646 -0.0205032258
328.24829 9.581 0.4728661646 0.0001251940
154.06217 1.055 0.4779110665 -0.0154638525
233.00668 11.007 0.4779110665 -0.0169784379
88.98779 8.834 0.4779110665 0.0000000000
253.11829 6.707 0.4779110665 -0.0056319601
207.01410 0.908 0.4829852569 -0.1124867192
208.10014 4.098 0.4829852569 -0.0249358535
205.08172 2.444 0.4829852569 0.0165769217
105.03673 2.076 0.4829852569 0.0369615321
160.93532 9.172 0.4880885663 -0.0261014564
175.05762 0.989 0.4880885663 0.0433523171
363.06231 1.036 0.4880885663 -0.0658937228
190.92842 5.012 0.4880885663 0.0276701161
255.04659 1.162 0.4880885663 0.0677544369
291.20654 9.885 0.4880885663 0.0241291329
405.01419 1.275 0.4932208202 0.0362140468
409.06754 1.095 0.4932208202 -0.0213773783
191.13902 0.914 0.4932208202 0.0455867150
725.33091 10.798 0.4983818394 0.0088366956
228.99393 11.618 0.4983818394 -0.0141192654
241.08692 11.965 0.4983818394 0.0534081929
360.99793 9.63 0.5035714399 0.0126149504
175.10759 1.012 0.5035714399 -0.0682868540
189.04672 0.935 0.5035714399 -0.0560360538
421.20414 10.379 0.5035714399 0.0797142379
255.82207 3.971 0.5035714399 0.0109340871
102.01944 2.648 0.5140356240 0.0967546069
437.23540 10.424 0.5140356240 0.0140378837
522.20241 6.584 0.5140356240 0.0951468047
209.06660 1.251 0.5193098154 -0.0426036103
311.00018 10.361 0.5193098154 -0.0071041277
88.07557 0.874 0.5246118033 0.0486428945
101.07896 2.801 0.5246118033 0.1503634279
314.18100 9.212 0.5246118033 -0.1001694769
146.96129 2.582 0.5246118033 -0.0943197295
208.06134 11.426 0.5299413798 -0.0347621967
286.17993 9.975 0.5299413798 0.0246538710
146.08114 0.943 0.5299413798 0.0516320918
430.36731 0.756 0.5299413798 0.0255763256
364.09756 6.636 0.5299413798 0.0148753580
225.93234 3.726 0.5352983319 0.0278846568
694.92303 12.344 0.5406824420 0.0620464946
437.23557 9.826 0.5406824420 0.0017588453
182.08107 8.577 0.5406824420 -0.0130264258
306.08103 11.419 0.5406824420 0.0017549683
145.06186 0.91 0.5460934877 0.0168309730
315.04162 10.418 0.5460934877 -0.0021048586
96.04426 4.377 0.5460934877 -0.0048619731
440.29200 12.712 0.5460934877 0.0260538228
583.16022 8.649 0.5460934877 0.0020665338
695.42517 12.546 0.5460934877 0.0418790549
640.16250 9.308 0.5460934877 0.0918085262
778.20494 9.657 0.5515312419 -0.0503343141
258.91731 1.113 0.5515312419 0.0265664644
286.20103 9.535 0.5624859443 0.0096972093
101.05956 10.514 0.5624859443 0.0217176788
316.04490 10.475 0.5624859443 -0.0018688047
127.05112 0.93 0.5624859443 0.0391277839
87.05520 0.896 0.5624859443 0.0884167727
635.06930 10.43 0.5680024150 -0.0002296742
726.82403 0.698 0.5735446393 0.0132408566
582.15797 10.491 0.5791123670 0.0053603406
157.06169 4.523 0.5791123670 0.0756426534
412.86265 1.253 0.5791123670 -0.0035148936
245.07683 8.42 0.5791123670 -0.0077848479
295.12886 9.271 0.5791123670 -0.0233730558
173.09307 1.007 0.5791123670 -0.0476993765
725.33099 11.1 0.5847053433 0.0044753459
188.94916 1.43 0.5847053433 0.0429928710
166.05314 0.939 0.5903233089 0.0777239357
370.07339 6.623 0.5903233089 0.0656474311
267.84787 4.643 0.5903233089 0.0168844430
147.07632 5.289 0.5903233089 0.0349438926
250.17998 7.782 0.5903233089 0.0121356395
426.21226 8.517 0.5903233089 0.0150594679
417.03007 9.815 0.5903233089 -0.0232167942
257.09930 9.85 0.5959659999 -0.0355114155
198.12756 10.512 0.5959659999 -0.0098741843
100.07559 2.81 0.5959659999 0.0609569850
379.14947 11.1 0.5959659999 0.0700385486
582.15784 9.692 0.6016331482 0.0070268279
220.11785 6.676 0.6016331482 -0.0117732420
308.20098 9.244 0.6073244809 -0.0024957696
421.16730 12.055 0.6073244809 0.0326618988
88.03921 2.029 0.6073244809 0.0264451171
180.97290 1.07 0.6073244809 -0.0004425154
504.99520 10.63 0.6130397211 -0.0098537329
367.10513 0.988 0.6130397211 -0.0966144131
200.07224 9.616 0.6187785872 0.0049930714
317.05572 7.921 0.6187785872 -0.0151608559
367.10526 0.978 0.6187785872 -0.0966050944
131.54204 0.971 0.6245407936 0.1026641094
447.08203 1.032 0.6245407936 -0.0355078092
310.11444 1.452 0.6245407936 -0.0007488372
667.32529 0.715 0.6245407936 0.0492268914
217.04958 0.799 0.6245407936 0.0043553961
92.04305 1.438 0.6245407936 0.0264103107
257.09938 9.828 0.6303260501 -0.0365234076
336.85849 10.106 0.6303260501 -0.0144401035
276.00377 4.139 0.6303260501 0.0365725384
185.12834 7.4 0.6303260501 -0.1053463974
168.12290 3.516 0.6303260501 -0.0392171646
185.09192 7.552 0.6303260501 0.0337182240
191.08147 10.173 0.6361340626 -0.0160140600
176.10292 0.994 0.6361340626 0.0250626522
187.07130 10.882 0.6419645326 0.0329013768
246.97734 4.126 0.6419645326 0.0128744682
177.08678 6.573 0.6478171575 0.0140279693
360.96807 11.999 0.6478171575 0.0209856018
237.89749 2.487 0.6536916306 -0.0012105185
466.81659 1.86 0.6536916306 -0.0043402076
223.11742 8.987 0.6536916306 -0.0112239951
297.98564 9.851 0.6536916306 0.0166146185
379.19346 9.538 0.6655048744 0.0234644510
246.16996 5.941 0.6595876412 0.0652783437
210.13340 6.021 0.6655048744 -0.0090589679
553.88232 12.299 0.6655048744 0.0582851300
185.11830 12.558 0.6595876412 -0.0196315657
187.04184 1.45 0.6595876412 0.0359132033
783.81581 0.699 0.6655048744 -0.0244177837
152.03747 0.922 0.6655048744 0.0212840134
146.11750 0.877 0.6655048744 0.0149673870
164.95691 2.482 0.6655048744 0.0236815855
396.03459 4.792 0.6655048744 0.0016166226
177.11198 6.256 0.6655048744 0.0068701583
447.89196 1.202 0.6655048744 -0.0315435243
397.11301 1.167 0.6714430115 -0.0110912684
226.95144 0.643 0.6714430115 0.0230081598
231.08377 4.726 0.6714430115 -0.0188865875
129.06569 0.987 0.6714430115 -0.0004301457
344.22801 9.105 0.6714430115 -0.0020759790
307.11085 12.348 0.6714430115 0.1079519513
446.29603 10.761 0.6774017300 0.0066528102
318.05966 8.714 0.6774017300 0.0548284836
189.08695 10.311 0.6774017300 0.0374028345
228.12846 0.972 0.6833807032 0.0108386494
132.99174 11.641 0.6893796009 0.0010817755
508.08591 1.012 0.6893796009 0.0267516399
307.85583 8.541 0.6893796009 -0.0149565644
698.16820 9.398 0.6953980889 -0.0113928074
315.04161 9.833 0.6953980889 -0.0077305326
635.06932 10.199 0.6953980889 0.0040240004
129.06566 9.317 0.6953980889 -0.0326116943
489.16273 12.42 0.7014358296 0.0404128763
116.92850 11.957 0.7014358296 0.0522284256
137.04564 10.098 0.7014358296 0.0340094867
504.99519 10.333 0.7014358296 -0.0042966993
410.56647 0.991 0.7074924815 0.0191680440
298.18579 10.238 0.7074924815 -0.1314923387
104.07053 0.875 0.7074924815 0.0625240125
288.21670 9.624 0.7074924815 -0.0625515228
105.05448 1.968 0.7074924815 0.0395507865
209.13823 7.93 0.7074924815 0.0034363499
453.18585 12.336 0.7135676996 0.0914468266
473.97051 0.82 0.7135676996 0.0232987276
439.68412 3.58 0.7135676996 -0.0022606552
304.15421 10.089 0.7196611353 -0.0089939821
275.03886 11.955 0.7196611353 -0.0247556991
793.31830 11.544 0.7257724367 0.0170912365
165.01913 9.687 0.7380472112 0.0251177168
303.91345 1.715 0.7380472112 -0.0001885459
203.00457 1.459 0.7380472112 0.0683513089
150.12764 10.599 0.7380472112 0.0626018571
321.13092 8.71 0.7380472112 -0.0253378076
171.14906 0.951 0.7380472112 0.0387027497
318.22760 10.422 0.7442099636 0.0028049133
223.98822 12.487 0.7442099636 -0.0601776818
131.08129 8.998 0.7442099636 -0.0250131850
569.31421 11.238 0.7503891400 0.0045500397
139.53088 1.201 0.7503891400 0.0367081850
168.09294 7.024 0.7503891400 0.0414467802
226.12834 4.744 0.7565843719 -0.0501918732
409.08652 10.494 0.7627952879 0.0030620669
145.07600 11.109 0.7627952879 0.0605553131
145.07600 10.718 0.7627952879 0.0606384381
780.21936 9.632 0.7690215134 0.0099813212
551.22772 8.55 0.7690215134 0.0318830624
88.11195 0.79 0.7690215134 0.0803636456
524.15241 10.436 0.7752626707 0.0087154234
317.05589 8.206 0.7752626707 -0.0042203874
144.10184 1.135 0.7815183796 -0.0799996105
652.33835 11.955 0.7815183796 0.0762730035
193.09712 6.272 0.7815183796 0.0219498220
165.07559 2.494 0.7815183796 0.0028420160
330.91568 12.664 0.7815183796 0.0624590193
128.03523 4.581 0.7877882566 -0.0233128243
310.11444 1.459 0.7877882566 -0.0005569548
131.08142 4.505 0.7877882566 0.0351598067
138.05484 4.812 0.7877882566 -0.0202781407
530.20775 7.351 0.7940719157 0.0199595300
230.24769 11.321 0.7940719157 0.0061771744
190.92842 8.022 0.8003689683 -0.0034065947
211.14407 9.009 0.8066790231 -0.0766945341
117.09095 7.027 0.8066790231 -0.0011039202
169.09472 0.91 0.8066790231 0.0148449181
151.09639 3.899 0.8066790231 0.0298554991
159.05110 3.693 0.8130016861 -0.0844381345
584.16293 9.677 0.8130016861 0.0258177762
88.07559 0.78 0.8130016861 0.0261615280
177.10207 3.9 0.8130016861 0.0102624425
376.21774 9.262 0.8130016861 0.0211733691
382.14517 12.078 0.8193365610 0.0159760362
104.03526 0.832 0.8256832492 -0.0613163201
408.08248 9.042 0.8256832492 0.0050859809
188.16425 9.634 0.8256832492 0.0152779069
297.98584 10.886 0.8320413496 0.0099487300
119.08140 9.653 0.8320413496 0.0067414502
108.04423 11.408 0.8320413496 0.0437932903
199.10770 8.742 0.8320413496 -0.0019183243
272.95899 0.639 0.8320413496 0.0128520734
111.02014 10.424 0.8320413496 -0.0118413545
110.54142 0.75 0.8320413496 0.0152074345
147.07643 0.914 0.8384104588 0.0198245884
226.92738 2.457 0.8384104588 -0.0037057838
189.12341 0.99 0.8384104588 0.0103154833
73.07600 9.618 0.8384104588 -0.0097392557
459.28007 10.076 0.8384104588 -0.0026294862
271.09953 11.391 0.8447901715 0.0183733451
111.02000 9.054 0.8447901715 0.0075322148
171.09920 7.29 0.8511800801 0.0003203575
180.10164 9.656 0.8511800801 0.0080943197
242.28430 9.88 0.8511800801 0.0321109374
228.99405 11.33 0.8575797752 -0.0079931432
320.13331 1.017 0.8639888451 -0.0022277698
401.15295 10.707 0.8639888451 -0.0064607806
162.07700 0.889 0.8639888451 -0.0041563739
449.30468 12.874 0.8639888451 0.0823604312
346.00940 8.557 0.8704068766 0.0050293198
227.03508 9.688 0.8768334547 -0.0029750152
132.03019 2.166 0.8768334547 0.0254638351
279.13378 10.427 0.8832681624 -0.0276560811
372.25923 10.504 0.8832681624 0.0106229051
255.82197 4.751 0.8832681624 -0.0117663116
196.09682 7.784 0.8832681624 0.0400696668
383.24276 12.069 0.8897105815 0.0013723078
166.08610 7.964 0.8897105815 0.0352122823
271.18060 10.852 0.8897105815 0.0117370836
317.05597 8.648 0.8897105815 -0.0132521767
196.09681 9.124 0.8897105815 0.0779375942
183.09899 6.515 0.8961602919 0.0168007864
191.98266 0.935 0.8961602919 0.0385455389
190.15486 1.3 0.8961602919 0.0039964465
331.17529 11.712 0.8961602919 -0.0187336482
382.34265 11.093 0.8961602919 0.0750053385
551.22836 9.747 0.9026168725 0.0399444718
200.54568 1.004 0.9026168725 0.0205626307
120.08070 7.05 0.9026168725 0.0167518190
635.06859 9.138 0.9090799003 0.0091490681
261.09446 1.214 0.9220236005 -0.0039883261
205.12233 10.874 0.9220236005 0.0306791807
269.02976 10.317 0.9220236005 0.0106738461
76.03924 0.818 0.9285034215 0.0272373431
315.04155 8.621 0.9285034215 -0.0184053007
564.35886 10.759 0.9349879868 0.0049099744
150.05492 9.579 0.9349879868 -0.0051325175
158.04011 0.897 0.9349879868 0.0254516956
146.93846 9.294 0.9349879868 -0.0148518594
476.30655 10.048 0.9349879868 -0.0036244512
220.14418 9.691 0.9349879868 0.0050450537
477.00025 10.29 0.9414768683 0.0072819460
303.20673 9.547 0.9414768683 0.0326512697
75.00862 7.446 0.9414768683 0.0020309168
236.22177 12.503 0.9414768683 0.0252628164
191.06606 11.966 0.9414768683 0.0956915780
204.15923 8.684 0.9414768683 0.0018348877
406.07755 8.931 0.9479696367 -0.0054831802
134.89444 9.219 0.9479696367 -0.0042315806
126.10252 0.936 0.9544658622 0.0147120396
201.02649 10.16 0.9544658622 -0.0526637353
225.04926 4.79 0.9544658622 0.0362939738
241.15468 4.688 0.9544658622 -0.0116339002
283.16937 12.138 0.9544658622 -0.0090962691
197.15340 12.767 0.9544658622 0.0450421419
71.06032 9.925 0.9609651141 -0.0050837783
133.09701 9.684 0.9609651141 0.0020605005
149.08072 5.991 0.9609651141 0.0236747532
87.04396 1.983 0.9609651141 -0.0108320723
426.21209 8.442 0.9674669611 0.0049638871
267.17197 12.682 0.9674669611 0.0415967019
102.12759 12.537 0.9674669611 -0.0987859390
185.00655 4.81 0.9674669611 0.0260316600
396.45639 11.969 0.9674669611 -0.0242795293
101.07077 0.99 0.9674669611 -0.0169722844
168.07780 1.032 0.9739709716 0.0460873853
177.10193 10.234 0.9739709716 -0.0024097042
147.11266 1.298 0.9739709716 0.0417562085
91.05396 9.695 0.9739709716 0.0098580773
635.06921 9.54 0.9739709716 0.0031782130
145.12218 6.4 0.9804767134 0.1375352871
315.04139 9.462 0.9804767134 0.0153955099
415.54919 1.007 0.9804767134 -0.1023273724
78.91870 3.875 0.9804767134 0.0405633174
396.31046 11.517 0.9869837539 0.0839528511
207.14903 10.244 0.9869837539 -0.0078228252
272.17023 7.569 0.9934916604 0.0061764427
88.07560 1.067 0.9934916604 0.0012151331
211.08237 1.037 0.9934916604 0.0265232782
107.07014 1.305 0.9934916604 -0.0252244547
352.16861 12.568 1.0000000000 0.0409318332
133.08579 6.236 1.0000000000 -0.0261060837
266.08820 1.001 1.0000000000 -0.0175917185
