"m.z" "r.t" "p.value" "t.score"
116.92850 12.983 0.0000095367 1.4012222837
321.89751 4.849 0.0000057220 1.2708689792
263.12129 11.682 0.0000038147 0.0000000000
185.03049 9.821 0.0000057220 -0.0381662444
291.20673 10.714 0.0000095367 1.3889421054
326.23230 10.263 0.0000095367 -1.7748330953
174.04068 9.047 0.0000095367 1.1085544344
101.01674 5.642 0.0000095367 0.4876635897
348.10080 8.211 0.0000095367 -27.9924403237
261.18080 11.062 0.0000095367 4.1075872608
297.09353 5.148 0.0000095367 3.8675359207
279.11598 10.313 0.0000019073 -0.1019941494
307.11093 11.428 0.0000038147 0.1471374349
270.08905 11.955 0.0000038147 -0.1207518095
253.05434 6.017 0.0000038147 0.5222687786
464.08922 11.123 0.0000019073 -0.3470731914
264.12424 11.817 0.0000095367 0.0000000000
305.09646 11.916 0.0000038147 -0.1270885912
307.11092 12.054 0.0000095367 -0.4811442266
233.10721 6.699 0.0000095367 -0.1607084218
343.12322 5.46 0.0000095367 0.9790801456
229.05791 5.313 0.0000133514 0.2657705702
295.07913 5.605 0.0000133514 0.2288475939
279.11602 12.082 0.0000133514 0.7877258801
239.12775 12.444 0.0000190735 -0.1340123744
307.24774 12.579 0.0000190735 -0.2078553876
289.15454 10.891 0.0000190735 1.8395034621
275.21163 9.852 0.0000267029 1.5200199053
387.28674 11.884 0.0000267029 -0.1043920744
191.99763 10.928 0.0000267029 0.4757345185
207.14907 8.611 0.0000362396 0.1554842347
305.22233 11.03 0.0000362396 0.3760126550
289.22728 9.974 0.0000629425 0.8959577419
203.01723 1.563 0.0000629425 -0.3573715543
187.08647 12.053 0.0000629425 0.3304001579
365.10535 5.437 0.0000820160 0.4208614023
135.02986 1.549 0.0001049042 -0.3910514837
160.84199 11.608 0.0001049042 0.1567466799
155.15427 5.154 0.0001049042 -0.1811741776
346.08652 8.44 0.0001335144 -0.7702227386
144.06544 5.699 0.0001335144 -0.2226635591
416.35181 10.38 0.0001678467 -0.1079808264
377.91489 4.919 0.0001678467 0.3071160196
174.14874 8.541 0.0001678467 -27.2747193022
273.15962 10.88 0.0001678467 0.6484552292
115.07521 4.193 0.0002613068 0.1772873319
415.25378 9.765 0.0002613068 -0.0277196874
237.12318 6.91 0.0003223419 -0.0624833440
182.10223 1.084 0.0003223419 -0.2228458491
269.08932 8.607 0.0003223419 -0.2610029563
427.21881 10.726 0.0003223419 -0.2181244642
176.12800 11.055 0.0003223419 0.8813857007
285.97708 9.15 0.0003223419 0.2752439801
506.20748 7.308 0.0003948212 1.0632003701
445.81506 12.734 0.0003948212 0.0000000000
480.00681 6.217 0.0003948212 0.2314902662
333.09137 11.511 0.0004825592 -0.1396027035
144.06298 0.713 0.0004825592 -0.1044047526
414.33618 10.38 0.0004825592 -0.1946885767
262.18017 8.577 0.0005855560 -0.0665914242
440.22751 8.348 0.0007076263 0.5311469977
347.84913 2.085 0.0007076263 -0.5903643294
98.98413 2.329 0.0007076263 -0.0986121890
278.17495 7.936 0.0007076263 -0.0485431341
335.19002 11.609 0.0007076263 0.4298868335
647.41104 12.469 0.0007076263 -0.1443885584
289.06771 9.654 0.0008506775 -27.8518405837
276.10116 7.893 0.0008506775 26.1447181791
604.13812 8.48 0.0008506775 0.8887830140
288.00378 4.675 0.0010166168 29.1209206203
242.13058 8.916 0.0010166168 0.0000000000
186.07591 5.789 0.0010166168 -0.1201208772
146.05992 10.774 0.0010166168 -0.1710039587
276.11887 5.255 0.0010166168 -0.2505708554
250.17998 6.152 0.0012092590 -0.0672986310
379.14916 11.813 0.0012092590 -0.0931028639
250.18018 7.42 0.0012092590 -0.1170574923
287.07730 9.604 0.0012092590 0.4198144564
691.06024 9.046 0.0014324188 0.3448566548
96.96958 2.479 0.0014324188 -0.2548384034
196.14204 0.68 0.0014324188 -0.0760956674
290.13863 10.97 0.0014324188 0.0000000000
228.07861 8.707 0.0016899109 -0.3647751132
219.07628 10.787 0.0019855499 -0.2575123840
317.14938 10.984 0.0019855499 0.1112161849
612.88161 0.614 0.0023250580 -0.1945997801
219.13381 10.095 0.0023250580 1.6347360098
360.02505 8.292 0.0023250580 -0.1073865773
266.06696 10.05 0.0023250580 -1.8599223700
240.15945 8.688 0.0023250580 -0.1558593246
245.16055 5.096 0.0023250580 -0.1771955627
172.09674 10.106 0.0027122498 0.8958689611
174.12357 5.985 0.0027122498 0.2384217211
371.17238 10.818 0.0027122498 0.5513502041
99.51218 7.619 0.0027122498 -0.0610537182
268.15443 8.687 0.0027122498 0.0000000000
209.06651 1.5 0.0027122498 -0.2600341682
370.07357 5.901 0.0031528473 -0.2426488808
172.07175 9.946 0.0031528473 0.1887515830
211.10753 8.605 0.0036544800 0.3647814571
150.02283 0.922 0.0036544800 -0.7377367224
309.12663 11.904 0.0036544800 0.1947981908
323.19003 11.58 0.0036544800 0.3735776177
290.13862 11.042 0.0036544800 0.0000000000
217.04941 1.246 0.0036544800 -0.4744172561
158.11745 10.092 0.0036544800 0.7851093003
294.20617 9.687 0.0036544800 -0.0762459804
272.17023 7.569 0.0042209625 -0.0925722447
324.99643 2.073 0.0042209625 0.3267331615
333.14431 9.911 0.0042209625 -0.1394815833
226.09353 10.051 0.0042209625 0.0916027244
247.08243 10.759 0.0042209625 -0.4986588337
344.22801 9.105 0.0042209625 -0.0023021953
220.98079 11.494 0.0042209625 0.0000000000
344.22784 9.107 0.0042209625 -0.0050462663
237.08688 10.308 0.0048599243 -0.3949520258
335.22869 10.076 0.0048599243 0.8993700074
167.09123 2.306 0.0048599243 -0.0928649531
310.20133 9.1 0.0048599243 -0.0761816774
575.39459 12.631 0.0055809021 -0.0908546613
237.08701 10.015 0.0055809021 -0.1738562107
293.09537 12.356 0.0055809021 -0.0635573405
377.91455 5.802 0.0055809021 -0.0498926746
447.89196 1.202 0.0063896179 -0.1359155309
572.35541 12.497 0.0063896179 23.8566541950
137.04578 8.857 0.0063896179 -0.1031719523
307.11091 10.806 0.0063896179 -0.0863250087
356.24298 12.717 0.0063896179 -0.0799070750
176.10292 0.994 0.0063896179 -0.2393976722
549.21370 9.63 0.0063896179 -0.3910540354
290.15961 6.066 0.0063896179 0.7032799553
308.18542 9.698 0.0063896179 -0.0304747818
258.11248 9.938 0.0072956085 -0.0340184153
412.19637 8.44 0.0072956085 -0.1313639792
490.28535 11.201 0.0072956085 0.7486838925
281.07666 10.459 0.0072956085 -0.2356551074
353.16799 1.006 0.0072956085 0.1543530636
172.09669 9.97 0.0072956085 0.4987860659
302.01938 5.534 0.0072956085 0.5449589735
426.21226 8.517 0.0083084106 -0.0621364280
233.09932 6.804 0.0083084106 0.4458336035
384.12233 6.947 0.0083084106 -0.0291496097
672.85934 0.671 0.0083084106 -0.0990924589
575.39471 12.566 0.0083084106 -0.0856654677
101.02432 0.988 0.0083084106 0.0995727691
206.02797 12.026 0.0083084106 0.2493193375
327.93213 5.808 0.0083084106 -0.0271248049
250.17998 7.782 0.0083084106 -0.1014963315
161.04539 1.564 0.0094356537 0.2739634120
132.10186 1.065 0.0094356537 -0.4579650424
432.27996 10.695 0.0094356537 0.0000000000
162.83902 11.979 0.0094356537 -0.1037781343
428.05961 8.554 0.0106887817 0.6523429461
165.07559 2.494 0.0106887817 -0.6312556638
119.52785 7.619 0.0106887817 -0.3077831956
305.14947 10.889 0.0106887817 0.1646969183
260.16772 11.756 0.0106887817 -0.3145231738
209.06660 1.251 0.0120792389 -0.3357893173
283.01366 7.055 0.0136165619 -0.1241174139
139.03992 10.477 0.0136165619 0.1807990315
209.09206 9.067 0.0153121948 -0.0326908544
269.08780 10.595 0.0153121948 0.0994133693
286.20103 9.535 0.0153121948 0.3604635947
145.06186 0.91 0.0153121948 -0.1599205580
233.16465 9.864 0.0153121948 0.2192567654
353.26603 0.658 0.0153121948 -0.0935955997
408.08248 9.042 0.0153121948 -0.1482172046
508.01346 5.713 0.0153121948 0.0901446512
256.10980 7.843 0.0171813965 -0.0367095086
338.11688 6.931 0.0171813965 -0.0308844611
241.08692 11.965 0.0192337036 -0.3909534775
332.24300 9.924 0.0192337036 -0.1490018951
215.17541 7.058 0.0214843750 -0.0576221528
222.99521 11.996 0.0214843750 -0.0340187582
167.08539 12.572 0.0214843750 -0.3095435940
133.10515 1.114 0.0214843750 -0.4406597377
255.09499 7.907 0.0214843750 0.1590346162
176.06577 1.113 0.0214843750 -0.3865176094
111.52172 12.498 0.0214843750 -0.3733453970
321.89743 5.763 0.0239505768 -0.0430605219
275.05621 0.754 0.0239505768 -0.1016300302
255.13494 9.538 0.0239505768 0.2945895936
256.01510 9.976 0.0239505768 -0.1761201340
106.04982 0.84 0.0266418457 -0.2180242432
161.09203 4.717 0.0266418457 0.2236068040
410.56647 0.991 0.0266418457 -0.1282164025
253.11829 6.707 0.0266418457 -0.0479443560
246.97734 4.126 0.0266418457 -0.2794365860
119.03487 0.991 0.0266418457 0.0567739367
209.03017 5.657 0.0266418457 28.3751802741
277.15562 9.231 0.0266418457 0.1880926663
219.12255 11.03 0.0266418457 0.0000000000
398.32649 11.304 0.0266418457 -0.4491526331
180.06532 8.396 0.0266418457 -0.3168048794
321.89737 5.269 0.0266418457 0.1247260038
333.11538 10.392 0.0266418457 1.1589040398
344.20657 10.379 0.0266418457 0.1837908379
205.06813 0.998 0.0266418457 0.1275817435
243.13377 10.443 0.0295753479 0.2692410816
111.02003 12.66 0.0295753479 -0.4593365869
223.96317 2.425 0.0295753479 -0.1289578218
204.01919 9.981 0.0295753479 -0.0413701217
417.03007 9.815 0.0295753479 -0.0673028253
238.09924 7.85 0.0295753479 -0.0318242023
270.19113 8.84 0.0295753479 -0.0201858448
115.03993 0.99 0.0327682495 0.0469055798
163.09646 8.511 0.0327682495 -0.0032879100
99.04488 1.009 0.0327682495 0.3165380122
86.09628 1.047 0.0327682495 -0.4649469881
86.09634 1.065 0.0327682495 -0.4692430356
118.08623 0.915 0.0327682495 -0.1895301705
397.11301 1.167 0.0327682495 -0.1090816068
166.94304 3.234 0.0327682495 -0.0761153178
168.09294 7.024 0.0327682495 -0.2001982423
248.96050 0.661 0.0327682495 -0.0815112980
161.04543 0.992 0.0327682495 0.0668511488
85.07597 9.659 0.0327682495 -0.1247011398
165.06909 3.268 0.0327682495 -0.0821154672
95.01369 0.988 0.0327682495 0.0940867164
146.96100 1.206 0.0327682495 -0.1816716906
311.00842 7.066 0.0327682495 -0.1238328747
165.01160 11.331 0.0327682495 0.2454088631
208.09662 10.549 0.0327682495 0.1080993517
617.28564 8.799 0.0362339020 0.1802883706
272.94442 0.605 0.0362339020 -0.0428623725
209.13823 7.93 0.0362339020 -0.1127917540
328.16675 10.866 0.0362339020 0.1231339526
405.01419 1.275 0.0362339020 -0.2361370248
515.56788 1.001 0.0399894714 -0.2278866097
272.13379 2.368 0.0399894714 0.2533772583
118.06085 1.015 0.0399894714 -0.2927244650
156.07664 1.417 0.0399894714 0.2120074283
247.07118 11.161 0.0399894714 -0.1530504980
102.95671 8.75 0.0399894714 -0.2089960207
105.01920 1.397 0.0399894714 -0.0977677894
261.14441 5.814 0.0399894714 -0.3556172360
793.36499 8.806 0.0399894714 0.1498384620
320.20668 12.357 0.0399894714 -0.1024072575
111.08028 10.089 0.0399894714 0.2444852679
159.07629 1.01 0.0399894714 -0.2893708431
286.20099 9.676 0.0399894714 0.4037066578
145.08582 10.901 0.0399894714 0.7704993279
181.07165 0.988 0.0399894714 0.1959746082
345.07272 11.44 0.0399894714 0.0917430080
406.07755 8.931 0.0440540314 -0.1283598534
196.09681 9.124 0.0440540314 -0.2631893055
119.08140 9.653 0.0440540314 -0.1356995705
235.12873 7.948 0.0440540314 0.2314581204
451.21470 10.875 0.0440540314 0.1179106477
447.08203 1.032 0.0440540314 -0.2889367084
295.12886 9.271 0.0440540314 -0.0956305714
316.94798 0.643 0.0440540314 -0.0754648104
302.01923 4.916 0.0440540314 0.2236180177
189.08795 4.9 0.0440540314 4.2752710761
221.15347 12.88 0.0484409332 -0.2808000028
203.05259 1.204 0.0484409332 0.1752497436
269.12445 6.202 0.0484409332 -0.1086391070
197.80798 4.227 0.0484409332 0.1445261014
471.19640 11.271 0.0484409332 -0.7941440268
461.80297 1.263 0.0484409332 -0.1625326534
125.02431 1.208 0.0484409332 0.1204410152
689.95621 12.574 0.0484409332 -0.1720319093
207.07621 8.806 0.0484409332 0.4687431789
407.18846 10.548 0.0484409332 0.4779023180
278.19036 9.315 0.0531692505 -0.1078485748
175.09635 5.995 0.0531692505 -0.0673132409
72.08071 0.917 0.0531692505 -0.1598190531
349.08928 10.373 0.0531692505 0.2078510844
360.96807 11.999 0.0531692505 -0.0222617450
258.10995 0.974 0.0531692505 -0.2744900208
345.07263 11.048 0.0531692505 0.3435003264
217.03298 1.411 0.0531692505 -0.1571772373
233.07664 7.143 0.0531692505 0.1024961382
196.09662 9.84 0.0531692505 0.0697618770
220.11785 6.676 0.0582580566 -0.2645030874
450.01277 1.949 0.0582580566 0.3960776041
102.01944 2.648 0.0582580566 0.1841667438
146.08114 0.943 0.0582580566 -0.0810941328
131.03477 0.991 0.0582580566 0.0800977224
205.10695 10.206 0.0582580566 -0.2074955192
356.24314 11.873 0.0582580566 0.0187979498
199.10043 1.206 0.0582580566 0.1356371967
143.03486 0.991 0.0637226105 0.0266661820
131.08252 0.985 0.0637226105 -0.4286597167
409.08652 10.494 0.0637226105 -0.1629197846
143.03486 0.991 0.0637226105 0.0266661820
151.06264 11.301 0.0637226105 0.1253138776
217.11826 7.86 0.0637226105 0.1972099754
157.06169 4.523 0.0637226105 0.1675959750
185.12834 7.4 0.0637226105 -0.2194614671
73.06475 7.028 0.0637226105 0.0276617723
255.04329 11.107 0.0637226105 0.1229444457
143.03485 0.992 0.0637226105 0.0266661820
204.12297 0.92 0.0637226105 -0.4198043571
210.05015 7.025 0.0695800781 -0.1418199629
756.24129 8.822 0.0695800781 0.1886333117
136.04808 1.003 0.0695800781 -0.2773538888
264.17474 9.936 0.0695800781 -0.1603320877
175.04773 9.931 0.0695800781 -0.0784397290
196.09682 7.784 0.0695800781 -0.0480014240
486.24869 9.759 0.0695800781 -0.1343165714
159.07624 9.146 0.0695800781 -0.1789980314
127.05112 0.93 0.0695800781 -0.1367611214
207.12252 10.344 0.0695800781 0.5962126825
246.04396 9.126 0.0695800781 0.1004755411
113.02429 0.991 0.0695800781 0.0561729233
434.21735 8.685 0.0695800781 0.0638122770
363.16229 10.301 0.0695800781 0.1859876314
253.09279 5.964 0.0695800781 0.2012227658
275.03886 11.955 0.0695800781 -0.0811710456
81.52054 0.787 0.0758514404 -0.1760752126
325.17107 10.465 0.0758514404 -0.0364923708
248.16462 9.682 0.0758514404 -0.1191315149
210.06989 1.178 0.0758514404 -0.3305666770
205.12233 10.874 0.0758514404 -0.1245283652
374.59629 1.031 0.0758514404 -0.4970049517
210.05010 7.041 0.0758514404 -0.1417884209
240.11491 9.07 0.0758514404 -0.0912804361
307.14011 10.363 0.0758514404 -0.0874821218
111.02000 9.054 0.0758514404 -0.0702564884
382.14517 12.078 0.0758514404 -0.0856912466
146.06332 5.783 0.0758514404 -0.8548060573
232.05761 9.265 0.0758514404 0.4548949792
170.11762 6.354 0.0758514404 0.0858058870
177.14837 10.693 0.0758514404 -0.4938267172
129.06569 0.987 0.0758514404 -0.2246196360
296.95007 11.91 0.0825500488 -5.8219204138
264.09794 10.479 0.0825500488 -0.0994463212
126.10252 0.936 0.0825500488 -0.1133807845
313.01459 8.756 0.0825500488 -0.0274190637
314.18100 9.212 0.0825500488 -0.1706572871
348.89496 2.036 0.0825500488 0.0327113470
101.07077 0.99 0.0825500488 -0.1873232128
197.06686 8.384 0.0825500488 -0.0222777111
276.13611 4.661 0.0825500488 -0.0400598184
225.04926 4.79 0.0825500488 0.1065685811
160.13313 0.929 0.0825500488 -0.0851569970
120.08070 7.05 0.0896949768 -0.1493372905
793.36467 9.087 0.0896949768 0.2075027307
233.00668 11.007 0.0896949768 -0.1210396115
382.34265 11.093 0.0896949768 0.0535363927
168.07661 2.356 0.0896949768 1.8315033487
154.12262 4.195 0.0896949768 0.0757503689
321.13092 8.71 0.0896949768 -0.0287093118
166.05314 0.939 0.0896949768 -0.2983717376
226.92738 2.457 0.0896949768 -0.1243084656
265.15854 9.744 0.0896949768 -0.1307627559
314.18103 9.232 0.0896949768 -0.1590612324
186.11247 5.226 0.0896949768 0.0625602193
707.35472 0.668 0.0896949768 -0.1461224100
205.08168 1.646 0.0973072052 -0.0544515181
105.05448 1.968 0.0973072052 -0.7519419473
212.11807 9.798 0.0973072052 1.0398138298
437.93057 3.589 0.0973072052 0.1585295700
174.08828 0.997 0.0973072052 -0.4090111330
308.20093 9.228 0.0973072052 -0.2039853632
208.06134 11.426 0.0973072052 -0.0251068543
76.03924 0.818 0.0973072052 -0.1353328309
153.06571 9.803 0.0973072052 -0.1844052561
310.14136 10.22 0.0973072052 -0.1341607352
663.43469 12.755 0.1053981781 -0.3023854892
530.20775 7.351 0.1053981781 -0.0307280809
157.14146 7.82 0.1053981781 0.0338318328
223.98822 12.487 0.1053981781 -0.2303545038
331.09246 10.166 0.1053981781 -0.0639219677
208.10014 4.098 0.1053981781 -0.0226678131
426.35752 12.401 0.1053981781 -0.6054499373
317.05597 8.648 0.1053981781 -0.0811275807
314.18103 9.221 0.1053981781 -0.1695180253
206.10211 8.266 0.1139869690 0.0613057999
124.00731 0.904 0.1139869690 -0.0280447472
80.97482 3.003 0.1139869690 -0.0421691807
177.08678 6.573 0.1139869690 -0.0583744116
281.15950 9.565 0.1139869690 -0.0149146562
272.20084 10.484 0.1139869690 0.0847667288
279.01201 9.316 0.1139869690 -0.1297499402
261.14835 12.903 0.1139869690 3.4076272453
204.12289 1.12 0.1139869690 -0.3112921930
145.12218 6.4 0.1139869690 0.6579827738
706.32819 8.954 0.1139869690 0.5475048107
256.16943 9.741 0.1139869690 0.1703935959
113.09592 6.146 0.1139869690 0.5256638189
189.04672 0.935 0.1139869690 -0.1346081045
216.06872 8.046 0.1139869690 0.1666237981
444.99817 11.416 0.1139869690 -0.0063902804
524.15241 10.436 0.1139869690 -0.0863486319
130.08616 0.963 0.1139869690 -0.2663835299
349.60466 1.028 0.1139869690 0.0908520438
81.52049 1.948 0.1139869690 -0.0808122210
297.98584 10.886 0.1230926514 -0.0976391881
191.08138 10.787 0.1230926514 -0.0780463570
417.30441 12.205 0.1230926514 -1.0355699455
719.96772 12.469 0.1230926514 -0.1948355436
261.21717 11.699 0.1230926514 -0.0816240288
246.16996 5.941 0.1230926514 -0.1631121273
179.05607 7.974 0.1230926514 0.1940279357
131.08129 8.998 0.1230926514 -0.0923897398
181.06275 0.995 0.1230926514 0.1095817179
297.98564 9.851 0.1230926514 -0.0833582243
231.93167 11.489 0.1230926514 0.1752056858
189.12341 0.99 0.1230926514 -0.0800373151
379.97192 3.482 0.1230926514 0.0666179761
269.02976 10.317 0.1230926514 -0.0591440936
197.15340 12.767 0.1327266693 -0.0200073381
504.99519 10.333 0.1327266693 -0.0483359813
191.06619 1.892 0.1327266693 -0.0669718056
393.11557 10.785 0.1327266693 0.1181220010
164.95691 2.482 0.1327266693 -0.0134334602
526.33502 11.108 0.1327266693 -0.2874145222
209.94902 5.841 0.1327266693 -0.1152172622
311.15530 10.615 0.1327266693 0.0485597576
354.93174 12.592 0.1327266693 -0.2275569954
569.26508 11.514 0.1327266693 -0.0981610730
204.15923 8.684 0.1327266693 -0.0154865434
435.19839 11.83 0.1327266693 0.0855828498
92.52214 1.525 0.1327266693 -0.2470468641
112.98560 0.672 0.1327266693 -0.0445752496
184.04007 6.249 0.1327266693 -0.0967557169
476.30655 10.048 0.1327266693 -0.0035410717
289.06943 3.383 0.1327266693 0.0237802986
419.14191 9.659 0.1429061890 -0.1329764239
371.12243 11.684 0.1429061890 0.1414920248
348.98978 11.448 0.1429061890 0.1887643139
317.05572 7.921 0.1429061890 -0.0689596485
783.81581 0.699 0.1429061890 0.0990290021
229.15463 3.876 0.1429061890 -0.0578606625
78.91870 3.875 0.1429061890 -0.0783837976
147.07643 0.914 0.1429061890 -0.0587583264
199.06869 9.063 0.1429061890 -0.0945576111
652.35148 0.688 0.1429061890 -0.1352922530
263.17526 10.779 0.1536464691 0.2299935191
564.35886 10.759 0.1536464691 0.0044959245
102.95672 6.736 0.1536464691 -0.0470129177
210.13340 6.021 0.1536464691 -0.0261052869
377.14150 10.798 0.1536464691 0.9669653901
133.09701 9.684 0.1536464691 -0.0599653569
282.11969 8.251 0.1536464691 0.0068232933
264.19561 6.634 0.1536464691 1.2385514375
186.11234 2.243 0.1536464691 0.2531248050
518.83193 1.289 0.1536464691 -0.1943038659
239.09126 11.735 0.1536464691 -0.1022396534
199.06892 9.647 0.1536464691 -0.0943976236
336.85871 2.805 0.1536464691 -0.0412471145
152.05663 10.045 0.1536464691 0.1023696248
635.06930 10.43 0.1536464691 -0.0237722817
418.16272 8.633 0.1536464691 -0.0224928944
328.10279 10.232 0.1536464691 -0.0836999751
173.09307 1.007 0.1536464691 -0.0636859826
133.08570 7.047 0.1649570465 0.2892247525
169.09472 0.91 0.1649570465 -0.0512943882
493.13580 8.792 0.1649570465 0.2199005370
179.09351 9.273 0.1649570465 -0.0673077930
567.39009 0.618 0.1649570465 -0.0695152384
302.06729 10.869 0.1649570465 -0.0621101416
161.12841 1.01 0.1649570465 -0.0905650502
91.50454 9.41 0.1649570465 -0.0586855798
187.07130 10.882 0.1649570465 -0.0555286547
416.28513 11.536 0.1649570465 -0.3164191502
412.86265 1.253 0.1649570465 -0.0577673919
178.09031 10.06 0.1768531799 -0.1030757126
583.15175 9.301 0.1768531799 28.9600299001
221.05068 9.929 0.1768531799 -0.0926292494
640.16271 9.119 0.1768531799 0.2051640370
229.91606 11.99 0.1768531799 -0.0314222478
520.33185 10.388 0.1768531799 -0.0137975201
177.08682 8.887 0.1768531799 -0.1082230247
213.03271 11.009 0.1768531799 0.0283732552
317.05589 8.206 0.1893482208 -0.0811832529
108.04423 11.408 0.1893482208 0.0643908406
582.15788 10.23 0.1893482208 -0.1343931413
259.09244 5.411 0.1893482208 0.1009867478
322.94348 10.845 0.1893482208 -0.1024885633
308.20098 9.244 0.1893482208 -0.1168798166
388.25410 9.464 0.1893482208 -0.0097909315
445.07303 5.714 0.1893482208 0.0767614211
225.07557 11.622 0.1893482208 -0.0598673250
284.17018 9.876 0.1893482208 -0.1675416686
71.01366 1.245 0.1893482208 0.1078912675
149.04539 1.234 0.1893482208 0.0319382301
189.95895 3.192 0.1893482208 -0.0582674985
229.56251 1.002 0.1893482208 -0.1336326837
332.19155 8.904 0.1893482208 -0.0191388179
298.05252 1.172 0.2024497986 -0.0630850891
87.04396 1.983 0.2024497986 -0.3011069810
244.15546 11.136 0.2024497986 -0.0432001754
102.05483 8.933 0.2024497986 -0.1223063111
612.36945 9.954 0.2024497986 -0.0750343540
245.07683 8.42 0.2024497986 -0.0077897935
414.30011 11.739 0.2024497986 -0.1743459434
130.04974 4.011 0.2024497986 -0.0673672719
200.54568 1.004 0.2024497986 -0.1814591246
180.08653 1.783 0.2024497986 0.2189297230
209.10183 7.667 0.2024497986 -0.0975691174
204.05581 1.036 0.2024497986 0.0444784306
202.01221 0.86 0.2024497986 0.0601409477
159.07617 9.025 0.2024497986 -0.1097719887
508.35937 12.585 0.2024497986 -0.2692924358
102.95673 6.96 0.2024497986 0.0525571916
247.18027 8.894 0.2161674500 0.1648650769
211.14407 9.009 0.2161674500 -0.3206376312
172.13321 4.594 0.2161674500 0.0899676478
128.03523 4.581 0.2161674500 -0.0803418388
241.03105 1.001 0.2161674500 -0.1248746016
261.94159 4.797 0.2161674500 -0.1649083215
423.12576 9.396 0.2161674500 0.1060758175
188.94916 1.43 0.2161674500 0.1599715811
261.09446 1.214 0.2161674500 0.1651261130
252.12307 9.556 0.2161674500 0.1198788923
318.05966 8.714 0.2305126190 -0.0469419646
365.10514 4.803 0.2305126190 0.3657262502
226.08222 7.649 0.2305126190 0.0309436271
188.94906 1.465 0.2305126190 0.1623841966
152.03747 0.922 0.2305126190 -0.2909133835
117.06976 7.935 0.2305126190 -0.0386053766
227.03508 9.688 0.2305126190 -0.0521319116
287.10956 8.45 0.2305126190 0.1221325470
178.08377 9.047 0.2305126190 -0.0892648209
104.10691 0.751 0.2305126190 0.1484231707
239.14878 8.324 0.2305126190 -0.1169158778
388.87366 2.809 0.2305126190 -0.0217483527
90.50677 12.471 0.2305126190 -0.3545846604
217.06176 9.907 0.2305126190 -0.1992636370
179.09099 9.09 0.2305126190 -0.0851223707
352.16861 12.568 0.2454872131 -0.0008777666
199.96928 8.234 0.2454872131 -0.0861819561
147.05113 9.687 0.2454872131 0.0823161855
90.52582 0.761 0.2454872131 -0.0796465303
226.95144 0.643 0.2454872131 -0.0365667463
489.16273 12.42 0.2454872131 0.0032408847
195.11263 6.089 0.2454872131 0.1030115848
219.19531 12.438 0.2454872131 -0.3051170940
138.05484 4.812 0.2454872131 -0.2677406988
88.98779 8.834 0.2454872131 0.0000000000
193.09709 3.414 0.2454872131 0.0196292673
437.23557 9.826 0.2454872131 -0.0075204601
257.09938 9.828 0.2454872131 -0.0872416038
86.05991 1.918 0.2454872131 -0.0602853436
525.28825 10.405 0.2454872131 -0.0158566065
197.12844 8.684 0.2454872131 -0.0701704214
189.13456 6.238 0.2454872131 -0.0447758318
180.13815 10.712 0.2454872131 -0.0655711826
162.07700 0.889 0.2610988617 -0.2920466495
785.50444 12.594 0.2610988617 -0.0416449049
382.58487 0.991 0.2610988617 -0.0357770736
257.02774 4.803 0.2610988617 1.0315210621
314.23240 10.038 0.2610988617 -0.1951456020
198.09718 1.002 0.2610988617 0.1189901874
190.92835 1.975 0.2610988617 0.1937232154
504.99520 10.63 0.2610988617 -0.0138686349
307.16514 10.397 0.2610988617 0.1031299983
319.00836 0.533 0.2610988617 -0.0328750022
761.58417 12.508 0.2610988617 0.0000000000
665.37395 0.645 0.2610988617 -0.0962723990
140.07027 1.006 0.2610988617 -0.2260395715
105.03673 2.076 0.2610988617 0.0967510408
255.82195 4.296 0.2610988617 0.0964229181
140.07021 1.019 0.2610988617 -0.2139138739
778.20494 9.657 0.2610988617 -0.0975600584
227.89438 8.954 0.2610988617 -0.1378604100
175.05762 0.989 0.2610988617 -0.0940953573
582.15729 9.277 0.2773551941 -0.0561501549
667.32529 0.715 0.2773551941 -0.1696019573
583.16022 8.649 0.2773551941 -0.1080468718
145.04945 1.0 0.2773551941 0.1519613282
283.16937 12.138 0.2773551941 -0.1004124401
140.07022 1.01 0.2773551941 -0.2192981408
145.04935 0.994 0.2773551941 0.1519613282
257.11322 8.472 0.2773551941 0.0338822783
158.08099 7.879 0.2773551941 0.0507239613
412.30566 11.373 0.2773551941 0.0585238402
569.31421 11.238 0.2773551941 0.0464569227
104.07053 0.875 0.2773551941 -0.1419031588
269.08778 1.414 0.2773551941 0.1264179769
480.15680 12.825 0.2773551941 24.7201569079
165.01913 9.687 0.2773551941 0.0641511305
211.08237 1.037 0.2773551941 0.1379384413
640.16250 9.308 0.2773551941 0.1567435459
147.07632 5.289 0.2773551941 -0.0460499111
738.44891 12.651 0.2773551941 3.8813075262
699.36720 0.627 0.2773551941 -0.0850425250
161.96956 5.914 0.2773551941 -0.0291547987
114.06612 1.012 0.2942523956 -0.0327986178
440.02592 5.068 0.2942523956 0.0654089780
202.17990 9.685 0.2942523956 -0.0106306186
135.10161 5.036 0.2942523956 0.0126990821
207.14903 10.244 0.2942523956 -0.0128154680
310.11444 1.452 0.2942523956 0.0172512523
277.08920 2.364 0.2942523956 0.0261869068
91.00367 9.096 0.2942523956 0.0308083776
171.14906 0.951 0.2942523956 0.0172946004
189.14840 10.117 0.2942523956 -0.0744989020
173.10430 1.503 0.2942523956 -0.0291853309
195.99212 3.004 0.2942523956 -0.1195484352
244.07913 1.192 0.3117942810 0.0687340668
129.06566 9.317 0.3117942810 -0.0926902982
85.02931 0.991 0.3117942810 0.0580319437
180.08652 1.003 0.3117942810 0.1045069539
356.27935 11.065 0.3117942810 -0.1550117502
99.09158 0.871 0.3117942810 -0.2899913441
358.25885 9.566 0.3117942810 0.0635026380
324.19171 10.394 0.3117942810 0.0908220436
88.11195 0.79 0.3117942810 0.0681742432
182.98867 11.912 0.3117942810 -0.1276866995
76.07560 0.762 0.3117942810 0.1007424087
200.07224 9.616 0.3117942810 -0.0650931896
286.17993 9.975 0.3117942810 -0.0304851030
129.05452 7.943 0.3117942810 0.0359245349
324.09111 12.039 0.3117942810 0.1121360425
177.10193 10.234 0.3117942810 -0.0302434404
257.09930 9.85 0.3117942810 -0.0949890891
230.08427 9.943 0.3299827576 -0.0114995540
185.09192 7.552 0.3299827576 -0.3463370944
421.16730 12.055 0.3299827576 -0.0053569861
379.17993 11.998 0.3299827576 0.1160533777
459.28007 10.076 0.3299827576 -0.0048785123
185.11830 12.558 0.3299827576 -0.0448633996
176.12802 0.894 0.3299827576 -0.1713398083
255.82207 3.971 0.3299827576 0.0668852868
368.27930 10.977 0.3299827576 -0.0905575742
103.04006 2.128 0.3299827576 -0.1894456443
399.49400 1.286 0.3299827576 0.0393989828
315.04139 9.462 0.3299827576 -0.0646253828
256.93816 2.426 0.3299827576 -0.0142229980
175.11892 1.026 0.3299827576 0.0638803950
223.14409 9.125 0.3299827576 -0.0725796188
133.06070 0.894 0.3299827576 -0.1518317568
118.04970 3.758 0.3299827576 -0.0785166650
328.24829 9.581 0.3299827576 -0.0148461995
102.95673 5.012 0.3299827576 -0.0916179421
132.99174 11.641 0.3299827576 -0.0134541357
477.00025 10.29 0.3488101959 -0.0367301090
251.17527 9.996 0.3488101959 0.1083630497
297.98553 8.106 0.3488101959 -0.1117064916
635.06859 9.138 0.3488101959 -0.0331268643
101.02426 1.2 0.3488101959 0.0570997891
116.07153 0.909 0.3488101959 -0.2538593162
281.24847 0.429 0.3488101959 0.0037794531
276.00379 4.592 0.3488101959 0.0839140788
183.11264 6.732 0.3488101959 -0.1128949399
360.23904 9.879 0.3488101959 -0.0281763947
465.12645 12.602 0.3488101959 -0.3084400147
213.12320 2.188 0.3488101959 0.0489372036
314.34186 10.586 0.3488101959 0.0557961511
432.14178 9.674 0.3682765961 -0.0158499875
157.01166 1.778 0.3682765961 -0.0695221974
437.23540 10.424 0.3682765961 -0.2769859655
557.34613 12.217 0.3682765961 0.0222659727
206.10229 7.942 0.3682765961 0.3573974504
200.10289 1.337 0.3682765961 -0.0291839762
353.14236 11.998 0.3682765961 -0.0363058067
241.15468 4.688 0.3682765961 -0.0659794504
210.13344 8.407 0.3682765961 0.0400473096
420.92733 9.22 0.3682765961 -0.0672468762
88.03921 2.029 0.3682765961 0.0892064450
89.05965 3.335 0.3682765961 -0.0702396555
193.10697 8.321 0.3682765961 0.0413937158
180.05942 1.204 0.3682765961 0.0595307868
235.96117 3.8 0.3682765961 -0.0047931743
143.10651 6.511 0.3682765961 0.1295466466
205.06814 1.161 0.3883762360 0.1137061142
219.07643 9.969 0.3883762360 -0.0606096148
203.05251 1.003 0.3883762360 0.0008713978
363.06231 1.036 0.3883762360 -0.1349760906
705.32528 9.119 0.3883762360 0.1929213180
115.03881 4.262 0.3883762360 -0.0699723253
217.05670 5.627 0.3883762360 0.0091404004
726.82403 0.698 0.3883762360 -0.0848564619
120.06550 0.875 0.3883762360 -0.0951297611
203.05260 0.997 0.3883762360 0.0008713978
304.15421 10.089 0.3883762360 -0.0149056667
175.10759 1.012 0.3883762360 -0.2420951096
384.11905 1.015 0.3883762360 0.0772952806
138.05490 5.226 0.3883762360 -0.5553930572
236.58849 1.017 0.3883762360 -0.0314161045
139.53088 1.201 0.3883762360 -0.1107903256
255.04659 1.162 0.3883762360 -0.0942680819
191.98266 0.935 0.3883762360 -0.0692268499
272.95899 0.639 0.3883762360 -0.0086989431
445.11963 12.49 0.4090976715 -0.2854021003
179.05488 1.986 0.4090976715 0.0563575938
165.04176 12.772 0.4090976715 0.0230192700
104.03526 0.832 0.4090976715 -0.1443514837
89.02439 1.449 0.4090976715 -0.0302451755
323.14249 11.965 0.4090976715 0.1440881871
146.93846 9.294 0.4090976715 0.0756804853
272.07651 7.249 0.4090976715 -0.0325947937
231.07733 11.943 0.4090976715 0.0544827312
130.08608 3.859 0.4090976715 0.0230022688
258.15462 8.299 0.4090976715 0.0350970369
205.08172 2.444 0.4090976715 -0.1245804437
232.15429 4.856 0.4090976715 -0.1865055613
87.00860 1.205 0.4090976715 0.0536089134
725.33091 10.798 0.4090976715 0.0591488209
89.05968 2.623 0.4304332733 -0.0577082258
141.01566 3.755 0.4304332733 0.0801299432
177.11198 6.256 0.4304332733 -0.0272621065
242.98246 7.374 0.4304332733 0.1588225238
283.10376 10.507 0.4304332733 -0.0176715809
388.25419 9.449 0.4304332733 -0.0041094608
150.12764 10.599 0.4304332733 0.0481935898
150.05495 10.804 0.4304332733 -0.1323366818
300.20181 8.715 0.4304332733 0.0050871052
438.97194 1.517 0.4304332733 -0.0617371212
132.03019 2.166 0.4304332733 -0.1046842233
582.15797 10.491 0.4304332733 -0.0719919419
434.15768 9.106 0.4304332733 -0.0128516025
178.09029 4.179 0.4304332733 0.0787513248
88.04027 1.037 0.4304332733 -0.1747257359
258.91571 10.016 0.4304332733 0.0167738944
156.96584 6.254 0.4304332733 -0.0535511523
188.93295 2.197 0.4304332733 0.0266919793
272.16433 10.137 0.4304332733 0.1377063585
312.21699 8.835 0.4304332733 -0.1288789468
206.10339 0.808 0.4304332733 -0.1083165041
725.33099 11.1 0.4523754120 0.0628115982
182.08107 8.577 0.4523754120 0.0543001334
214.03322 0.96 0.4523754120 -0.0493055210
223.11742 8.987 0.4523754120 -0.3515918652
334.12581 1.044 0.4523754120 -0.0416959733
136.04800 1.494 0.4523754120 -0.1441922521
258.91731 1.113 0.4523754120 0.0229093954
190.92841 8.648 0.4523754120 -0.0559646143
281.02414 3.841 0.4523754120 0.0253377718
212.11265 2.743 0.4523754120 -0.0564283649
441.19742 11.281 0.4523754120 0.0774269080
90.52578 1.842 0.4523754120 -0.0310001127
134.04472 2.01 0.4523754120 0.0485850883
191.13902 0.914 0.4523754120 0.0692552042
296.20090 9.244 0.4523754120 -0.0101429685
146.93845 2.351 0.4523754120 0.0966223823
149.11722 7.029 0.4749050140 0.0122162879
160.93532 9.172 0.4749050140 -0.1089691453
127.03885 1.001 0.4749050140 0.1064879229
225.06165 1.205 0.4749050140 0.0548273927
85.02830 0.999 0.4749050140 0.0977776833
153.12730 10.118 0.4749050140 -0.1657187361
383.24276 12.069 0.4749050140 -0.0180362493
329.08807 11.946 0.4749050140 0.1489844754
487.03583 1.444 0.4749050140 0.0251942438
288.21670 9.624 0.4749050140 -0.1421426707
409.06754 1.095 0.4749050140 -0.0799879997
249.02274 11.666 0.4749050140 0.0344828695
276.14394 5.173 0.4749050140 0.1054437514
83.03866 0.637 0.4749050140 0.0950205139
396.31046 11.517 0.4749050140 0.1029130326
421.20432 9.899 0.4749050140 -0.0542699897
303.22939 0.639 0.4749050140 -0.0575830692
128.04530 10.421 0.4749050140 0.0577042525
509.38014 12.432 0.4749050140 0.0256469583
522.08875 9.141 0.4749050140 -0.0478640785
131.07020 9.176 0.4749050140 -0.0064834896
193.03524 2.468 0.4749050140 -0.1270535376
695.42517 12.546 0.4980087280 0.0228466953
165.11209 5.944 0.4980087280 -0.0320028792
245.09525 8.796 0.4980087280 0.0702294210
107.04896 8.69 0.4980087280 -0.0292176329
114.09122 5.331 0.4980087280 0.0439066185
721.86372 0.651 0.4980087280 0.0516163463
190.92839 9.84 0.4980087280 0.0318224648
187.04184 1.45 0.4980087280 0.0462851526
130.06211 1.029 0.4980087280 -0.1308622116
212.07631 2.342 0.4980087280 0.1463675173
110.54134 1.31 0.4980087280 -0.0498965389
198.04960 1.023 0.4980087280 -0.2286113532
102.95674 5.952 0.4980087280 -0.0116360909
149.08072 5.991 0.5216732025 -0.0500674702
171.02739 2.092 0.5216732025 -0.0912046576
247.03088 1.446 0.5216732025 0.0641839768
226.12834 4.744 0.5216732025 -0.0629524474
349.24438 10.041 0.5216732025 0.0933709208
128.04539 9.945 0.5216732025 0.0319391324
199.09645 9.587 0.5216732025 0.0479082419
127.03890 1.207 0.5216732025 0.0158596344
396.45639 11.969 0.5216732025 -0.0332695873
131.54204 0.971 0.5216732025 0.0820569974
96.04426 4.377 0.5216732025 -0.0041719262
190.92833 2.326 0.5216732025 0.1735022770
209.83365 4.953 0.5216732025 0.1323545021
297.04541 6.041 0.5216732025 -0.2033078883
635.06932 10.199 0.5216732025 0.0058759376
319.20160 9.052 0.5216732025 -0.0176853047
101.05956 10.514 0.5458755493 0.0158750225
233.87537 2.909 0.5458755493 -0.0410003174
79.51944 1.507 0.5458755493 -0.0134316427
187.87337 8.733 0.5458755493 0.0534680658
151.09639 3.899 0.5458755493 -0.0295486376
340.26912 12.54 0.5458755493 0.0868165966
267.84787 4.643 0.5458755493 0.0143252497
209.83377 4.275 0.5458755493 0.0459695172
180.01162 0.852 0.5458755493 -0.0713375152
137.04564 10.098 0.5458755493 -0.1982244304
386.29016 12.02 0.5458755493 0.0029467709
315.04161 9.833 0.5458755493 -0.0286479359
276.00377 4.139 0.5458755493 0.1101631833
698.16820 9.398 0.5458755493 -0.0071283168
331.95245 4.82 0.5458755493 -0.0652652349
180.97290 1.07 0.5458755493 -0.1103720624
231.93170 11.761 0.5458755493 0.0264660025
179.08727 9.381 0.5458755493 0.0640954649
133.08579 6.236 0.5458755493 -0.0073240656
317.14536 3.942 0.5458755493 0.1739279846
171.09920 7.29 0.5458755493 0.0063818842
206.10331 0.816 0.5458755493 -0.1078430540
146.11750 0.877 0.5458755493 -0.0301459202
507.57935 0.991 0.5458755493 -0.0747294027
705.32525 9.166 0.5458755493 0.1299275612
231.06209 9.352 0.5705966949 0.6837529629
189.08695 10.311 0.5705966949 -0.0171274263
418.95567 10.153 0.5705966949 -0.0854233543
71.06032 9.925 0.5705966949 -0.1649489374
372.25923 10.504 0.5705966949 0.0256551906
160.13321 5.706 0.5705966949 0.0824620124
307.11085 12.348 0.5705966949 0.0586361873
97.02831 0.999 0.5705966949 0.0879873015
187.99651 0.829 0.5705966949 -0.0438905598
199.10770 8.742 0.5705966949 -0.0692925052
302.23231 9.527 0.5705966949 -0.0863510080
189.12329 3.624 0.5705966949 -0.2270498130
111.02004 12.395 0.5705966949 0.0000000000
267.17197 12.682 0.5705966949 0.1087675209
199.03354 0.882 0.5705966949 -0.0295228866
187.87340 8.427 0.5705966949 0.0689118546
141.06581 4.488 0.5705966949 -0.0231371583
466.81659 1.86 0.5705966949 -0.0270893395
225.93234 3.726 0.5705966949 -0.0020560996
130.05081 0.9 0.5958194733 -0.0560765039
188.06636 9.702 0.5958194733 0.0679215999
361.18300 10.229 0.5958194733 0.1618544607
242.98224 6.978 0.5958194733 0.1361707180
235.07137 9.931 0.5958194733 -0.0406428764
179.08471 6.26 0.5958194733 -0.3830464691
101.07896 2.801 0.5958194733 -0.2285209291
385.90170 1.566 0.5958194733 -0.0926596955
194.92729 4.977 0.5958194733 0.0555475557
508.08591 1.012 0.5958194733 0.0109914057
265.11811 10.779 0.5958194733 0.2101953486
780.21934 9.608 0.5958194733 -0.0144762328
780.21936 9.632 0.5958194733 -0.0563182679
258.15450 8.641 0.5958194733 -0.0396707852
418.95567 10.374 0.5958194733 -0.0856843493
422.92822 10.675 0.5958194733 0.0435644939
221.05066 7.947 0.5958194733 -0.0735045450
215.86845 7.975 0.5958194733 0.0794811482
88.07559 0.78 0.5958194733 -0.0223358783
553.88232 12.299 0.5958194733 0.0125533983
111.02014 10.424 0.5958194733 -0.0150119165
203.04026 4.626 0.6215133667 0.0241692138
249.15572 1.016 0.6215133667 -0.0755579273
125.87298 8.404 0.6215133667 0.0818962177
242.02522 10.323 0.6215133667 0.0528427237
193.09712 6.272 0.6215133667 -0.0160862658
502.85944 1.678 0.6215133667 -0.0727931699
310.11444 1.459 0.6215133667 0.0052084764
117.08494 1.011 0.6215133667 -0.0928310264
322.12982 12.527 0.6215133667 0.2137731529
132.07667 1.015 0.6215133667 -0.0054123173
110.54142 0.75 0.6215133667 0.0086978438
326.70016 9.515 0.6215133667 -0.1117530593
239.01650 0.999 0.6215133667 -0.0462423280
608.38342 11.87 0.6215133667 0.0006086817
178.05854 1.363 0.6215133667 0.0254050082
195.05092 2.207 0.6215133667 -0.0284249902
239.01644 1.016 0.6215133667 -0.0476740550
237.89749 2.487 0.6476554871 -0.0578549666
190.92831 11.975 0.6476554871 0.0887771854
191.10249 10.256 0.6476554871 0.0613539681
177.10207 3.9 0.6476554871 0.0161785908
375.16199 11.717 0.6476554871 -0.0127849832
195.12266 6.237 0.6476554871 -0.0048019745
231.93157 9.376 0.6476554871 -0.0195340087
245.12827 10.024 0.6476554871 0.0506981526
108.94851 0.711 0.6476554871 -0.0333160832
229.56254 1.202 0.6476554871 0.0273019056
190.92842 8.022 0.6742229462 -0.0412993929
367.10526 0.978 0.6742229462 0.0664282174
173.92615 11.13 0.6742229462 0.0291733732
173.92616 11.435 0.6742229462 0.0213058168
349.10883 0.973 0.6742229462 -0.0080317091
201.03806 1.449 0.6742229462 -0.0170685617
266.08820 1.001 0.6742229462 0.0157797682
75.00862 7.446 0.6742229462 -0.0379897429
401.15295 10.707 0.6742229462 -0.0148420567
201.02649 10.16 0.6742229462 -0.0656817966
367.10513 0.988 0.6742229462 0.0664568758
158.04011 0.897 0.6742229462 0.0355823528
230.98854 11.635 0.6742229462 0.0059661640
480.15680 12.579 0.6742229462 -0.1337439391
271.09953 11.391 0.6742229462 -0.0053923807
309.18077 10.914 0.6742229462 0.0640719019
146.96129 2.582 0.6742229462 0.0868949129
190.15486 1.3 0.6742229462 0.0291478354
582.15784 9.692 0.6742229462 -0.0268354305
389.16269 10.288 0.6742229462 -0.0018619014
305.06317 10.048 0.6742229462 0.0315331143
158.09236 9.95 0.6742229462 -0.0006245772
437.29077 11.98 0.6742229462 -0.0510168742
793.31830 11.544 0.6742229462 -0.0391857504
116.07055 0.913 0.7011814117 -0.1222132916
317.18723 11.592 0.7011814117 0.0034259445
129.93629 10.623 0.7011814117 0.0271546615
198.12756 10.512 0.7011814117 -0.0012310170
471.24462 10.798 0.7011814117 0.0121108024
132.06535 4.662 0.7011814117 0.0329488171
100.07559 2.81 0.7011814117 -0.1850957918
227.17524 7.949 0.7011814117 -0.0260219035
203.04007 4.18 0.7011814117 0.0254615548
231.17020 3.973 0.7011814117 -0.0382583922
73.07600 9.618 0.7011814117 -0.0988261952
328.24808 10.663 0.7011814117 -0.2815137688
276.19543 8.459 0.7011814117 0.0105503756
379.19346 9.538 0.7011814117 0.1451894394
426.21209 8.442 0.7011814117 -0.0004772984
449.30468 12.874 0.7011814117 0.0695771527
228.99405 11.33 0.7011814117 0.0169020758
250.03838 8.012 0.7011814117 0.0378508697
279.13378 10.427 0.7011814117 0.0227973221
642.31799 0.711 0.7011814117 0.0095541862
92.04305 1.438 0.7011814117 -0.0310963293
320.13331 1.017 0.7011814117 0.0623245193
315.04155 8.621 0.7011814117 -0.1597302587
148.06036 0.977 0.7011814117 -0.0547968835
705.82720 8.883 0.7011814117 0.0162573838
231.08377 4.726 0.7011814117 -0.0411585931
473.97051 0.82 0.7285060883 0.0406810053
780.21894 9.092 0.7285060883 -0.0037625885
294.20602 6.275 0.7285060883 -0.0050014787
245.21099 11.725 0.7285060883 -0.0460589221
316.04492 9.022 0.7285060883 -0.1420704555
376.21774 9.262 0.7285060883 0.0058766149
154.06217 1.055 0.7285060883 -0.0376086904
145.07600 11.109 0.7285060883 0.0256708308
390.87042 6.254 0.7285060883 -0.2581972030
298.18579 10.238 0.7285060883 -0.1319174996
364.09756 6.636 0.7285060883 -0.0181844490
307.85583 8.541 0.7285060883 -0.0160560813
379.28156 0.626 0.7285060883 -0.0666591989
116.92850 11.957 0.7285060883 -0.0559151257
100.07559 1.37 0.7285060883 -0.0058244777
201.01679 2.458 0.7285060883 -0.2595435780
379.14947 11.1 0.7285060883 0.0061863930
269.08792 0.988 0.7285060883 -0.0364594450
131.04616 0.888 0.7285060883 0.0008763124
783.57184 12.247 0.7285060883 0.0607092236
181.05831 4.499 0.7285060883 0.0745878367
214.08938 9.197 0.7285060883 0.0006204944
102.12759 12.537 0.7561664581 -0.3229858749
439.68412 3.58 0.7561664581 -0.0005470196
168.12286 3.898 0.7561664581 0.0207390259
162.07594 1.02 0.7561664581 0.0513296971
480.85041 0.749 0.7561664581 0.0108668251
584.16293 9.677 0.7561664581 0.0172725936
463.48311 1.347 0.7561664581 0.0393520126
93.07378 0.817 0.7561664581 -0.0088964622
245.21100 12.02 0.7561664581 -0.1033515117
232.93500 9.648 0.7561664581 -0.0063026359
303.91345 1.715 0.7561664581 -0.0251167264
309.11905 9.619 0.7561664581 -0.0523065868
163.06002 1.001 0.7561664581 -0.0119661021
233.12847 10.953 0.7561664581 0.0365831130
242.98245 7.562 0.7561664581 -0.0361506638
182.98610 9.194 0.7841262817 0.0000000000
372.25891 11.165 0.7841262817 -0.0014473638
346.00940 8.557 0.7841262817 0.0144911315
279.17010 9.088 0.7841262817 0.0321607091
397.17136 10.833 0.7841262817 0.1223924623
315.04162 10.418 0.7841262817 -0.0178608580
277.11832 10.94 0.7841262817 -0.0917795131
264.07714 0.994 0.7841262817 0.0530776612
119.07014 6.478 0.7841262817 0.0113876709
170.15375 8.756 0.7841262817 -0.0037509172
635.06921 9.54 0.7841262817 0.0112875242
88.07557 0.874 0.7841262817 0.0048843748
632.05540 0.993 0.7841262817 0.0369930788
430.36731 0.756 0.7841262817 -0.0100318300
237.08673 7.957 0.7841262817 0.0149130341
711.06927 2.468 0.7841262817 -0.2450575072
310.99992 9.847 0.7841262817 -0.0221757343
187.94177 12.093 0.8123550415 -0.0146664130
102.95662 5.572 0.8123550415 -0.0125996573
446.29603 10.761 0.8123550415 0.0040082409
310.21667 9.245 0.8123550415 0.0020631383
291.20654 9.885 0.8123550415 0.0125176583
147.11269 2.171 0.8123550415 -0.0000373632
336.85849 10.106 0.8123550415 -0.0108889915
311.00018 10.361 0.8123550415 -0.0069006796
190.92841 8.49 0.8123550415 -0.0260414594
318.22760 10.422 0.8123550415 0.0112179581
178.08624 9.139 0.8123550415 -0.2361102237
183.07790 9.596 0.8123550415 0.0002064966
168.12290 3.516 0.8123550415 -0.0245656568
207.01410 0.908 0.8123550415 -0.0225415054
449.11725 0.993 0.8123550415 0.0281608209
331.17529 11.712 0.8123550415 -0.0643313490
437.21277 12.146 0.8123550415 0.1076752272
698.16849 9.637 0.8123550415 -0.0142735541
548.29046 12.305 0.8123550415 0.0920499870
111.02019 7.619 0.8123550415 -0.0008271320
145.07600 10.718 0.8123550415 0.0547902447
415.54919 1.007 0.8123550415 0.0032633466
229.11827 0.988 0.8123550415 -0.1422223080
279.18024 10.347 0.8408222198 -0.0019388885
88.07560 1.067 0.8408222198 -0.0273806347
241.10289 0.989 0.8408222198 -0.1315957764
134.89444 9.219 0.8408222198 -0.0427070887
269.13839 11.789 0.8408222198 0.0008773953
219.96644 7.563 0.8408222198 -0.0030383992
128.95069 2.586 0.8408222198 0.0264169474
174.95605 1.643 0.8408222198 0.0662793996
159.05110 3.693 0.8408222198 0.0133039012
118.05098 0.862 0.8408222198 -0.0389337183
160.07973 4.375 0.8408222198 0.0813769643
396.03459 4.792 0.8408222198 0.0188079522
487.28036 11.49 0.8408222198 -0.0094971391
83.03560 0.578 0.8408222198 0.0049172662
185.00655 4.81 0.8408222198 -0.3056152044
306.08103 11.419 0.8408222198 -0.0009881403
311.00024 10.987 0.8408222198 -0.0149759456
325.20100 11.795 0.8694877625 -0.0005917025
203.00457 1.459 0.8694877625 -0.0041545416
421.20414 10.379 0.8694877625 0.0834170290
83.53570 0.571 0.8694877625 0.0047702726
279.13399 9.833 0.8694877625 -0.0090303951
551.22836 9.747 0.8694877625 0.0193665589
242.28430 9.88 0.8694877625 -0.0244441305
659.33848 0.69 0.8694877625 -0.1117092201
117.09095 7.027 0.8694877625 0.0058830706
360.99793 9.63 0.8694877625 0.0067539586
230.24769 11.321 0.8694877625 -0.0010092124
397.15988 10.063 0.8694877625 -0.0181965215
487.62840 3.778 0.8694877625 -0.0422232234
311.00019 10.587 0.8983173370 -0.0040563598
188.16425 9.634 0.8983173370 0.0027037143
144.10184 1.135 0.8983173370 0.0363417710
522.20241 6.584 0.8983173370 -0.0352323765
91.05396 9.695 0.8983173370 0.0146792333
316.04490 10.475 0.8983173370 -0.0012753886
200.23726 9.743 0.8983173370 -0.0123235309
247.14414 10.417 0.8983173370 -0.2686705467
725.29382 9.519 0.8983173370 -0.0368120713
190.11859 1.167 0.8983173370 0.0265508423
145.09707 0.931 0.8983173370 -0.0551356412
190.92843 10.84 0.8983173370 0.0093670676
189.15960 1.36 0.8983173370 -0.0309394024
690.50885 12.897 0.8983173370 0.1152209723
126.97144 0.943 0.8983173370 -0.0609073324
150.05492 9.579 0.8983173370 -0.0133306911
370.07339 6.623 0.8983173370 0.0994756583
113.03080 1.937 0.8983173370 -0.1181534340
454.24306 9.525 0.8983173370 -0.0105562521
551.22772 8.55 0.8983173370 0.0408419911
294.14084 3.52 0.8983173370 -0.0977276624
97.02825 1.049 0.8983173370 0.0471414672
180.06885 1.005 0.8983173370 -0.0719305536
694.92303 12.344 0.8983173370 0.0422891191
131.08142 4.505 0.8983173370 0.0108189321
366.11176 6.382 0.8983173370 -0.0423859346
113.03078 1.938 0.8983173370 -0.1081639729
191.08147 10.173 0.8983173370 0.0074551888
387.11466 5.628 0.8983173370 -0.0410590644
166.08610 7.964 0.8983173370 -0.0007982158
169.97727 2.61 0.9272785187 0.0103728674
284.17015 9.68 0.9272785187 -0.1265089962
311.12905 0.991 0.9272785187 -0.1850159044
90.05492 0.83 0.9272785187 -0.0050932902
310.17598 10.833 0.9272785187 -0.1218838667
330.91568 12.664 0.9272785187 0.0401682446
146.08105 6.033 0.9272785187 -0.0158358216
427.09502 6.181 0.9272785187 0.0172629094
126.97134 0.92 0.9272785187 -0.0619781205
90.50687 7.619 0.9272785187 -0.0529042754
107.07014 1.305 0.9272785187 -0.0068185649
309.18085 10.921 0.9272785187 0.0258768330
340.13251 6.956 0.9272785187 -0.0191910138
255.82197 4.751 0.9272785187 -0.0444825906
228.99393 11.618 0.9272785187 0.0176316247
416.37491 11.688 0.9272785187 -0.0518498182
197.12923 6.244 0.9272785187 0.0007058449
261.12341 10.988 0.9272785187 -0.0335032639
271.18060 10.852 0.9563293457 -0.0190782279
201.98379 6.282 0.9563293457 0.0676148745
147.11266 1.298 0.9563293457 -0.0112549375
180.10164 9.656 0.9563293457 0.0050802330
303.20673 9.547 0.9563293457 -0.0116062080
85.02833 1.167 0.9563293457 -0.0434777448
236.22177 12.503 0.9563293457 -0.1771217995
132.99174 11.311 0.9563293457 -0.0111203215
439.28392 12.663 0.9563293457 0.1221395432
432.04721 8.318 0.9563293457 0.0449820082
220.14418 9.691 0.9563293457 0.0073716991
190.92842 5.012 0.9563293457 0.0152457386
191.06606 11.966 0.9563293457 0.0257926949
228.12846 0.972 0.9563293457 0.0045316196
258.12554 8.709 0.9563293457 0.0179279720
269.05336 10.389 0.9563293457 0.0251925818
243.75525 3.939 0.9563293457 0.0196589303
243.11284 11.056 0.9563293457 0.0436176359
342.26364 10.588 0.9563293457 -0.1142634707
91.05396 10.004 0.9854354858 -0.0043541608
487.30560 11.514 0.9854354858 -0.0233403222
172.20593 8.813 0.9854354858 0.0482707151
453.18585 12.336 0.9854354858 0.0472469298
173.09203 1.034 0.9854354858 0.0457441391
153.06584 9.4 0.9854354858 0.0396749691
401.24885 9.151 0.9854354858 0.0383895347
249.10805 2.365 0.9854354858 -0.1010977629
149.04551 1.551 0.9854354858 0.0108329140
632.05529 1.0 0.9854354858 -0.0026700761
612.85868 0.702 0.9854354858 -0.0129461708
168.07780 1.032 0.9854354858 0.0397195722
162.07595 3.034 0.9854354858 0.0164203162
315.04150 8.971 0.9854354858 -0.0096806023
440.29200 12.712 0.9854354858 -0.0021106943
209.83376 3.865 0.9854354858 0.0155676056
434.87184 1.655 0.9854354858 -0.1071934666
223.09228 0.991 0.9854354858 -0.0237316852
259.18052 10.234 0.9854354858 -2.5130704512
87.05520 0.896 0.9854354858 -0.0784431733
146.96114 0.743 0.9854354858 0.0237072603
419.04828 1.448 0.9854354858 -0.0876927084
217.04958 0.799 0.9854354858 0.0592676694
195.05086 2.523 1.0000000000 0.0066302349
290.26883 12.224 1.0000000000 -0.0985753651
458.98352 1.44 1.0000000000 0.0087149151
200.07205 9.032 1.0000000000 -0.0150206760
652.33835 11.955 1.0000000000 0.0222692701
183.09899 6.515 1.0000000000 0.0444362200
299.01967 4.218 1.0000000000 0.0429014160
