"m.z" "r.t" "p.value" "t.score"
146.11750 0.877 0.0312500000 0.0976931902
172.09674 10.106 0.0312500000 0.1989452552
172.09669 9.97 0.0312500000 0.1445240285
257.11322 8.472 0.0312500000 0.0162638378
370.07357 5.901 0.0312500000 0.1888846724
144.06298 0.713 0.0312500000 -0.0382131734
302.01938 5.534 0.0312500000 0.8349334297
272.16433 10.137 0.0312500000 0.0571756942
281.02414 3.841 0.0312500000 0.0279761725
233.09932 6.804 0.0312500000 0.1520896715
276.00377 4.139 0.0312500000 0.3824308161
279.11598 10.313 0.0312500000 -0.0401558660
141.01566 3.755 0.0312500000 0.0430636525
176.12800 11.055 0.0312500000 0.1998483559
705.32528 9.119 0.0312500000 2.3589914492
250.03838 8.012 0.0312500000 0.0330535348
348.10080 8.211 0.0312500000 0.0000000000
233.07664 7.143 0.0312500000 0.0625688683
253.05434 6.017 0.0312500000 0.1474991031
245.16055 5.096 0.0312500000 -0.0752018098
370.07339 6.623 0.0312500000 0.0559560792
99.51218 7.619 0.0312500000 -0.0227307846
187.08647 12.053 0.0312500000 0.0732738359
261.18080 11.062 0.0312500000 0.3314169804
86.05991 1.918 0.0312500000 -0.8758636343
793.36467 9.087 0.0312500000 1.4049213745
440.22751 8.348 0.0312500000 0.1575161722
582.15729 9.277 0.0312500000 0.6421942548
335.22869 10.076 0.0312500000 0.2092774584
793.36499 8.806 0.0312500000 0.8233804437
203.05259 1.204 0.0312500000 -0.1859481846
617.28564 8.799 0.0312500000 0.1811374767
604.13812 8.48 0.0312500000 0.3665953436
287.10956 8.45 0.0312500000 0.0674827687
235.12873 7.948 0.0312500000 0.0831550706
317.05572 7.921 0.0312500000 0.2105782748
255.09499 7.907 0.0312500000 0.0714129351
276.10116 7.893 0.0312500000 0.4899410183
119.52785 7.619 0.0312500000 -0.1832951378
188.06636 9.702 0.0312500000 0.0429632304
583.16022 8.649 0.0312500000 0.7051074727
104.07053 0.875 0.0312500000 0.3223680340
432.27996 10.695 0.0312500000 0.0000000000
322.12982 12.527 0.0312500000 0.0771504872
177.10207 3.9 0.0312500000 0.0247788065
239.09126 11.735 0.0312500000 0.0701300478
223.14409 9.125 0.0312500000 0.3047997266
191.13902 0.914 0.0312500000 0.0831503292
247.18027 8.894 0.0312500000 0.1094279241
221.15347 12.88 0.0312500000 -0.1757851658
240.15945 8.688 0.0312500000 0.4777092270
450.01277 1.949 0.0312500000 0.1159648910
251.17527 9.996 0.0312500000 0.0449573691
134.04472 2.01 0.0312500000 0.4453594827
298.18579 10.238 0.0312500000 1.8608432986
465.12645 12.602 0.0312500000 -26.5989973183
379.19346 9.538 0.0312500000 0.0837457826
208.09662 10.549 0.0312500000 0.0666785364
276.14394 5.173 0.0312500000 0.2597135026
172.07175 9.946 0.0312500000 0.0682227823
207.12252 10.344 0.0312500000 0.1823331131
230.08427 9.943 0.0312500000 0.0319667881
205.06814 1.161 0.0312500000 -0.0341761658
177.08678 6.573 0.0312500000 0.3582045583
289.15454 10.891 0.0312500000 0.2958502011
342.26364 10.588 0.0312500000 1.5135023266
240.11491 9.07 0.0312500000 0.2567064951
520.33185 10.388 0.0312500000 -0.0045481255
174.14874 8.541 0.0312500000 0.0000000000
219.13381 10.095 0.0312500000 0.2716271554
133.08570 7.047 0.0312500000 0.1019203522
291.20673 10.714 0.0312500000 0.3806318337
182.10223 1.084 0.0312500000 0.3199524686
169.09472 0.91 0.0312500000 0.4128225904
158.08099 7.879 0.0312500000 0.0767854298
196.09681 9.124 0.0312500000 0.4521234001
108.04423 11.408 0.0312500000 0.1240303370
277.08920 2.364 0.0312500000 0.0243149197
434.15768 9.106 0.0312500000 0.2523123629
170.11762 6.354 0.0312500000 0.0283148777
642.31799 0.711 0.0312500000 0.1018335023
290.13862 11.042 0.0312500000 0.0000000000
290.13863 10.97 0.0312500000 0.0000000000
307.11091 10.806 0.0312500000 -0.0280357583
158.11745 10.092 0.0312500000 0.1591508146
705.32525 9.166 0.0312500000 2.6194241732
101.01674 5.642 0.0312500000 0.0909330854
87.04396 1.983 0.0312500000 0.4370440661
297.09353 5.148 0.0312500000 0.2335449076
257.02774 4.803 0.0312500000 0.4956601453
518.83193 1.289 0.0312500000 0.3327812398
706.32819 8.954 0.0312500000 1.5661274230
71.01366 1.245 0.0312500000 -0.2327622664
345.07272 11.44 0.0312500000 0.0398892995
310.20133 9.1 0.0312500000 0.0439958745
154.12262 4.195 0.0312500000 0.1087261516
266.06696 10.05 0.0312500000 -27.1419234883
239.01644 1.016 0.0312500000 0.1076608828
239.01650 0.999 0.0312500000 0.1111742114
146.93846 9.294 0.0312500000 -0.2737683026
324.99643 2.073 0.0312500000 0.5536011863
214.08938 9.197 0.0312500000 0.0454189409
139.03992 10.477 0.0312500000 0.2763992854
231.07733 11.943 0.0312500000 0.0292389308
480.85041 0.749 0.0312500000 0.0173771443
333.09137 11.511 0.0312500000 -0.0431482768
356.24314 11.873 0.0312500000 0.0065323451
204.12289 1.12 0.0312500000 0.6770430700
691.06024 9.046 0.0312500000 0.6770064790
324.09111 12.039 0.0312500000 0.0389588459
427.09502 6.181 0.0312500000 0.2910510353
305.09646 11.916 0.0312500000 -0.0378616952
296.95007 11.91 0.0312500000 -2.2046770374
388.25419 9.449 0.0312500000 -0.0013145130
435.19839 11.83 0.0312500000 0.0415628476
388.25410 9.464 0.0312500000 -0.0032204605
88.07559 0.78 0.0312500000 -0.9806161919
229.05791 5.313 0.0312500000 0.0715270424
569.26508 11.514 0.0312500000 -0.1176312574
328.16675 10.866 0.0312500000 0.0550350455
371.17238 10.818 0.0312500000 0.1842319447
345.07263 11.048 0.0312500000 0.1645077865
315.04161 9.833 0.0312500000 -0.0512250929
419.14191 9.659 0.0312500000 -0.3107342455
168.07661 2.356 0.0312500000 1.6966221863
191.99763 10.928 0.0312500000 0.1251634920
256.16943 9.741 0.0312500000 0.0917658863
263.17526 10.779 0.0312500000 0.0898796005
705.82720 8.883 0.0312500000 0.1403509878
612.85868 0.702 0.0312500000 0.3210841628
307.11092 12.054 0.0312500000 -0.3027163270
279.11602 12.082 0.0312500000 0.1330207556
295.07913 5.605 0.0312500000 0.0721598185
300.20181 8.715 0.0312500000 0.0021101368
233.16465 9.864 0.0312500000 0.0741721231
264.12424 11.817 0.0312500000 0.9817565356
261.14835 12.903 0.0312500000 0.3295926437
111.08028 10.089 0.0312500000 0.0910410700
153.06584 9.4 0.0312500000 0.0179479257
273.15962 10.88 0.0312500000 0.2317701347
582.15788 10.23 0.0312500000 0.5762287925
308.20093 9.228 0.0312500000 0.2881991203
275.21163 9.852 0.0312500000 0.3468696508
147.05113 9.687 0.0312500000 0.0739959888
105.05448 1.968 0.0312500000 1.0930692990
263.12129 11.682 0.0312500000 1.7833426343
401.24885 9.151 0.0312500000 0.5494521629
133.09701 9.684 0.0312500000 0.5105348195
437.21277 12.146 0.0312500000 0.0451521706
88.03921 2.029 0.0312500000 0.3327215676
471.19640 11.271 0.0312500000 0.0000000000
131.08252 0.985 0.0312500000 0.3646724139
549.21370 9.63 0.0312500000 -0.3587175037
346.08652 8.44 0.0312500000 -0.5806761322
202.01221 0.86 0.0312500000 0.4915927281
189.08795 4.9 0.0312500000 1.2452099705
289.22728 9.974 0.0312500000 0.1534032419
95.01369 0.988 0.0312500000 0.0477653539
398.32649 11.304 0.0312500000 0.9864749684
258.91731 1.113 0.0312500000 0.1998993552
738.44891 12.651 0.0312500000 0.4701508503
476.30655 10.048 0.0312500000 -0.0009694431
279.17010 9.088 0.0312500000 0.1396223320
405.01419 1.275 0.0312500000 0.6623989755
264.19561 6.634 0.0312500000 0.1445898919
206.02797 12.026 0.0312500000 0.0882773587
332.24300 9.924 0.0625000000 0.3563480286
349.24438 10.041 0.0625000000 0.0450467067
115.03881 4.262 0.0625000000 -0.2102264031
216.06872 8.046 0.0625000000 0.0602226511
207.01410 0.908 0.0625000000 0.5133774383
167.08539 12.572 0.0625000000 -0.1425179044
159.07624 9.146 0.0625000000 0.4565385133
189.14840 10.117 0.0625000000 -28.5929660009
159.07617 9.025 0.0625000000 0.4588008973
203.04007 4.18 0.0625000000 0.5103489953
213.12320 2.188 0.0625000000 0.0761470894
199.06869 9.063 0.0625000000 0.2304506693
237.08673 7.957 0.0625000000 0.0582153746
177.08682 8.887 0.0625000000 0.5128462616
199.06892 9.647 0.0625000000 0.2302618718
179.09351 9.273 0.0625000000 0.5830526473
179.08727 9.381 0.0625000000 0.4616128730
698.16820 9.398 0.0625000000 0.4933479256
91.05396 9.695 0.0625000000 0.0393032347
91.05396 10.004 0.0625000000 0.0531903079
582.15797 10.491 0.0625000000 0.5493355561
151.06264 11.301 0.0625000000 0.0900990528
111.02004 12.395 0.0625000000 -30.5896576477
640.16271 9.119 0.0625000000 0.9443770559
647.41104 12.469 0.0625000000 -0.0650944127
689.95621 12.574 0.0625000000 0.1158904369
149.04551 1.551 0.0625000000 -0.3077906004
315.04162 10.418 0.0625000000 -0.0219506590
255.13494 9.538 0.0625000000 0.5816881838
227.89438 8.954 0.0625000000 -0.1605321954
321.89751 4.849 0.0625000000 0.2210919886
321.89737 5.269 0.0625000000 0.0447092810
285.97708 9.15 0.0625000000 0.2513123612
111.52172 12.498 0.0625000000 -1.3203139574
522.20241 6.584 0.0625000000 -1.0132887820
178.08377 9.047 0.0625000000 0.5149086585
551.22772 8.55 0.0625000000 0.6966101079
421.20414 10.379 0.0625000000 0.0660070996
319.20160 9.052 0.0625000000 0.3631792762
317.14938 10.984 0.0625000000 0.0387157863
158.09236 9.95 0.0625000000 0.0516067647
269.08780 10.595 0.0625000000 0.0897711712
119.07014 6.478 0.0625000000 0.2164661976
205.10695 10.206 0.0625000000 -1.0563300839
197.12844 8.684 0.0625000000 0.1292950762
178.09031 10.06 0.0625000000 0.5134989398
412.30566 11.373 0.0625000000 0.1494504342
211.14407 9.009 0.0625000000 0.6066054368
186.11247 5.226 0.0625000000 0.0434300124
640.16250 9.308 0.0625000000 0.7417907560
130.08616 0.963 0.0625000000 0.2369124524
564.35886 10.759 0.0625000000 0.0020769179
567.39009 0.618 0.0625000000 -0.3418282326
276.00379 4.592 0.0625000000 0.4351137274
288.00378 4.675 0.0625000000 1.2338258201
131.08129 8.998 0.0625000000 0.4940999000
149.08072 5.991 0.0625000000 0.5096869971
116.92850 12.983 0.0625000000 0.2332319663
178.09029 4.179 0.0625000000 0.2110898387
145.07600 10.718 0.0625000000 0.0203684991
221.05066 7.947 0.0625000000 0.3077692109
102.05483 8.933 0.0625000000 0.4414839614
314.18103 9.232 0.0625000000 -0.0504166662
318.05966 8.714 0.0625000000 0.1916102521
306.08103 11.419 0.0625000000 0.0787950852
320.13331 1.017 0.0625000000 -0.3794555910
246.16996 5.941 0.0625000000 0.2107692419
389.16269 10.288 0.0625000000 0.0402555096
426.35752 12.401 0.0625000000 1.8182319709
209.09206 9.067 0.0625000000 0.0299959866
179.09099 9.09 0.0625000000 0.5228478558
119.08140 9.653 0.0625000000 0.5180003269
128.04539 9.945 0.0625000000 0.0505263045
207.14907 8.611 0.0625000000 0.1648107424
186.11234 2.243 0.0625000000 0.3821757532
314.18103 9.221 0.0625000000 -0.0426119018
524.15241 10.436 0.0937500000 0.3318790602
288.21670 9.624 0.0937500000 0.6131750320
90.50687 7.619 0.0937500000 -0.0327747012
153.12730 10.118 0.0937500000 -0.3679087138
434.21735 8.685 0.0937500000 0.1189800348
245.21100 12.02 0.0937500000 -29.1745745587
307.24774 12.579 0.0937500000 -0.0804889059
428.05961 8.554 0.0937500000 0.9234923317
145.09707 0.931 0.0937500000 0.4563511455
191.10249 10.256 0.0937500000 0.1718425357
307.11085 12.348 0.0937500000 0.0512532335
302.23231 9.527 0.0937500000 0.3997155439
279.13378 10.427 0.0937500000 0.2978428809
276.19543 8.459 0.0937500000 0.0783757576
406.07755 8.931 0.0937500000 0.4236506441
365.10535 5.437 0.0937500000 -0.3156699759
417.30441 12.205 0.0937500000 0.0000000000
387.11466 5.628 0.0937500000 -0.8940629631
178.08624 9.139 0.0937500000 0.0590534592
131.08142 4.505 0.0937500000 0.3883407151
160.13313 0.929 0.0937500000 0.2707875037
185.12834 7.4 0.0937500000 0.4223460791
313.01459 8.756 0.0937500000 0.1810151830
174.08828 0.997 0.0937500000 0.4654726069
258.12554 8.709 0.0937500000 0.2516056220
243.11284 11.056 0.0937500000 0.0435747964
314.18100 9.212 0.0937500000 -0.0287759745
172.20593 8.813 0.0937500000 0.2978459464
130.06211 1.029 0.0937500000 0.3888561114
608.38342 11.87 0.0937500000 0.0447136446
453.18585 12.336 0.0937500000 0.0407051367
164.95691 2.482 0.0937500000 0.2063808292
158.04011 0.897 0.0937500000 0.6594938255
190.15486 1.3 0.0937500000 -30.0584784753
91.00367 9.096 0.0937500000 0.1814108777
446.29603 10.761 0.0937500000 0.1350247221
226.95144 0.643 0.0937500000 -0.2872031927
187.99651 0.829 0.0937500000 0.3582459019
132.03019 2.166 0.0937500000 0.2791587867
507.57935 0.991 0.0937500000 -0.1481529373
382.34265 11.093 0.0937500000 0.0550581740
199.10770 8.742 0.0937500000 0.2122317760
174.04068 9.047 0.0937500000 0.2483449921
430.36731 0.756 0.0937500000 0.0494808524
246.04396 9.126 0.0937500000 0.2760138323
204.15923 8.684 0.0937500000 0.0302630048
272.94442 0.605 0.0937500000 0.0634797300
166.94304 3.234 0.0937500000 -0.2717850726
310.21667 9.245 0.0937500000 0.0092988478
299.01967 4.218 0.0937500000 0.7965323072
159.05110 3.693 0.0937500000 0.5338132189
250.17998 7.782 0.0937500000 0.1355329237
316.04492 9.022 0.0937500000 0.2052366627
170.15375 8.756 0.0937500000 0.1017830155
348.89496 2.036 0.0937500000 0.0215748890
261.12341 10.988 0.0937500000 0.5094939445
332.19155 8.904 0.0937500000 0.0499556439
551.22836 9.747 0.1562500000 0.2122569879
269.08932 8.607 0.1562500000 0.3796431015
344.22784 9.107 0.1562500000 -0.0011311358
103.04006 2.128 0.1562500000 0.4776952647
635.06930 10.43 0.1562500000 0.1945481681
144.06544 5.699 0.1562500000 -0.8879105903
635.06932 10.199 0.1562500000 0.2121198928
298.05252 1.172 0.1562500000 0.1111450461
140.07027 1.006 0.1562500000 -0.4869654007
96.96958 2.479 0.1562500000 0.1878026191
582.15784 9.692 0.1562500000 0.3297673576
376.21774 9.262 0.1562500000 0.0447011801
296.20090 9.244 0.1562500000 0.0527868200
140.07021 1.019 0.1562500000 -0.4529661416
140.07022 1.01 0.1562500000 -0.4709968493
349.10883 0.973 0.1562500000 0.1177295783
117.06976 7.935 0.1562500000 0.1080419303
99.09158 0.871 0.1562500000 -0.8194557104
667.32529 0.715 0.1562500000 0.2443307694
180.10164 9.656 0.1562500000 0.0322640127
125.87298 8.404 0.1562500000 -0.0448612475
463.48311 1.347 0.1562500000 -0.5358772293
113.03078 1.938 0.1562500000 0.5636140663
261.14441 5.814 0.1562500000 0.4187778199
187.87337 8.733 0.1562500000 -0.0839164993
168.12290 3.516 0.1562500000 0.1720271229
245.12827 10.024 0.1562500000 0.0543412704
262.18017 8.577 0.1562500000 0.0608267901
368.27930 10.977 0.1562500000 1.2335477979
161.09203 4.717 0.1562500000 0.3170930492
259.18052 10.234 0.1562500000 0.0000000000
255.04659 1.162 0.1562500000 0.3855109973
233.10721 6.699 0.1562500000 -0.0182483903
310.11444 1.452 0.1562500000 0.2219141233
189.15960 1.36 0.1562500000 0.2230274771
104.10691 0.751 0.1562500000 -0.3814348892
238.09924 7.85 0.1562500000 0.0598239151
175.10759 1.012 0.1562500000 0.2959693257
418.16272 8.633 0.1562500000 0.3837879779
228.07861 8.707 0.1562500000 0.7517794086
783.81581 0.699 0.1562500000 -0.2185587654
256.10980 7.843 0.1562500000 0.0882264534
85.07597 9.659 0.1562500000 0.3919846137
226.08222 7.649 0.1562500000 0.0500734171
665.37395 0.645 0.1562500000 -0.4480003734
583.15175 9.301 0.1562500000 2.0700878964
128.04530 10.421 0.1562500000 0.0486544691
239.14878 8.324 0.1562500000 -0.0988580071
276.11887 5.255 0.1562500000 0.2088030326
85.02833 1.167 0.1562500000 -0.4332790792
147.11269 2.171 0.1562500000 0.1174622479
409.08652 10.494 0.1562500000 0.5166739379
204.12297 0.92 0.1562500000 0.8673439771
295.12886 9.271 0.1562500000 0.1144823334
189.08695 10.311 0.1562500000 0.3818464061
233.12847 10.953 0.1562500000 0.0228376105
284.17018 9.876 0.1562500000 -28.9205544597
277.11832 10.94 0.1562500000 0.2633349731
217.06176 9.907 0.1562500000 0.2948172583
258.10995 0.974 0.1562500000 -0.9519687792
149.04539 1.234 0.1562500000 -0.1072968991
308.20098 9.244 0.1562500000 0.1889786638
408.08248 9.042 0.1562500000 0.4360781691
75.00862 7.446 0.1562500000 -0.3370021027
135.10161 5.036 0.1562500000 0.0114903114
208.10014 4.098 0.1562500000 0.0706319649
269.08792 0.988 0.1562500000 0.2286042451
150.12764 10.599 0.1562500000 0.0770144911
305.22233 11.03 0.1562500000 0.1531846870
130.05081 0.9 0.1562500000 0.3545568000
207.07621 8.806 0.1562500000 0.7857505585
203.05260 0.997 0.1562500000 -0.2705993535
147.07643 0.914 0.1562500000 0.3146903754
146.08114 0.943 0.1562500000 0.2835683171
310.11444 1.459 0.1562500000 0.2238505293
367.10513 0.988 0.1562500000 0.3954248966
150.05495 10.804 0.1562500000 0.3611757120
307.11093 11.428 0.1562500000 0.0765938918
259.09244 5.411 0.1562500000 0.2640648861
179.05607 7.974 0.1562500000 -0.4901548950
228.12846 0.972 0.1562500000 0.0262493035
307.14011 10.363 0.1562500000 0.2296470625
269.02976 10.317 0.1562500000 0.1676951593
211.08237 1.037 0.1562500000 -0.2355337635
367.10526 0.978 0.1562500000 0.3952751006
344.22801 9.105 0.1562500000 -0.0004584793
255.82207 3.971 0.1562500000 -0.1575333002
113.03080 1.937 0.1562500000 0.5718520124
204.05581 1.036 0.1562500000 -0.2355390368
255.82197 4.751 0.1562500000 -0.3813724068
309.12663 11.904 0.1562500000 0.0774888753
203.05251 1.003 0.1562500000 -0.2705993535
725.33099 11.1 0.1562500000 0.4004954147
220.14418 9.691 0.1562500000 0.0304443160
272.20084 10.484 0.1562500000 0.0465874206
195.12266 6.237 0.1562500000 0.0524893231
73.06475 7.028 0.1562500000 0.0593782753
414.33618 10.38 0.1562500000 -0.0845842755
725.33091 10.798 0.1562500000 0.3995019195
120.06550 0.875 0.1562500000 0.3058880263
275.03886 11.955 0.2187500000 0.1143908318
168.12286 3.898 0.2187500000 0.2848913100
365.10514 4.803 0.2187500000 -0.1547268951
209.03017 5.657 0.2187500000 1.4045372476
119.03487 0.991 0.2187500000 -0.0183604886
149.11722 7.029 0.2187500000 0.0186884964
652.35148 0.688 0.2187500000 -0.1175474472
372.25923 10.504 0.2187500000 0.0509687381
302.01923 4.916 0.2187500000 0.4035929016
416.35181 10.38 0.2187500000 -0.0214298631
128.95069 2.586 0.2187500000 -0.1132925476
396.31046 11.517 0.2187500000 0.3309449591
191.06606 11.966 0.2187500000 0.0785013096
207.14903 10.244 0.2187500000 0.0337747614
136.04808 1.003 0.2187500000 -0.1133893880
176.06577 1.113 0.2187500000 0.2055181628
268.15443 8.687 0.2187500000 0.0000000000
189.95895 3.192 0.2187500000 -0.2781856336
297.98584 10.886 0.2187500000 0.2463126587
229.56251 1.002 0.2187500000 -0.0358915741
286.17993 9.975 0.2187500000 0.0326363974
379.97192 3.482 0.2187500000 0.0844929953
118.08623 0.915 0.2187500000 0.2684434543
215.86845 7.975 0.2187500000 -0.0594499643
156.07664 1.417 0.2187500000 0.1841880211
220.11785 6.676 0.2187500000 0.1594664372
133.06070 0.894 0.2187500000 0.2705130424
289.06943 3.383 0.2187500000 0.0241127154
399.49400 1.286 0.2187500000 -2.2122494083
190.92831 11.975 0.2187500000 0.2897745419
311.15530 10.615 0.2187500000 0.0260358545
183.07790 9.596 0.2187500000 -29.4257377009
245.09525 8.796 0.2187500000 0.8330022194
793.31830 11.544 0.2187500000 0.3179228039
146.96129 2.582 0.2187500000 -0.1605041537
165.06909 3.268 0.2187500000 -0.0141321839
201.03806 1.449 0.2187500000 -0.1455186063
294.20602 6.275 0.2187500000 0.0267034981
377.91489 4.919 0.2187500000 0.0815928327
311.00018 10.361 0.2187500000 -0.0027970102
379.28156 0.626 0.2187500000 0.2501595534
131.04616 0.888 0.2187500000 0.1703871053
226.09353 10.051 0.2187500000 0.0580161024
290.15961 6.066 0.2187500000 0.3858368981
272.95899 0.639 0.2187500000 -0.1113867373
182.98610 9.194 0.2187500000 0.0000000000
101.07077 0.99 0.2187500000 0.1083676158
225.07557 11.622 0.2187500000 0.0849114642
145.07600 11.109 0.2187500000 0.0427268171
327.93213 5.808 0.2187500000 0.0075883342
785.50444 12.594 0.2187500000 -0.0823711555
101.02426 1.2 0.2187500000 -0.1087741735
464.08922 11.123 0.2187500000 -0.1926926994
635.06859 9.138 0.2187500000 0.2408272904
526.33502 11.108 0.2187500000 -0.2661564912
522.08875 9.141 0.2187500000 0.0794494062
201.02649 10.16 0.2187500000 -0.3717231560
189.12341 0.99 0.2187500000 0.1873514078
261.21717 11.699 0.2187500000 0.0935142352
305.14947 10.889 0.2187500000 0.0701763610
726.82403 0.698 0.2187500000 -0.1418701727
699.36720 0.627 0.2187500000 -0.3624549857
458.98352 1.44 0.2187500000 0.1644231329
219.96644 7.563 0.2187500000 -0.0688264231
312.21699 8.835 0.2187500000 0.4389020160
209.06660 1.251 0.2187500000 0.1641921954
208.06134 11.426 0.2187500000 0.1551799036
160.84199 11.608 0.2187500000 0.0608219666
157.14146 7.82 0.2187500000 0.0459644002
317.05589 8.206 0.2187500000 0.1798184808
242.28430 9.88 0.2187500000 0.0350869753
147.07632 5.289 0.2187500000 0.4015339007
76.07560 0.762 0.2187500000 -0.1780302067
698.16849 9.637 0.2187500000 0.5752287278
201.98379 6.282 0.2187500000 0.3742041293
297.98553 8.106 0.2187500000 0.3384271661
255.82195 4.296 0.2187500000 -0.0613088188
235.07137 9.931 0.3125000000 0.1394356421
71.06032 9.925 0.3125000000 0.4065752843
102.95673 5.012 0.3125000000 0.4032884517
247.07118 11.161 0.3125000000 -0.2494140744
137.04578 8.857 0.3125000000 -0.0118064321
261.94159 4.797 0.3125000000 0.0000000000
76.03924 0.818 0.3125000000 0.0976858899
314.23240 10.038 0.3125000000 0.5018960841
116.07055 0.913 0.3125000000 0.2447742759
209.83365 4.953 0.3125000000 0.1320065642
278.19036 9.315 0.3125000000 0.0530616551
331.09246 10.166 0.3125000000 0.1037782562
410.56647 0.991 0.3125000000 -0.1952108830
269.08778 1.414 0.3125000000 -0.3393210982
354.93174 12.592 0.3125000000 0.1346538282
575.39459 12.631 0.3125000000 -0.0637341739
480.15680 12.825 0.3125000000 0.1173835401
174.95605 1.643 0.3125000000 0.2395448071
672.85934 0.671 0.3125000000 0.0364335212
210.06989 1.178 0.3125000000 0.2191754556
118.05098 0.862 0.3125000000 0.1580578917
316.04490 10.475 0.3125000000 -0.0008472129
130.04974 4.011 0.3125000000 -0.2752755399
199.03354 0.882 0.3125000000 0.2866703080
206.10331 0.816 0.3125000000 -0.0984917698
225.06165 1.205 0.3125000000 -0.0974502782
275.05621 0.754 0.3125000000 -0.0105860307
161.04543 0.992 0.3125000000 -0.0265164211
101.02432 0.988 0.3125000000 -0.0527833693
277.15562 9.231 0.3125000000 0.0739368182
264.07714 0.994 0.3125000000 0.3431674275
329.08807 11.946 0.3125000000 0.0807773874
229.11827 0.988 0.3125000000 0.2184813565
206.10339 0.808 0.3125000000 -0.0978752449
195.05086 2.523 0.3125000000 -0.0760963903
185.03049 9.821 0.3125000000 -0.0106569394
161.12841 1.01 0.3125000000 0.1850838095
632.05540 0.993 0.3125000000 -0.4552035062
79.51944 1.507 0.3125000000 -0.1443648992
92.52214 1.525 0.3125000000 -0.3638624264
101.07896 2.801 0.3125000000 -0.6766234464
294.14084 3.52 0.3125000000 -0.0693414034
171.02739 2.092 0.3125000000 0.1589379152
107.04896 8.69 0.3125000000 -0.3241612164
480.00681 6.217 0.3125000000 0.1381389003
242.98245 7.562 0.3125000000 0.1668175694
473.97051 0.82 0.3125000000 -0.8589351941
258.15462 8.299 0.3125000000 0.0117703571
707.35472 0.668 0.3125000000 -0.1597491347
756.24129 8.822 0.3125000000 0.3564341424
106.04982 0.84 0.3125000000 0.1775754309
279.18024 10.347 0.3125000000 0.0055734298
200.23726 9.743 0.3125000000 0.0710386757
175.04773 9.931 0.3125000000 0.0546783299
87.00860 1.205 0.3125000000 -0.1076643552
375.16199 11.717 0.3125000000 0.0328235315
146.96114 0.743 0.3125000000 -0.1630088268
193.03524 2.468 0.3125000000 0.2737579193
317.14536 3.942 0.3125000000 0.2025948478
73.07600 9.618 0.3125000000 0.4105105198
212.11807 9.798 0.3125000000 0.2273373417
272.07651 7.249 0.3125000000 -0.0461892925
175.11892 1.026 0.3125000000 0.0138899823
444.99817 11.416 0.3125000000 0.0069341460
213.03271 11.009 0.3125000000 0.0469700896
291.20654 9.885 0.3125000000 0.0199808499
340.13251 6.956 0.3125000000 0.0649705248
264.17474 9.936 0.3125000000 0.0816642648
231.17020 3.973 0.3125000000 0.3356970254
659.33848 0.69 0.3125000000 -0.1573464352
416.37491 11.688 0.3125000000 0.0163245110
187.87340 8.427 0.3125000000 -0.0837596505
432.14178 9.674 0.3125000000 0.0318138777
387.28674 11.884 0.3125000000 0.0136592027
437.23540 10.424 0.3125000000 1.0554639152
187.07130 10.882 0.3125000000 0.4480615454
382.14517 12.078 0.3125000000 0.3030065114
126.10252 0.936 0.3125000000 0.0732230244
255.04329 11.107 0.3125000000 0.0884873934
160.93532 9.172 0.3125000000 0.1521505501
304.15421 10.089 0.3125000000 0.0673528438
328.10279 10.232 0.3125000000 0.1034925351
584.16293 9.677 0.3125000000 0.3561529556
311.00019 10.587 0.3125000000 -0.0078730397
101.05956 10.514 0.3125000000 -0.1546245692
129.05452 7.943 0.3125000000 0.0820210018
138.05490 5.226 0.3125000000 -0.4967079807
336.85849 10.106 0.3125000000 -0.0386728734
100.07559 2.81 0.3125000000 -0.6142582069
328.24808 10.663 0.3125000000 -27.3237046587
322.94348 10.845 0.3125000000 -0.0344196823
416.28513 11.536 0.3125000000 -27.2974955808
188.16425 9.634 0.3125000000 0.0166033133
217.11826 7.86 0.3125000000 0.1675898926
315.04139 9.462 0.3125000000 -0.0185811510
423.12576 9.396 0.3125000000 0.0633159864
269.13839 11.789 0.3125000000 0.0066995980
310.99992 9.847 0.3125000000 0.2260594832
366.11176 6.382 0.3125000000 0.1739826462
199.10043 1.206 0.3125000000 0.0532996380
129.06566 9.317 0.3125000000 0.3425606240
117.09095 7.027 0.3125000000 -0.0043497829
191.08147 10.173 0.3125000000 0.2184274007
196.09682 7.784 0.3125000000 0.0597639875
253.09279 5.964 0.4375000000 0.0834210917
227.03508 9.688 0.4375000000 0.1527373734
572.35541 12.497 0.4375000000 0.6975515979
195.11263 6.089 0.4375000000 -1.0071032137
223.98822 12.487 0.4375000000 0.1614388328
508.08591 1.012 0.4375000000 -0.1309340184
171.09920 7.29 0.4375000000 0.0213507088
575.39471 12.566 0.4375000000 -0.0695897115
147.11266 1.298 0.4375000000 0.3436856055
146.96100 1.206 0.4375000000 0.1947055396
548.29046 12.305 0.4375000000 0.0879673824
439.28392 12.663 0.4375000000 -27.5787692636
324.19171 10.394 0.4375000000 0.2208924387
90.50677 12.471 0.4375000000 -29.3618742658
219.19531 12.438 0.4375000000 -27.1140618731
311.00842 7.066 0.4375000000 0.0550607231
215.17541 7.058 0.4375000000 0.0596384320
317.05597 8.648 0.4375000000 0.0341170610
237.12318 6.91 0.4375000000 -0.0084569475
161.96956 5.914 0.4375000000 -0.0157734311
193.10697 8.321 0.4375000000 0.0145574345
363.16229 10.301 0.4375000000 0.0798869512
179.08471 6.26 0.4375000000 0.6386067367
223.11742 8.987 0.4375000000 0.0000000000
445.81506 12.734 0.4375000000 0.0000000000
330.91568 12.664 0.4375000000 0.0215308481
102.01944 2.648 0.4375000000 0.2474960550
145.12218 6.4 0.4375000000 -0.6483593276
361.18300 10.229 0.4375000000 0.1790831160
508.35937 12.585 0.4375000000 -0.8816033031
283.01366 7.055 0.4375000000 0.0220450660
480.15680 12.579 0.4375000000 -28.4157829612
451.21470 10.875 0.4375000000 0.0603583002
432.04721 8.318 0.4375000000 0.1221717657
271.09953 11.391 0.4375000000 0.0528565257
248.16462 9.682 0.4375000000 0.0516316370
279.01201 9.316 0.4375000000 0.1745714346
180.01162 0.852 0.4375000000 -0.2064400532
490.28535 11.201 0.4375000000 0.9231185198
233.00668 11.007 0.4375000000 0.1639974938
393.11557 10.785 0.4375000000 0.0658411643
302.06729 10.869 0.4375000000 0.0531370008
143.03486 0.991 0.4375000000 -0.0258515456
177.14837 10.693 0.4375000000 -0.4256722609
132.10186 1.065 0.4375000000 0.1877652893
401.15295 10.707 0.4375000000 0.2629450061
102.95662 5.572 0.4375000000 0.1795447630
131.07020 9.176 0.4375000000 0.0117916220
105.03673 2.076 0.4375000000 0.0670790264
407.18846 10.548 0.4375000000 0.1912739248
422.92822 10.675 0.4375000000 -0.4254820242
143.03486 0.991 0.4375000000 -0.0258515456
258.91571 10.016 0.4375000000 -0.0466728645
165.01160 11.331 0.4375000000 0.1197484514
189.12329 3.624 0.4375000000 -0.2161056594
283.10376 10.507 0.4375000000 -0.0055788594
96.04426 4.377 0.4375000000 0.2738498001
143.03485 0.992 0.4375000000 -0.0258515456
314.34186 10.586 0.4375000000 0.1566760768
257.09938 9.828 0.4375000000 -0.1759957851
257.09930 9.85 0.4375000000 -0.2259551854
335.19002 11.609 0.4375000000 0.2811574972
111.02000 9.054 0.4375000000 0.1472783573
323.19003 11.58 0.4375000000 0.3210752821
508.01346 5.713 0.4375000000 0.0594545220
486.24869 9.759 0.4375000000 0.1457659447
153.06571 9.803 0.4375000000 0.5084905484
152.05663 10.045 0.4375000000 0.1406078653
137.04564 10.098 0.4375000000 -0.2876142451
133.08579 6.236 0.4375000000 -0.0379988916
326.23230 10.263 0.4375000000 -1.3302243560
397.15988 10.063 0.4375000000 0.3028294360
152.03747 0.922 0.4375000000 -0.2014432501
86.09634 1.065 0.4375000000 0.2069733219
225.04926 4.79 0.4375000000 0.2404379549
180.08653 1.783 0.4375000000 -0.2782374256
88.98779 8.834 0.4375000000 0.0000000000
206.10211 8.266 0.4375000000 -0.1129041828
461.80297 1.263 0.4375000000 -1.1534834189
196.09662 9.84 0.4375000000 0.0347201891
331.17529 11.712 0.4375000000 0.3339330558
191.98266 0.935 0.4375000000 0.2562332315
515.56788 1.001 0.4375000000 -0.8207055408
203.04026 4.626 0.4375000000 0.2150464650
197.12923 6.244 0.4375000000 0.0504819856
287.07730 9.604 0.4375000000 0.1214410596
86.09628 1.047 0.4375000000 0.2069428591
374.59629 1.031 0.4375000000 -0.7239608440
81.52054 0.787 0.4375000000 -0.2437414428
241.15468 4.688 0.4375000000 0.0808516975
353.26603 0.658 0.4375000000 0.1041833593
309.18085 10.921 0.4375000000 -0.0779704541
102.95672 6.736 0.4375000000 0.1537694288
90.52582 0.761 0.4375000000 -0.1190282887
133.10515 1.114 0.4375000000 0.2663060885
209.10183 7.667 0.4375000000 0.3286126596
193.09709 3.414 0.4375000000 0.0025441831
390.87042 6.254 0.4375000000 -0.1176372227
102.95674 5.952 0.4375000000 0.2760621201
447.08203 1.032 0.4375000000 -0.4104425741
115.03993 0.99 0.4375000000 -0.1191044572
437.93057 3.589 0.4375000000 0.0829660315
286.20099 9.676 0.4375000000 0.1368895415
209.83377 4.275 0.4375000000 0.0601907432
212.07631 2.342 0.4375000000 0.4070529961
311.12905 0.991 0.4375000000 0.1163827121
289.06771 9.654 0.4375000000 0.0000000000
203.01723 1.563 0.4375000000 -0.1212716948
305.06317 10.048 0.4375000000 0.0613278765
265.15854 9.744 0.4375000000 0.1307000378
504.99519 10.333 0.4375000000 0.0982572189
281.24847 0.429 0.4375000000 -0.0157622623
334.12581 1.044 0.4375000000 -0.1129303178
191.06619 1.892 0.4375000000 0.1571948940
459.28007 10.076 0.4375000000 0.0291723270
343.12322 5.46 0.4375000000 0.1011957463
220.98079 11.494 0.4375000000 0.0000000000
72.08071 0.917 0.4375000000 0.1560387267
205.12233 10.874 0.4375000000 0.1845928519
162.07595 3.034 0.4375000000 -0.1046236314
272.13379 2.368 0.4375000000 0.0799624495
307.85583 8.541 0.4375000000 -0.0474556368
117.08494 1.011 0.4375000000 -0.0363755904
286.20103 9.535 0.4375000000 0.1279898681
198.04960 1.023 0.4375000000 0.2113643442
241.08692 11.965 0.4375000000 -0.1220203818
228.99405 11.33 0.5625000000 -0.3410130874
161.04539 1.564 0.5625000000 -0.0692950441
525.28825 10.405 0.5625000000 0.0078574808
569.31421 11.238 0.5625000000 0.1693765664
116.07153 0.909 0.5625000000 0.4245817331
397.17136 10.833 0.5625000000 0.0586926602
118.06085 1.015 0.5625000000 -0.0038727074
162.07700 0.889 0.5625000000 -0.1113240550
205.08172 2.444 0.5625000000 0.3929358234
127.05112 0.93 0.5625000000 0.0696402892
111.02014 10.424 0.5625000000 0.0372617914
145.06186 0.91 0.5625000000 0.1034365903
437.23557 9.826 0.5625000000 0.0018817845
282.11969 8.251 0.5625000000 0.0020809634
130.08608 3.859 0.5625000000 -0.1628053945
157.06169 4.523 0.5625000000 0.2084691672
363.06231 1.036 0.5625000000 0.1370956773
504.99520 10.63 0.5625000000 0.0637366498
165.04176 12.772 0.5625000000 0.0769493938
89.05965 3.335 0.5625000000 0.0686641882
761.58417 12.508 0.5625000000 0.0000000000
721.86372 0.651 0.5625000000 -0.0232983369
557.34613 12.217 0.5625000000 -0.0058051392
185.00655 4.81 0.5625000000 0.0000000000
173.09307 1.007 0.5625000000 -0.0276119745
93.07378 0.817 0.5625000000 0.0230437778
249.10805 2.365 0.5625000000 0.3471845812
190.11859 1.167 0.5625000000 -0.2249557387
217.04941 1.246 0.5625000000 0.1456636050
237.08701 10.015 0.5625000000 0.0423318392
141.06581 4.488 0.5625000000 0.3522630818
177.10193 10.234 0.5625000000 0.0144547314
652.33835 11.955 0.5625000000 0.0378376462
353.16799 1.006 0.5625000000 -0.0295842894
217.03298 1.411 0.5625000000 -0.2452638557
325.20100 11.795 0.5625000000 0.0167795495
181.07165 0.988 0.5625000000 0.0528715929
165.07559 2.494 0.5625000000 0.0803558810
230.98854 11.635 0.5625000000 0.0526741952
180.05942 1.204 0.5625000000 -0.1020545381
165.01913 9.687 0.5625000000 0.1501872617
182.98867 11.912 0.5625000000 -0.2531340609
318.22760 10.422 0.5625000000 0.0752074525
189.04672 0.935 0.5625000000 0.0295668212
205.08168 1.646 0.5625000000 0.0138417238
487.28036 11.49 0.5625000000 0.1215229592
98.98413 2.329 0.5625000000 -0.0091607285
217.04958 0.799 0.5625000000 -0.2715503160
276.13611 4.661 0.5625000000 0.0183163344
90.05492 0.83 0.5625000000 0.1228090061
239.12775 12.444 0.5625000000 -0.0178656839
229.56254 1.202 0.5625000000 -0.2228480327
160.07973 4.375 0.5625000000 0.4221677781
219.12255 11.03 0.5625000000 0.0000000000
281.15950 9.565 0.5625000000 0.0022269896
252.12307 9.556 0.5625000000 0.0412634185
90.52578 1.842 0.5625000000 -0.1827157951
163.09646 8.511 0.5625000000 0.0005750019
209.06651 1.5 0.5625000000 -0.0509695217
136.04800 1.494 0.5625000000 -0.0865838964
83.03866 0.637 0.5625000000 -0.0535054214
237.89749 2.487 0.5625000000 -0.0310138758
303.20673 9.547 0.5625000000 0.0437604402
190.92833 2.326 0.5625000000 -0.0846573632
108.94851 0.711 0.5625000000 0.0530844221
530.20775 7.351 0.5625000000 0.0136256185
176.12802 0.894 0.5625000000 0.1930663563
232.15429 4.856 0.5625000000 0.2757503134
155.15427 5.154 0.5625000000 -0.0064093251
88.11195 0.79 0.5625000000 0.1270834899
303.91345 1.715 0.5625000000 0.9005013043
356.24298 12.717 0.5625000000 -0.0590232305
325.17107 10.465 0.5625000000 0.0365320307
190.92841 8.648 0.5625000000 -0.0219398122
338.11688 6.931 0.5625000000 -0.0141238243
199.09645 9.587 0.5625000000 0.0487034004
242.98224 6.978 0.5625000000 0.1305047250
168.09294 7.024 0.5625000000 0.1881025487
118.04970 3.758 0.5625000000 -0.1050568290
487.03583 1.444 0.5625000000 0.1388978894
212.11265 2.743 0.5625000000 0.1290545495
187.94177 12.093 0.5625000000 0.0199550546
150.05492 9.579 0.5625000000 0.0461132086
173.09203 1.034 0.5625000000 -0.1661532174
92.04305 1.438 0.5625000000 -0.0570895901
223.09228 0.991 0.5625000000 0.5815977433
91.50454 9.41 0.5625000000 0.0870140113
114.09122 5.331 0.5625000000 0.0240648501
421.20432 9.899 0.5625000000 0.0958939694
487.62840 3.778 0.5625000000 -0.7685965525
328.24829 9.581 0.5625000000 0.0110015921
87.05520 0.896 0.5625000000 0.3013304563
113.09592 6.146 0.5625000000 -0.3656133662
439.68412 3.58 0.5625000000 -0.2162340003
197.06686 8.384 0.5625000000 0.0180349406
412.19637 8.44 0.5625000000 0.0445736311
241.10289 0.989 0.5625000000 0.6814680079
209.94902 5.841 0.5625000000 0.1055348618
379.14947 11.1 0.5625000000 0.3089497627
414.30011 11.739 0.5625000000 -0.0566286783
279.13399 9.833 0.5625000000 0.0406912620
632.05529 1.0 0.5625000000 -0.3685327163
190.92839 9.84 0.5625000000 -0.0780497553
166.05314 0.939 0.5625000000 0.2322819020
196.14204 0.68 0.6875000000 0.0186452206
266.08820 1.001 0.6875000000 0.0915625099
509.38014 12.432 0.6875000000 -0.0147042839
88.04027 1.037 0.6875000000 0.1722195548
237.08688 10.308 0.6875000000 0.0651544296
168.07780 1.032 0.6875000000 0.0190413282
233.87537 2.909 0.6875000000 0.0516982325
146.05992 10.774 0.6875000000 -0.0576973008
231.06209 9.352 0.6875000000 0.0000000000
231.93167 11.489 0.6875000000 -0.0568714438
219.07643 9.969 0.6875000000 0.1037257536
235.96117 3.8 0.6875000000 0.0615317364
169.97727 2.61 0.6875000000 -0.0431984744
264.09794 10.479 0.6875000000 -0.0632181161
309.18077 10.914 0.6875000000 -0.1441091827
229.15463 3.876 0.6875000000 0.0513567884
200.54568 1.004 0.6875000000 -0.1852781131
415.25378 9.765 0.6875000000 0.0022135176
331.95245 4.82 0.6875000000 0.0673326475
110.54134 1.31 0.6875000000 -0.0371224255
258.11248 9.938 0.6875000000 0.0109065920
99.04488 1.009 0.6875000000 0.1342489498
336.85871 2.805 0.6875000000 -0.0122772461
333.14431 9.911 0.6875000000 0.0686168650
81.52049 1.948 0.6875000000 -0.3337551641
245.07683 8.42 0.6875000000 0.0008630214
226.92738 2.457 0.6875000000 0.1262128314
249.02274 11.666 0.6875000000 0.0011971157
132.06535 4.662 0.6875000000 -0.1362728012
353.14236 11.998 0.6875000000 0.0005140902
228.99393 11.618 0.6875000000 -0.0675112475
176.10292 0.994 0.6875000000 0.1738906868
156.96584 6.254 0.6875000000 -0.0020025978
310.17598 10.833 0.6875000000 -2.2300099558
321.13092 8.71 0.6875000000 0.0002650509
360.99793 9.63 0.6875000000 -0.0008452477
230.24769 11.321 0.6875000000 -0.0524191292
232.93500 9.648 0.6875000000 0.0600169871
778.20494 9.657 0.6875000000 -0.0006925011
358.25885 9.566 0.6875000000 0.0015917160
371.12243 11.684 0.6875000000 0.2358934008
198.09718 1.002 0.6875000000 0.0296450869
145.08582 10.901 0.6875000000 -26.0266485423
179.05488 1.986 0.6875000000 0.0952159611
348.98978 11.448 0.6875000000 0.2423746114
183.09899 6.515 0.6875000000 -0.0155390292
372.25891 11.165 0.6875000000 0.1053157676
190.92843 10.84 0.6875000000 -0.0280663015
175.05762 0.989 0.6875000000 -0.1228289653
454.24306 9.525 0.6875000000 -0.0284930819
187.04184 1.45 0.6875000000 -0.0515520339
780.21934 9.608 0.6875000000 0.1239051506
780.21936 9.632 0.6875000000 0.0778253766
160.13321 5.706 0.6875000000 -0.0849165895
297.98564 9.851 0.6875000000 0.1133542637
129.93629 10.623 0.6875000000 -0.0273213663
181.05831 4.499 0.6875000000 0.3060623369
477.00025 10.29 0.6875000000 0.0809229717
270.19113 8.84 0.6875000000 0.0144651336
321.89743 5.763 0.6875000000 0.0023401819
210.13344 8.407 0.6875000000 0.1549891446
226.12834 4.744 0.6875000000 -0.0033580855
396.03459 4.792 0.6875000000 -0.0171864177
100.07559 1.37 0.6875000000 0.0510357367
217.05670 5.627 0.6875000000 0.0122743641
190.92835 1.975 0.6875000000 -0.0579530883
132.99174 11.311 0.6875000000 -0.1803228931
210.13340 6.021 0.6875000000 0.0972637015
502.85944 1.678 0.6875000000 0.7804630003
323.14249 11.965 0.6875000000 0.1894959105
124.00731 0.904 0.6875000000 0.1308413497
194.92729 4.977 0.6875000000 0.4460576716
441.19742 11.281 0.6875000000 0.0328963692
434.87184 1.655 0.6875000000 1.3095203884
173.92615 11.13 0.6875000000 -0.0082526433
236.22177 12.503 0.6875000000 0.4730499526
307.16514 10.397 0.6875000000 0.0848511980
719.96772 12.469 0.6875000000 0.0465228963
489.16273 12.42 0.6875000000 0.0174463263
553.88232 12.299 0.6875000000 0.0169524797
270.08905 11.955 0.6875000000 -0.0023384426
290.26883 12.224 0.6875000000 -26.4190302895
360.02505 8.292 0.6875000000 0.0678553142
144.10184 1.135 0.6875000000 -0.2270298648
311.00024 10.987 0.6875000000 -0.0041149530
195.05092 2.207 0.6875000000 -0.0214732530
242.13058 8.916 0.6875000000 0.0000000000
377.91455 5.802 0.8437500000 0.0023980398
440.02592 5.068 0.8437500000 -0.0088884792
129.06569 0.987 0.8437500000 0.0594109456
247.08243 10.759 0.8437500000 -0.1319519617
229.91606 11.99 0.8437500000 0.0154429376
427.21881 10.726 0.8437500000 -0.0467716432
78.91870 3.875 0.8437500000 -0.0567497280
188.93295 2.197 0.8437500000 0.0046709247
242.02522 10.323 0.8437500000 0.0045319314
360.23904 9.879 0.8437500000 0.0013749936
180.97290 1.07 0.8437500000 -0.2306363567
725.29382 9.519 0.8437500000 -29.5742374063
248.96050 0.661 0.8437500000 -0.0318595220
180.08652 1.003 0.8437500000 0.0381242171
132.99174 11.641 0.8437500000 -0.0689815372
134.89444 9.219 0.8437500000 -0.0272763169
297.04541 6.041 0.8437500000 -0.0325819573
173.92616 11.435 0.8437500000 0.0211948439
190.92841 8.49 0.8437500000 -0.0162967277
388.87366 2.809 0.8437500000 0.0159164059
195.99212 3.004 0.8437500000 -0.0300640360
135.02986 1.549 0.8437500000 -0.1136292545
231.93170 11.761 0.8437500000 0.0586701452
190.92842 8.022 0.8437500000 -0.0189997453
102.95673 6.96 0.8437500000 0.0377517161
209.83376 3.865 0.8437500000 0.0343536744
116.92850 11.957 0.8437500000 0.0061386474
185.11830 12.558 0.8437500000 0.0491423515
197.80798 4.227 0.8437500000 0.0569720385
102.95671 8.75 0.8437500000 0.1132662893
198.12756 10.512 0.8437500000 0.0122057156
222.99521 11.996 0.8437500000 0.0258019207
493.13580 8.792 0.8437500000 0.0355498739
162.07594 1.02 0.8437500000 0.0776945702
347.84913 2.085 0.8437500000 0.0031193207
711.06927 2.468 0.8437500000 -0.6558205678
256.93816 2.426 0.8437500000 -0.0447840377
225.93234 3.726 0.8437500000 0.0050830341
246.97734 4.126 0.8437500000 -0.0513574344
426.21209 8.442 0.8437500000 0.0214462262
127.03890 1.207 0.8437500000 -0.0199409596
184.04007 6.249 0.8437500000 -0.0249684453
210.05010 7.041 0.8437500000 0.0553553320
210.05015 7.025 0.8437500000 0.0614133942
242.98246 7.374 0.8437500000 0.0276322145
172.13321 4.594 0.8437500000 0.0000561394
206.10229 7.942 0.8437500000 0.0438748667
426.21226 8.517 0.8437500000 0.0543211003
780.21894 9.092 0.8437500000 0.1475913262
114.06612 1.012 0.8437500000 0.0054678483
326.70016 9.515 0.8437500000 -0.0434431181
635.06921 9.54 0.8437500000 0.0005997996
417.03007 9.815 0.8437500000 -0.0115657880
612.36945 9.954 0.8437500000 -0.0342317230
385.90170 1.566 0.8437500000 -0.3618246605
412.86265 1.253 0.8437500000 0.3097027704
349.60466 1.028 0.8437500000 -0.0121266855
415.54919 1.007 0.8437500000 0.0427940004
269.12445 6.202 0.8437500000 0.0113996030
267.17197 12.682 0.8437500000 -0.0084621064
383.24276 12.069 0.8437500000 0.0147317422
107.07014 1.305 0.8437500000 -0.2894951699
612.88161 0.614 0.8437500000 -0.0044327256
138.05484 4.812 0.8437500000 -0.2143794246
151.09639 3.899 0.8437500000 -0.0312897087
379.14916 11.813 0.8437500000 0.0218949171
143.10651 6.511 0.8437500000 0.0060710755
349.08928 10.373 0.8437500000 0.0881532824
204.01919 9.981 0.8437500000 0.0091457749
281.07666 10.459 0.8437500000 0.0255258932
211.10753 8.605 0.8437500000 0.1735635756
384.11905 1.015 0.8437500000 0.0604560462
197.15340 12.767 0.8437500000 -0.0412248483
83.03560 0.578 0.8437500000 -0.0142101864
265.11811 10.779 0.8437500000 -0.3453125851
120.08070 7.05 0.8437500000 0.0074967778
344.20657 10.379 0.8437500000 0.0357660986
397.11301 1.167 0.8437500000 0.0864699057
139.53088 1.201 0.8437500000 0.0030537676
382.58487 0.991 0.8437500000 0.0154339163
200.07224 9.616 0.8437500000 0.0487954900
418.95567 10.153 0.8437500000 0.0567985025
185.09192 7.552 0.8437500000 -0.0056460288
203.00457 1.459 0.8437500000 0.0141676121
105.01920 1.397 0.8437500000 -0.1353176490
247.14414 10.417 0.8437500000 0.0238248271
316.94798 0.643 0.8437500000 -0.0196172425
183.11264 6.732 0.8437500000 0.0699195646
690.50885 12.897 0.8437500000 -0.0027616616
449.30468 12.874 0.8437500000 -0.0164123172
167.09123 2.306 0.8437500000 -0.0184721240
174.12357 5.985 0.8437500000 0.0993925177
111.02003 12.66 0.8437500000 1.0891780562
250.18018 7.42 0.8437500000 0.0141695325
694.92303 12.344 0.8437500000 0.0154198748
241.03105 1.001 0.8437500000 -0.0218156987
97.02825 1.049 0.8437500000 0.0344273265
186.07591 5.789 0.8437500000 -0.0396621572
695.42517 12.546 0.8437500000 0.0061368575
278.17495 7.936 0.8437500000 -0.0013848151
360.96807 11.999 0.8437500000 0.0316508242
182.08107 8.577 0.8437500000 0.0151730694
175.09635 5.995 0.8437500000 0.0420418522
178.05854 1.363 0.8437500000 0.4084466410
146.93845 2.351 0.8437500000 0.0051943199
247.03088 1.446 0.8437500000 -0.0272274384
419.04828 1.448 0.8437500000 -0.1599401651
379.17993 11.998 0.8437500000 0.1497336973
250.17998 6.152 0.8437500000 0.0001320581
409.06754 1.095 0.8437500000 -0.0526309558
396.45639 11.969 0.8437500000 0.1996171517
308.18542 9.698 0.8437500000 -0.0019565461
209.13823 7.93 0.8437500000 0.0081381440
253.11829 6.707 0.8437500000 -0.0168707100
162.83902 11.979 1.0000000000 -0.0208670161
386.29016 12.02 1.0000000000 0.0060979741
245.21099 11.725 1.0000000000 -0.3101089291
315.04150 8.971 1.0000000000 -0.0708426491
284.17015 9.68 1.0000000000 0.6283197831
88.07560 1.067 1.0000000000 -0.0499461470
445.11963 12.49 1.0000000000 0.0016126980
165.11209 5.944 1.0000000000 0.1736682499
193.09712 6.272 1.0000000000 0.0232340959
231.93157 9.376 1.0000000000 0.0001208705
97.02831 0.999 1.0000000000 0.1133155278
315.04155 8.621 1.0000000000 0.0851677321
200.10289 1.337 1.0000000000 0.0565986444
148.06036 0.977 1.0000000000 -0.1264612644
293.09537 12.356 1.0000000000 0.0019285380
88.07557 0.874 1.0000000000 -0.0728545253
177.11198 6.256 1.0000000000 0.0163430407
231.08377 4.726 1.0000000000 0.0038578868
447.89196 1.202 1.0000000000 -0.1140717455
89.05968 2.623 1.0000000000 -0.0106372232
180.13815 10.712 1.0000000000 0.0720427504
146.08105 6.033 1.0000000000 0.0400579931
261.09446 1.214 1.0000000000 -0.1451978435
180.06885 1.005 1.0000000000 0.0160308592
249.15572 1.016 1.0000000000 0.0184441650
171.14906 0.951 1.0000000000 0.0628480896
256.01510 9.976 1.0000000000 -0.0132616231
132.07667 1.015 1.0000000000 -0.0615515905
356.27935 11.065 1.0000000000 -0.9469938965
333.11538 10.392 1.0000000000 2.2428286459
166.08610 7.964 1.0000000000 0.0165806144
243.13377 10.443 1.0000000000 0.1034912467
449.11725 0.993 1.0000000000 0.0155764688
180.06532 8.396 1.0000000000 -0.2094619037
309.11905 9.619 1.0000000000 0.0019262428
487.30560 11.514 1.0000000000 -0.0113982628
271.18060 10.852 1.0000000000 0.4131843369
126.97134 0.92 1.0000000000 0.0169179037
126.97144 0.943 1.0000000000 0.0167447243
420.92733 9.22 1.0000000000 -0.0132872412
317.18723 11.592 1.0000000000 -0.0388509177
102.12759 12.537 1.0000000000 -1.8209012003
219.07628 10.787 1.0000000000 -0.0444982370
188.94916 1.43 1.0000000000 -0.0146058718
294.20617 9.687 1.0000000000 -0.0074516725
131.03477 0.991 1.0000000000 0.0297299365
159.07629 1.01 1.0000000000 -0.0838370848
173.10430 1.503 1.0000000000 0.1176853644
352.16861 12.568 1.0000000000 -0.0057137440
188.94906 1.465 1.0000000000 0.0160553463
340.26912 12.54 1.0000000000 0.0246147164
320.20668 12.357 1.0000000000 0.0153737602
783.57184 12.247 1.0000000000 0.4749053838
283.16937 12.138 1.0000000000 0.1106986883
421.16730 12.055 1.0000000000 0.0159433993
232.05761 9.265 1.0000000000 0.0280444831
260.16772 11.756 1.0000000000 0.0936281038
85.02830 0.999 1.0000000000 0.0012268601
663.43469 12.755 1.0000000000 0.0207105322
154.06217 1.055 1.0000000000 -0.0822375042
128.03523 4.581 1.0000000000 -0.0092217967
112.98560 0.672 1.0000000000 -0.0368418217
181.06275 0.995 1.0000000000 0.0516583095
85.02931 0.991 1.0000000000 -0.0235585619
364.09756 6.636 1.0000000000 0.0176817095
113.02429 0.991 1.0000000000 0.0010697312
244.15546 11.136 1.0000000000 -0.0091997250
199.96928 8.234 1.0000000000 0.0121228305
150.02283 0.922 1.0000000000 -0.0121060654
319.00836 0.533 1.0000000000 0.0076415170
437.29077 11.98 1.0000000000 -0.0234247290
125.02431 1.208 1.0000000000 0.0392179432
89.02439 1.449 1.0000000000 0.0735141058
201.01679 2.458 1.0000000000 0.3691882444
214.03322 0.96 1.0000000000 0.2415415797
104.03526 0.832 1.0000000000 0.0051490814
189.13456 6.238 1.0000000000 0.0505156367
418.95567 10.374 1.0000000000 0.0380790731
205.06813 0.998 1.0000000000 -0.0056055724
346.00940 8.557 1.0000000000 -0.0124864997
440.29200 12.712 1.0000000000 0.1602367343
267.84787 4.643 1.0000000000 0.0642714958
145.04935 0.994 1.0000000000 0.0113378706
145.04945 1.0 1.0000000000 0.0113378706
310.14136 10.22 1.0000000000 0.0069717098
200.07205 9.032 1.0000000000 0.0554999188
269.05336 10.389 1.0000000000 -0.0065006966
110.54142 0.75 1.0000000000 0.0111397443
227.17524 7.949 1.0000000000 -0.0024249041
190.92842 5.012 1.0000000000 -0.0004696322
163.06002 1.001 1.0000000000 -0.0115764840
115.07521 4.193 1.0000000000 0.0622073931
221.05068 9.929 1.0000000000 0.0086879326
445.07303 5.714 1.0000000000 0.0335045893
191.08138 10.787 1.0000000000 0.0155270233
377.14150 10.798 1.0000000000 0.2959195564
202.17990 9.685 1.0000000000 0.0062074131
471.24462 10.798 1.0000000000 0.0115108772
243.75525 3.939 1.0000000000 -0.0806182461
258.15450 8.641 1.0000000000 0.1547894728
111.02019 7.619 1.0000000000 -0.0048993228
272.17023 7.569 1.0000000000 -0.0452256932
384.12233 6.947 1.0000000000 -0.0036192536
438.97194 1.517 1.0000000000 0.0624419153
127.03885 1.001 1.0000000000 -0.1036064320
244.07913 1.192 1.0000000000 0.0228156881
157.01166 1.778 1.0000000000 0.0445880183
466.81659 1.86 1.0000000000 -0.0041761351
146.06332 5.783 1.0000000000 -1.0050251734
223.96317 2.425 1.0000000000 -0.0661625127
80.97482 3.003 1.0000000000 0.0627340001
236.58849 1.017 1.0000000000 0.0145746391
131.54204 0.971 1.0000000000 -0.1071380591
303.22939 0.639 1.0000000000 -0.0053526511
83.53570 0.571 1.0000000000 -0.0282209725
506.20748 7.308 1.0000000000 0.0986616793
