"m.z" "r.t" "p.value" "t.score"
116.92850 12.983 0.0000076294 0.7907293820
207.14907 8.611 0.0000076294 0.2605837507
276.10116 7.893 0.0000076294 1.2551302298
273.15962 10.88 0.0000076294 0.5444209482
305.14947 10.889 0.0000076294 0.2127536479
604.13812 8.48 0.0000076294 0.7406708556
706.32819 8.954 0.0000076294 1.3361164066
617.28564 8.799 0.0000076294 0.3561105473
793.36499 8.806 0.0000076294 0.5074471367
291.20673 10.714 0.0000076294 1.1768335351
101.01674 5.642 0.0000076294 0.3798638834
275.21163 9.852 0.0000076294 0.8256263917
295.07913 5.605 0.0000076294 0.1944507312
300.20181 8.715 0.0000076294 0.0070869150
282.11969 8.251 0.0000076294 0.0175484350
297.09353 5.148 0.0000076294 0.9948535031
289.15454 10.891 0.0000076294 0.7073144544
170.15375 8.756 0.0000076294 0.0682130169
272.20084 10.484 0.0000076294 0.1013875072
264.19561 6.634 0.0000076294 0.8147998138
253.05434 6.017 0.0000076294 0.4725915874
289.22728 9.974 0.0000076294 0.5335359385
233.16465 9.864 0.0000152588 0.1920884747
229.05791 5.313 0.0000152588 0.2336354064
263.17526 10.779 0.0000152588 0.2916645376
139.03992 10.477 0.0000152588 0.1313537469
111.08028 10.089 0.0000228882 0.2625646689
793.36467 9.087 0.0000228882 0.7174620615
480.85041 0.749 0.0000228882 0.0277504414
191.10249 10.256 0.0000228882 0.2718381601
434.21735 8.685 0.0000228882 0.0841153597
349.24438 10.041 0.0000381470 0.1073096520
279.11602 12.082 0.0000381470 0.4899744658
133.08570 7.047 0.0000381470 0.3335828416
317.14938 10.984 0.0000381470 0.1363278169
264.12424 11.817 0.0000381470 29.3891160309
216.06872 8.046 0.0000381470 0.1929991813
288.00378 4.675 0.0000381470 3.2772432623
233.09932 6.804 0.0000381470 0.3084411129
365.10535 5.437 0.0000381470 0.5797038093
340.13251 6.956 0.0000381470 0.2113880115
242.13058 8.916 0.0000381470 0.0000000000
191.99763 10.928 0.0000381470 0.3850606740
269.08780 10.595 0.0000381470 0.1704256826
263.12129 11.682 0.0000381470 31.5672262685
370.07339 6.623 0.0000534058 0.1409635841
440.22751 8.348 0.0000534058 0.3366616519
206.02797 12.026 0.0000534058 0.2283534121
276.19543 8.459 0.0000534058 0.0686485160
251.17527 9.996 0.0000534058 0.1401227669
311.15530 10.615 0.0000762939 0.0859424678
705.32528 9.119 0.0000762939 1.2124560849
343.12322 5.46 0.0000762939 0.6031348587
208.09662 10.549 0.0000762939 0.1868987201
307.16514 10.397 0.0000762939 0.2771394403
691.06024 9.046 0.0001068115 0.4593813656
247.18027 8.894 0.0001068115 0.2037411892
349.08928 10.373 0.0001068115 0.2856909376
196.09662 9.84 0.0001068115 0.0917459901
187.08647 12.053 0.0001449585 0.2934717279
226.09353 10.051 0.0001449585 0.0950369195
207.12252 10.344 0.0001449585 0.4661182221
307.11092 12.054 0.0001449585 -0.4872692655
422.92822 10.675 0.0001449585 0.3393617776
172.09669 9.97 0.0001907349 0.4170520444
279.17010 9.088 0.0001907349 0.1388674218
168.07661 2.356 0.0001907349 1.7167429328
335.22869 10.076 0.0002517700 0.5065322057
705.32525 9.166 0.0002517700 1.2851141779
261.14835 12.903 0.0002517700 1.1991289311
255.09499 7.907 0.0002517700 0.2002257857
572.35541 12.497 0.0002517700 2.4924569061
189.04672 0.935 0.0002517700 0.5375189300
272.13379 2.368 0.0002517700 0.3070665719
176.12800 11.055 0.0003280640 0.4718986734
209.03017 5.657 0.0003280640 30.0120387214
245.12827 10.024 0.0003280640 0.0735103783
261.18080 11.062 0.0004196167 1.2173117554
172.09674 10.106 0.0004196167 0.4941942384
102.95673 6.96 0.0004196167 0.0738513090
332.19155 8.904 0.0005340576 0.0580179973
204.15923 8.684 0.0005340576 0.0308243942
640.16271 9.119 0.0005340576 0.3401740415
153.06584 9.4 0.0005340576 0.0752919683
145.07600 10.718 0.0005340576 0.0790419862
219.13381 10.095 0.0005340576 0.7736839132
738.44891 12.651 0.0006713867 0.3819001424
297.98553 8.106 0.0006713867 0.3059720185
128.04530 10.421 0.0006713867 0.0848696320
114.06612 1.012 0.0006713867 0.2746370553
114.09122 5.331 0.0006713867 0.2717819017
191.06619 1.892 0.0006713867 0.3258137172
439.28392 12.663 0.0006713867 1.9551653017
159.05110 3.693 0.0006713867 0.5333265296
145.07600 11.109 0.0006713867 0.1122566705
158.11745 10.092 0.0006713867 0.4836304765
344.20657 10.379 0.0008392334 0.1886809294
480.15680 12.825 0.0008392334 0.5697618173
253.09279 5.964 0.0008392334 0.1747923501
463.48311 1.347 0.0008392334 0.3242627091
370.07357 5.901 0.0008392334 0.4121552295
398.32649 11.304 0.0010452271 0.4543696581
426.21226 8.517 0.0010452271 0.0967613763
221.05066 7.947 0.0010452271 0.2160320544
158.08099 7.879 0.0010452271 0.1091945996
426.21209 8.442 0.0010452271 0.0757195687
174.12357 5.985 0.0010452271 0.2719714499
178.09029 4.179 0.0012893677 0.1469108538
207.07621 8.806 0.0012893677 0.8115922700
705.82720 8.883 0.0012893677 0.2744253608
393.11557 10.785 0.0012893677 0.2022470286
147.05113 9.687 0.0012893677 0.1182944669
276.11887 5.255 0.0012893677 0.2562491976
259.09244 5.411 0.0012893677 0.3531784268
480.00681 6.217 0.0012893677 0.3230382608
104.10691 0.751 0.0012893677 0.5012451555
242.98246 7.374 0.0012893677 0.3531411767
213.12320 2.188 0.0012893677 0.2592400287
287.10956 8.45 0.0015792847 0.1784712816
322.12982 12.527 0.0015792847 0.1893560889
160.13321 5.706 0.0015792847 0.6323697183
309.12663 11.904 0.0015792847 0.1661258167
277.08920 2.364 0.0015792847 0.0741473819
451.21470 10.875 0.0015792847 0.1817347053
246.16996 5.941 0.0015792847 0.2335695232
242.98224 6.978 0.0019302368 0.4273867887
690.50885 12.897 0.0019302368 0.2065398526
305.22233 11.03 0.0019302368 0.2430311522
377.91489 4.919 0.0019302368 0.2558197441
506.20748 7.308 0.0019302368 0.8791371975
250.03838 8.012 0.0019302368 0.0909967946
371.17238 10.818 0.0019302368 0.3291509348
230.24769 11.321 0.0019302368 0.0787709469
145.08582 10.901 0.0019302368 1.7654296919
176.10292 0.994 0.0019302368 0.3745491938
186.11234 2.243 0.0019302368 0.6360680209
170.11762 6.354 0.0019302368 0.0883815631
172.07175 9.946 0.0019302368 0.2481420831
324.99643 2.073 0.0019302368 0.3407035597
229.11827 0.988 0.0019302368 0.4728634913
206.10211 8.266 0.0019302368 0.1113368330
449.30468 12.874 0.0023345947 0.2326039488
231.06209 9.352 0.0023345947 0.0000000000
177.08678 6.573 0.0023345947 0.1007369794
356.24314 11.873 0.0023345947 0.0217214630
255.13494 9.538 0.0023345947 0.3767742294
286.17993 9.975 0.0023345947 0.0759194705
328.16675 10.866 0.0023345947 0.1319017718
348.10080 8.211 0.0023345947 -26.4131005926
319.20160 9.052 0.0023345947 0.1103427465
209.09206 9.067 0.0028076172 0.0297647425
297.98584 10.886 0.0028076172 0.1579997960
428.05961 8.554 0.0028076172 1.0067997991
307.11085 12.348 0.0028076172 0.1689902029
205.08168 1.646 0.0028076172 0.2523416430
217.05670 5.627 0.0028076172 0.0933519928
464.08922 11.123 0.0028076172 -0.4554885398
307.14011 10.363 0.0033645630 0.1327531208
160.84199 11.608 0.0033645630 0.0980961908
255.04329 11.107 0.0033645630 0.2076216197
342.26364 10.588 0.0033645630 0.7468522755
347.84913 2.085 0.0033645630 0.3552231541
175.09635 5.995 0.0033645630 0.1278683334
363.16229 10.301 0.0033645630 0.2978878496
309.18085 10.921 0.0033645630 0.1757391091
186.11247 5.226 0.0040054321 0.1389625466
417.30441 12.205 0.0040054321 -23.1649323585
310.21667 9.245 0.0040054321 0.0090387695
197.15340 12.767 0.0040054321 0.1581863275
235.12873 7.948 0.0040054321 0.2344315905
453.18585 12.336 0.0040054321 0.1413030853
407.18846 10.548 0.0040054321 0.4258847189
255.82197 4.751 0.0040054321 0.4252220704
247.08243 10.759 0.0040054321 -0.4255452022
445.07303 5.714 0.0047454834 0.1123228797
427.09502 6.181 0.0047454834 0.3080593561
761.58417 12.508 0.0047454834 0.0000000000
161.09203 4.717 0.0047454834 0.2804623835
311.00842 7.066 0.0047454834 0.4214978148
256.16943 9.741 0.0047454834 0.1530806886
232.05761 9.265 0.0047454834 0.5187695365
276.14394 5.173 0.0055999756 0.4387169162
387.11466 5.628 0.0055999756 0.3571930429
295.12886 9.271 0.0055999756 0.2357663078
302.01923 4.916 0.0055999756 0.5325272428
226.08222 7.649 0.0055999756 0.0647949379
91.05396 10.004 0.0055999756 0.0601157589
640.16250 9.308 0.0055999756 0.2921574438
283.01366 7.055 0.0055999756 0.3801951039
210.13340 6.021 0.0055999756 0.0920308935
756.24129 8.822 0.0055999756 0.1264763536
177.10193 10.234 0.0055999756 0.1001274349
237.08673 7.957 0.0065765381 0.0743791803
302.01938 5.534 0.0065765381 0.4369453484
110.54142 0.75 0.0065765381 0.0354593751
423.12576 9.396 0.0065765381 0.0922387688
346.08652 8.44 0.0065765381 -0.6445373368
168.09294 7.024 0.0065765381 0.3756962931
297.98564 9.851 0.0065765381 0.1101166310
445.81506 12.734 0.0065765381 0.0000000000
190.11859 1.167 0.0076904297 0.1239977762
210.05010 7.041 0.0076904297 0.3683696010
116.07055 0.913 0.0076904297 0.2487115227
93.07378 0.817 0.0076904297 -0.0415052684
437.21277 12.146 0.0076904297 0.1577073912
191.98266 0.935 0.0076904297 0.2854161163
118.06085 1.015 0.0076904297 0.2222089170
210.05015 7.025 0.0076904297 0.3689031186
206.10229 7.942 0.0076904297 0.5043463662
174.08828 0.997 0.0076904297 0.4360537129
345.07263 11.048 0.0076904297 0.3177603721
128.04539 9.945 0.0076904297 0.1090622418
663.43469 12.755 0.0089645386 0.2318092288
379.19346 9.538 0.0089645386 0.1702557694
296.20090 9.244 0.0089645386 0.0400567380
249.10805 2.365 0.0089645386 0.4989771591
368.27930 10.977 0.0089645386 0.5534591127
207.14903 10.244 0.0089645386 0.0853772217
102.95673 5.012 0.0104064941 0.1605978002
430.36731 0.756 0.0104064941 0.0775999163
399.49400 1.286 0.0104064941 0.3040073534
119.08140 9.653 0.0104064941 0.1790977272
321.89737 5.269 0.0104064941 0.1136639732
176.06577 1.113 0.0104064941 0.4061440183
131.08252 0.985 0.0104064941 0.4327334705
189.15960 1.36 0.0104064941 0.1590149811
102.95674 5.952 0.0104064941 0.1042898761
151.09639 3.899 0.0104064941 0.1497168841
583.15175 9.301 0.0104064941 1.3477867551
242.98245 7.562 0.0104064941 0.2121492091
195.12266 6.237 0.0104064941 0.0688998566
113.03078 1.938 0.0120315552 0.4615254814
83.53570 0.571 0.0120315552 0.0408624939
219.12255 11.03 0.0120315552 0.0000000000
113.03080 1.937 0.0120315552 0.5706137767
120.08070 7.05 0.0120315552 0.3757482807
551.22772 8.55 0.0120315552 0.2566072861
235.96117 3.8 0.0120315552 0.1842672181
213.03271 11.009 0.0120315552 0.0703916678
136.04808 1.003 0.0120315552 0.2885541522
199.06869 9.063 0.0120315552 0.1561279733
103.04006 2.128 0.0120315552 0.6834969973
149.08072 5.991 0.0120315552 0.2144529314
220.11785 6.676 0.0120315552 0.2762254791
132.99174 11.641 0.0138702393 0.1672090888
147.07632 5.289 0.0138702393 0.1448190629
199.06892 9.647 0.0138702393 0.1632735925
286.20099 9.676 0.0138702393 0.3571871998
220.98079 11.494 0.0138702393 0.0000000000
276.00377 4.139 0.0138702393 0.1148543244
328.24808 10.663 0.0138702393 0.7438819147
319.00836 0.533 0.0138702393 0.0613535425
272.16433 10.137 0.0138702393 0.1501386522
117.06976 7.935 0.0138702393 0.0972213918
612.88161 0.614 0.0138702393 0.1244407679
135.10161 5.036 0.0159301758 0.0170112280
489.16273 12.42 0.0159301758 0.1569953371
202.01221 0.86 0.0159301758 0.1570208236
317.05589 8.206 0.0159301758 0.1741659241
326.23230 10.263 0.0159301758 -3.5629775028
257.11322 8.472 0.0159301758 0.0395623263
258.12554 8.709 0.0159301758 0.0400384099
128.03523 4.581 0.0159301758 0.1447976196
317.05597 8.648 0.0159301758 0.1800072767
490.28535 11.201 0.0159301758 0.5875510213
509.38014 12.432 0.0182342529 0.0728344116
291.20654 9.885 0.0182342529 0.0453703336
268.15443 8.687 0.0182342529 0.0000000000
145.06186 0.91 0.0182342529 0.1829666627
196.09682 7.784 0.0182342529 0.0996071298
215.17541 7.058 0.0182342529 0.1619987238
73.06475 7.028 0.0182342529 0.0537128732
217.11826 7.86 0.0182342529 0.2220890988
255.82195 4.296 0.0182342529 0.1814539136
102.95662 5.572 0.0182342529 0.1759629657
659.33848 0.69 0.0182342529 0.1952192601
178.05854 1.363 0.0182342529 0.5263296745
188.06636 9.702 0.0182342529 0.0785646314
115.07521 4.193 0.0208129883 0.1686243221
290.15961 6.066 0.0208129883 0.5418547621
162.83902 11.979 0.0208129883 -0.1176553207
377.14150 10.798 0.0208129883 0.8257237775
408.08248 9.042 0.0208129883 0.1598426653
321.89751 4.849 0.0208129883 0.5772817853
317.05572 7.921 0.0208129883 0.1936274550
171.02739 2.092 0.0208129883 0.4112265747
95.01369 0.988 0.0208129883 -0.0771705177
261.14441 5.814 0.0208129883 0.3503670170
146.06332 5.783 0.0236740112 -3.1221866277
201.01679 2.458 0.0236740112 1.0604967020
148.06036 0.977 0.0236740112 0.4607167258
352.16861 12.568 0.0236740112 0.0896577413
217.06176 9.907 0.0236740112 0.2329886682
209.83365 4.953 0.0236740112 0.1096179670
245.16055 5.096 0.0236740112 -0.1585968318
376.21774 9.262 0.0236740112 0.0575931228
165.01160 11.331 0.0236740112 0.2908707169
311.00024 10.987 0.0236740112 -0.0205289099
230.08427 9.943 0.0268478394 0.0571146663
173.92615 11.13 0.0268478394 -0.1328259122
228.12846 0.972 0.0268478394 0.0426103272
168.12290 3.516 0.0268478394 0.1565593625
200.07205 9.032 0.0268478394 0.1029625097
294.20602 6.275 0.0268478394 0.0588272057
159.07624 9.146 0.0268478394 0.2064022527
243.11284 11.056 0.0268478394 0.0897016246
652.35148 0.688 0.0268478394 0.2804820891
548.29046 12.305 0.0268478394 0.1716995481
189.08795 4.9 0.0268478394 1.2524093158
233.10721 6.699 0.0303649902 -0.0922552098
307.11093 11.428 0.0303649902 0.0982891584
418.16272 8.633 0.0303649902 0.0657043862
146.08105 6.033 0.0303649902 0.2627566359
212.11807 9.798 0.0303649902 0.6679930570
96.96958 2.479 0.0303649902 0.2954644894
203.04007 4.18 0.0303649902 0.3603200616
214.08938 9.197 0.0303649902 0.0631761499
174.14874 8.541 0.0303649902 -24.1974228331
130.04974 4.011 0.0303649902 0.1788410096
647.41104 12.469 0.0303649902 -0.1003033926
175.05762 0.989 0.0303649902 0.2043265458
256.01510 9.976 0.0303649902 -0.1933422784
119.07014 6.478 0.0303649902 0.1066291990
133.09701 9.684 0.0303649902 0.1394129423
266.06696 10.05 0.0303649902 -30.3677173165
159.07617 9.025 0.0303649902 0.1997117376
154.12262 4.195 0.0303649902 0.0901879316
281.15950 9.565 0.0303649902 0.0361605750
324.09111 12.039 0.0342330933 0.1148289343
780.21894 9.092 0.0342330933 0.1136398221
156.07664 1.417 0.0342330933 0.2642188399
158.09236 9.95 0.0342330933 0.0543901868
126.10252 0.936 0.0342330933 0.1809285807
695.42517 12.546 0.0342330933 0.1559828761
175.11892 1.026 0.0342330933 0.0712813159
191.06606 11.966 0.0342330933 0.1386892135
221.05068 9.929 0.0342330933 0.0960022616
557.34613 12.217 0.0342330933 0.0847535582
166.94304 3.234 0.0342330933 0.0821724135
427.21881 10.726 0.0342330933 -0.1174119758
306.08103 11.419 0.0342330933 0.0777034963
181.05831 4.499 0.0342330933 0.2402199423
450.01277 1.949 0.0342330933 0.2552794690
136.04800 1.494 0.0342330933 0.2289530866
172.20593 8.813 0.0384902954 0.0540196745
335.19002 11.609 0.0384902954 0.2469687410
275.03886 11.955 0.0384902954 0.1908969002
257.09930 9.85 0.0384902954 0.0990911966
340.26912 12.54 0.0384902954 0.1007127662
330.91568 12.664 0.0384902954 0.1175344425
130.08616 0.963 0.0384902954 0.2225303663
333.11538 10.392 0.0384902954 1.5185049758
159.07629 1.01 0.0384902954 0.2158276282
223.14409 9.125 0.0384902954 0.1144958612
305.09646 11.916 0.0384902954 -0.1258188654
119.52785 7.619 0.0431671143 -0.5543078602
412.30566 11.373 0.0431671143 0.1701452201
168.12286 3.898 0.0431671143 0.3031018505
125.02431 1.208 0.0431671143 -0.1414311333
162.07595 3.034 0.0431671143 0.2468703600
98.98413 2.329 0.0431671143 0.0636022989
157.06169 4.523 0.0431671143 0.2071908455
246.97734 4.126 0.0431671143 0.2768796635
386.29016 12.02 0.0431671143 0.0240991892
310.11444 1.459 0.0431671143 0.1445429543
434.15768 9.106 0.0431671143 0.0577226274
155.15427 5.154 0.0431671143 -0.1203581894
310.11444 1.452 0.0431671143 0.1426927458
129.05452 7.943 0.0431671143 0.1469581046
195.05086 2.523 0.0482788086 0.1466347530
101.02432 0.988 0.0482788086 -0.0598022706
101.07077 0.99 0.0482788086 0.2009850471
195.05092 2.207 0.0482788086 0.1980046225
328.24829 9.581 0.0482788086 0.1226135417
286.20103 9.535 0.0482788086 0.2850062904
179.09351 9.273 0.0482788086 0.1981044840
583.16022 8.649 0.0482788086 0.1147725425
225.93234 3.726 0.0482788086 0.1090824686
105.01920 1.397 0.0538558960 0.1593142629
180.97290 1.07 0.0538558960 0.1914554225
361.18300 10.229 0.0538558960 0.6137875785
73.07600 9.618 0.0538558960 0.1982871624
231.07733 11.943 0.0538558960 0.0931576290
471.19640 11.271 0.0538558960 0.0000000000
147.11269 2.171 0.0538558960 0.2283374330
132.10186 1.065 0.0538558960 0.4746329239
133.10515 1.114 0.0538558960 0.4689804220
217.04958 0.799 0.0538558960 0.2209409815
426.35752 12.401 0.0599365234 0.4989805835
196.09681 9.124 0.0599365234 0.2481401798
178.09031 10.06 0.0599365234 0.2309600743
387.28674 11.884 0.0599365234 -0.0586803621
177.10207 3.9 0.0599365234 0.0468163242
193.03524 2.468 0.0599365234 0.2518720526
694.92303 12.344 0.0599365234 0.1517858363
189.14840 10.117 0.0599365234 0.2472669542
164.95691 2.482 0.0599365234 0.1746332047
181.06275 0.995 0.0599365234 -0.1367355951
406.07755 8.931 0.0599365234 0.1224190691
193.10697 8.321 0.0599365234 0.0575246896
217.04941 1.246 0.0599365234 0.1528196118
102.05483 8.933 0.0599365234 0.1518920774
281.02414 3.841 0.0665359497 0.0550322938
209.13823 7.93 0.0665359497 0.1014236634
81.52054 0.787 0.0665359497 0.2240941491
141.01566 3.755 0.0665359497 0.1250540675
178.08377 9.047 0.0665359497 0.2561644824
199.96928 8.234 0.0665359497 -0.1164229091
91.00367 9.096 0.0665359497 0.0426044234
179.09099 9.09 0.0665359497 0.2502777075
396.03459 4.792 0.0665359497 0.0871167085
336.85849 10.106 0.0665359497 -0.0917848692
277.15562 9.231 0.0665359497 0.1145761792
137.04564 10.098 0.0665359497 0.5955404900
104.07053 0.875 0.0665359497 0.2287998718
642.31799 0.711 0.0665359497 0.0361272970
214.03322 0.96 0.0665359497 0.3145586239
179.05488 1.986 0.0665359497 0.0992644320
322.94348 10.845 0.0736846924 -0.1022689359
238.09924 7.85 0.0736846924 0.0356190046
226.95144 0.643 0.0736846924 0.0865520942
296.95007 11.91 0.0736846924 -27.8465639821
243.13377 10.443 0.0736846924 0.3188366381
258.15462 8.299 0.0736846924 0.0413360900
487.28036 11.49 0.0736846924 -0.0686354915
131.08129 8.998 0.0736846924 0.1661113621
230.98854 11.635 0.0736846924 0.0985157133
80.97482 3.003 0.0736846924 0.0594674373
138.05490 5.226 0.0736846924 0.4304397073
149.04539 1.234 0.0736846924 -0.2175852973
210.13344 8.407 0.0736846924 0.0778073844
111.52172 12.498 0.0736846924 -0.1419535747
108.94851 0.711 0.0736846924 0.1830587610
276.00379 4.592 0.0814285278 0.0844747978
239.14878 8.324 0.0814285278 0.1794223990
161.04543 0.992 0.0814285278 -0.0443175800
233.07664 7.143 0.0814285278 0.0357416821
99.09158 0.871 0.0814285278 -0.1887372364
229.15463 3.876 0.0814285278 0.1057319497
112.98560 0.672 0.0814285278 0.0922995187
466.81659 1.86 0.0814285278 -0.0381562093
111.02004 12.395 0.0814285278 0.0000000000
272.94442 0.605 0.0897674561 0.0338786843
508.01346 5.713 0.0897674561 0.1270406899
316.94798 0.643 0.0897674561 0.0680847124
187.99651 0.829 0.0897674561 0.1561293800
174.04068 9.047 0.0897674561 0.4332851674
454.24306 9.525 0.0897674561 0.0940463732
582.15729 9.277 0.0897674561 0.1943430209
289.06771 9.654 0.0897674561 -4.3160279038
309.18077 10.914 0.0897674561 0.2291003190
331.95245 4.82 0.0897674561 -0.0989022648
582.15788 10.23 0.0897674561 0.1890368682
177.08682 8.887 0.0897674561 0.2436940767
203.04026 4.626 0.0897674561 0.2546678538
207.01410 0.908 0.0897674561 0.1466169077
256.10980 7.843 0.0897674561 0.0355152837
144.06544 5.699 0.0897674561 -0.2254154990
652.33835 11.955 0.0987396240 0.0935209964
85.07597 9.659 0.0987396240 0.1255967138
289.06943 3.383 0.0987396240 0.0320129032
131.03477 0.991 0.0987396240 -0.0756432632
129.06566 9.317 0.0987396240 0.1160618675
435.19839 11.83 0.0987396240 0.0841283215
71.01366 1.245 0.0987396240 -0.1197994445
269.12445 6.202 0.1083831787 0.1532653879
167.08539 12.572 0.1083831787 -0.2336198416
195.11263 6.089 0.1083831787 0.1693815736
520.33185 10.388 0.1083831787 -0.0146284964
421.20414 10.379 0.1083831787 0.1317298951
397.17136 10.833 0.1083831787 0.1340298812
726.82403 0.698 0.1083831787 0.1978009384
119.03487 0.991 0.1187057495 -0.0510064934
99.04488 1.009 0.1187057495 -0.1095180565
309.11905 9.619 0.1187057495 0.1040504932
183.11264 6.732 0.1187057495 0.1803586115
127.05112 0.93 0.1187057495 0.1326932378
118.05098 0.862 0.1187057495 0.1015875786
239.01650 0.999 0.1187057495 0.1981365276
239.01644 1.016 0.1187057495 0.1950644177
145.12218 6.4 0.1187057495 0.3023915750
418.95567 10.153 0.1187057495 0.0592725752
102.95672 6.736 0.1187057495 0.0503106907
88.07559 0.78 0.1187057495 0.0800019779
358.25885 9.566 0.1187057495 0.1563233292
146.08114 0.943 0.1187057495 0.1935354558
345.07272 11.44 0.1187057495 0.0994925962
699.36720 0.627 0.1187057495 0.1327846027
612.36945 9.954 0.1187057495 0.0642383885
253.11829 6.707 0.1187057495 0.0649970165
200.07224 9.616 0.1297378540 0.0959982393
305.06317 10.048 0.1297378540 0.0306158716
440.02592 5.068 0.1297378540 0.0578011571
191.08138 10.787 0.1297378540 0.1742560344
154.06217 1.055 0.1297378540 0.1936393482
524.15241 10.436 0.1297378540 0.0305981432
285.97708 9.15 0.1297378540 0.2418052445
269.08778 1.414 0.1297378540 -0.1429594889
308.20093 9.228 0.1297378540 0.1451511629
157.01166 1.778 0.1297378540 0.1462943856
269.02976 10.317 0.1297378540 0.0288921713
397.15988 10.063 0.1297378540 -0.1131649717
317.14536 3.942 0.1297378540 0.2729948310
310.20133 9.1 0.1297378540 0.0326261515
185.09192 7.552 0.1297378540 0.5158088194
279.11598 10.313 0.1415176392 -0.0711736953
118.08623 0.915 0.1415176392 0.1986560235
107.04896 8.69 0.1415176392 0.1334748942
190.92841 8.648 0.1415176392 -0.0557302888
113.09592 6.146 0.1415176392 0.3906056047
299.01967 4.218 0.1415176392 0.2250326048
353.16799 1.006 0.1415176392 0.0771970704
308.20098 9.244 0.1415176392 0.1121457390
157.14146 7.82 0.1415176392 0.0534497994
133.06070 0.894 0.1415176392 0.2366465255
179.08727 9.381 0.1415176392 0.0688493839
667.32529 0.715 0.1415176392 0.1220968827
307.11091 10.806 0.1415176392 -0.0589934237
382.14517 12.078 0.1415176392 -0.0852803385
242.28430 9.88 0.1415176392 0.1178027964
323.19003 11.58 0.1415176392 0.1420354037
318.05966 8.714 0.1540451050 0.0850279870
310.99992 9.847 0.1540451050 -0.0506305970
303.22939 0.639 0.1540451050 0.0696275291
307.85583 8.541 0.1540451050 -0.0349641229
107.07014 1.305 0.1540451050 0.2391105583
187.94177 12.093 0.1540451050 -0.0777958751
287.07730 9.604 0.1540451050 0.2984743442
180.05942 1.204 0.1540451050 -0.2039306308
134.04472 2.01 0.1540451050 0.2759898840
151.06264 11.301 0.1540451050 0.1664138794
172.13321 4.594 0.1540451050 0.0828982073
458.98352 1.44 0.1540451050 0.0715270411
302.06729 10.869 0.1540451050 0.0487272150
324.19171 10.394 0.1540451050 0.2009620171
131.07020 9.176 0.1540451050 0.0193603929
166.05314 0.939 0.1540451050 0.2910699583
310.17598 10.833 0.1540451050 0.2628040960
248.96050 0.661 0.1540451050 0.0564625900
180.01162 0.852 0.1673507690 0.2869474210
389.16269 10.288 0.1673507690 0.0197008808
173.92616 11.435 0.1673507690 -0.0371670723
177.11198 6.256 0.1673507690 0.1307762269
187.04184 1.45 0.1673507690 0.0435281396
379.97192 3.482 0.1673507690 0.0383243730
564.35886 10.759 0.1673507690 0.0045193345
149.11722 7.029 0.1673507690 0.0099604932
220.14418 9.691 0.1673507690 0.0451109848
72.08071 0.917 0.1673507690 0.2267236224
143.03486 0.991 0.1673507690 -0.0444705460
143.03485 0.992 0.1673507690 -0.0444705460
530.20775 7.351 0.1673507690 0.0246984714
258.15450 8.641 0.1673507690 0.4539868643
206.10331 0.816 0.1673507690 -0.1314073141
101.02426 1.2 0.1673507690 -0.1590579185
206.10339 0.808 0.1673507690 -0.1304323068
321.13092 8.71 0.1673507690 -0.0262347007
279.13378 10.427 0.1673507690 0.1249569696
551.22836 9.747 0.1673507690 0.0376176507
190.92839 9.84 0.1673507690 -0.0583277531
143.03486 0.991 0.1673507690 -0.0444705460
130.05081 0.9 0.1673507690 0.1259009789
197.12923 6.244 0.1814651489 0.0068020937
567.39009 0.618 0.1814651489 0.0817486753
284.17015 9.68 0.1814651489 -0.1703921359
209.06651 1.5 0.1814651489 -0.1769470678
197.80798 4.227 0.1814651489 0.0985664149
225.06165 1.205 0.1814651489 -0.2314432069
635.06859 9.138 0.1814651489 0.0222269493
209.10183 7.667 0.1814651489 0.2783044300
279.01201 9.316 0.1814651489 0.1802904410
129.93629 10.623 0.1814651489 -0.0715259077
150.05495 10.804 0.1814651489 0.2224926428
333.09137 11.511 0.1814651489 -0.1319470295
227.89438 8.954 0.1814651489 -0.0684365337
141.06581 4.488 0.1814651489 0.1737730204
321.89743 5.763 0.1814651489 -0.0145259988
329.08807 11.946 0.1814651489 0.2117398576
783.81581 0.699 0.1814651489 0.0389418216
315.04150 8.971 0.1814651489 -0.0509619217
441.19742 11.281 0.1814651489 0.0995658537
384.11905 1.015 0.1814651489 -0.2113841623
409.08652 10.494 0.1814651489 0.0900466577
419.04828 1.448 0.1814651489 0.1461732664
553.88232 12.299 0.1814651489 0.0736458790
237.12318 6.91 0.1963882446 -0.0254437168
166.08610 7.964 0.1963882446 0.2071830612
81.52049 1.948 0.1963882446 0.1145909114
226.92738 2.457 0.1963882446 0.1772623148
116.07153 0.909 0.1963882446 0.2332168216
360.02505 8.292 0.1963882446 -0.0768781003
320.20668 12.357 0.1963882446 0.0777962277
160.07973 4.375 0.1963882446 0.1118166031
331.09246 10.166 0.1963882446 -0.0875703161
203.05259 1.204 0.1963882446 -0.0852382171
131.08142 4.505 0.1963882446 0.1057849170
323.14249 11.965 0.1963882446 0.1083456476
311.00019 10.587 0.1963882446 -0.0162359738
249.15572 1.016 0.1963882446 0.0648665542
204.12289 1.12 0.2121429443 0.1680794865
780.21934 9.608 0.2121429443 0.0089943093
133.08579 6.236 0.2121429443 0.0773657961
165.06909 3.268 0.2121429443 -0.0401758517
210.06989 1.178 0.2121429443 0.1570287652
432.27996 10.695 0.2121429443 -26.4424442815
237.08688 10.308 0.2121429443 0.2551648565
152.05663 10.045 0.2121429443 0.0902788624
487.30560 11.514 0.2121429443 -0.0341923983
188.16425 9.634 0.2121429443 0.0325760907
349.60466 1.028 0.2121429443 0.1111414083
290.13862 11.042 0.2121429443 0.0000000000
188.93295 2.197 0.2121429443 -0.0658660831
439.68412 3.58 0.2121429443 -0.0749717332
88.03921 2.029 0.2121429443 0.1896992767
99.51218 7.619 0.2121429443 -0.0630508106
190.92833 2.326 0.2121429443 -0.0905798320
90.52582 0.761 0.2121429443 0.1364885903
228.07861 8.707 0.2121429443 -0.2106802239
196.14204 0.68 0.2121429443 0.0192444026
87.05520 0.896 0.2121429443 0.1216315802
270.19113 8.84 0.2287521362 0.0158406623
415.25378 9.765 0.2287521362 -0.0220818666
86.05991 1.918 0.2287521362 0.1329163389
258.91731 1.113 0.2287521362 0.1264738899
333.14431 9.911 0.2287521362 0.1328545113
145.04935 0.994 0.2287521362 -0.2055340892
298.05252 1.172 0.2287521362 0.1403341483
415.54919 1.007 0.2287521362 -0.1166163601
180.06532 8.396 0.2287521362 0.1005257492
145.04945 1.0 0.2287521362 -0.2055340892
575.39471 12.566 0.2287521362 0.0522436242
186.07591 5.789 0.2287521362 0.0868440387
211.14407 9.009 0.2287521362 0.2351007754
265.11811 10.779 0.2287521362 0.1860646996
223.11742 8.987 0.2287521362 0.0000000000
228.99393 11.618 0.2287521362 0.0727120221
707.35472 0.668 0.2287521362 0.0664398165
383.24276 12.069 0.2287521362 0.0087909638
227.03508 9.688 0.2287521362 0.0582815443
780.21936 9.632 0.2462081909 0.0154312354
229.91606 11.99 0.2462081909 0.0734515786
127.03890 1.207 0.2462081909 -0.0552199291
241.15468 4.688 0.2462081909 0.0188994590
160.13313 0.929 0.2462081909 0.0754796355
725.29382 9.519 0.2462081909 0.2520524040
91.05396 9.695 0.2462081909 0.0442548616
199.09645 9.587 0.2462081909 0.2145921500
241.03105 1.001 0.2462081909 0.1209387988
258.11248 9.938 0.2462081909 0.0184810405
257.02774 4.803 0.2462081909 0.3412870720
360.96807 11.999 0.2462081909 0.0407971483
86.09628 1.047 0.2462081909 0.1577856780
461.80297 1.263 0.2462081909 0.0877437755
86.09634 1.065 0.2462081909 0.1568610339
235.07137 9.931 0.2462081909 0.0337998010
314.18103 9.221 0.2462081909 -0.1498087676
171.09920 7.29 0.2462081909 -0.0112922799
272.17023 7.569 0.2645263672 0.0702363247
232.15429 4.856 0.2645263672 0.0949520622
365.10514 4.803 0.2645263672 0.1444356610
575.39459 12.631 0.2645263672 0.0390708031
104.03526 0.832 0.2645263672 0.1189643807
525.28825 10.405 0.2645263672 -0.0133195474
582.15797 10.491 0.2645263672 0.0655896037
356.24298 12.717 0.2645263672 0.0446648183
203.00457 1.459 0.2645263672 0.0487344032
379.17993 11.998 0.2645263672 0.0783849008
147.07643 0.914 0.2645263672 0.1931933592
698.16849 9.637 0.2645263672 0.0500223024
332.24300 9.924 0.2645263672 0.0627652957
473.97051 0.82 0.2645263672 -0.1504836560
76.07560 0.762 0.2645263672 0.1316727819
223.09228 0.991 0.2645263672 0.1415012103
237.08701 10.015 0.2645263672 0.1190369464
190.92842 5.012 0.2645263672 -0.0416548785
100.07559 1.37 0.2837295532 0.1046788235
205.06814 1.161 0.2837295532 0.0596329267
315.04161 9.833 0.2837295532 -0.0219759569
316.04492 9.022 0.2837295532 -0.0344510352
110.54134 1.31 0.2837295532 0.0549878485
414.30011 11.739 0.2837295532 -0.1446779051
258.91571 10.016 0.2837295532 -0.0505586111
314.18103 9.232 0.2837295532 -0.1235601926
138.05484 4.812 0.2837295532 0.1666923408
711.06927 2.468 0.2837295532 0.3412361789
256.93816 2.426 0.2837295532 0.0597301827
372.25891 11.165 0.2837295532 0.1440690774
165.01913 9.687 0.2837295532 0.1540543014
233.12847 10.953 0.3037948608 0.0781360016
149.04551 1.551 0.3037948608 0.0943709127
124.00731 0.904 0.3037948608 0.1354510465
211.08237 1.037 0.3037948608 -0.1808716543
725.33091 10.798 0.3037948608 0.1386628985
113.02429 0.991 0.3037948608 -0.0359976943
223.96317 2.425 0.3037948608 0.1049063223
211.10753 8.605 0.3037948608 0.1923022597
258.10995 0.974 0.3037948608 0.2471421743
437.23557 9.826 0.3037948608 0.0125768270
129.06569 0.987 0.3247299194 0.0028302539
190.92843 10.84 0.3247299194 -0.0656997425
168.07780 1.032 0.3247299194 0.0257635696
239.12775 12.444 0.3247299194 0.0135693003
252.12307 9.556 0.3247299194 0.1897462778
89.02439 1.449 0.3247299194 0.0693341158
221.15347 12.88 0.3247299194 -0.1111138474
150.12764 10.599 0.3247299194 0.0280430961
311.00018 10.361 0.3247299194 -0.0071925599
233.87537 2.909 0.3247299194 0.0765488374
725.33099 11.1 0.3247299194 0.1139754312
146.93845 2.351 0.3247299194 -0.0560483258
180.06885 1.005 0.3247299194 0.1123010273
304.15421 10.089 0.3247299194 0.0261754469
88.04027 1.037 0.3247299194 0.1071903478
182.08107 8.577 0.3247299194 0.1519842555
314.34186 10.586 0.3247299194 -0.0676407309
569.26508 11.514 0.3247299194 -0.0215080678
270.08905 11.955 0.3247299194 -0.0920280909
90.50687 7.619 0.3247299194 -0.0830526839
360.99793 9.63 0.3247299194 0.0311481355
672.85934 0.671 0.3465499878 -0.0003249147
217.03298 1.411 0.3465499878 0.0201455310
190.92835 1.975 0.3465499878 -0.0515428488
233.00668 11.007 0.3465499878 0.0690423779
169.97727 2.61 0.3465499878 0.1119075030
249.02274 11.666 0.3465499878 0.0797151239
245.21099 11.725 0.3465499878 0.1426762905
165.11209 5.944 0.3465499878 0.1447300979
382.58487 0.991 0.3465499878 0.0860707074
132.06535 4.662 0.3465499878 0.2685486802
348.89496 2.036 0.3465499878 0.0382303534
165.07559 2.494 0.3692169189 -0.0894913918
189.13456 6.238 0.3692169189 0.0704237306
79.51944 1.507 0.3692169189 0.0902579882
132.03019 2.166 0.3692169189 0.0095114650
180.10164 9.656 0.3692169189 -0.0065725573
432.14178 9.674 0.3692169189 0.0480816148
303.20673 9.547 0.3692169189 0.0441902502
198.12756 10.512 0.3692169189 0.0272326930
267.17197 12.682 0.3692169189 0.1536599997
187.87337 8.733 0.3692169189 -0.0416040872
185.11830 12.558 0.3692169189 -0.0396244180
161.12841 1.01 0.3692169189 0.0931429786
187.07130 10.882 0.3692169189 0.1354868222
197.06686 8.384 0.3692169189 -0.0051562713
179.08471 6.26 0.3692169189 -0.4123322446
187.87340 8.427 0.3692169189 -0.0493922053
135.02986 1.549 0.3692169189 -0.1005560780
377.91455 5.802 0.3927383423 -0.0170113010
515.56788 1.001 0.3927383423 -0.1950203411
190.92842 8.022 0.3927383423 -0.0232016697
257.09938 9.828 0.3927383423 0.0140079332
314.18100 9.212 0.3927383423 -0.1233523570
83.03866 0.637 0.3927383423 0.0174969729
223.98822 12.487 0.3927383423 0.1206435972
188.94916 1.43 0.3927383423 -0.0677538324
421.20432 9.899 0.3927383423 0.1167898146
222.99521 11.996 0.3927383423 0.0201130267
260.16772 11.756 0.3927383423 -0.3289222059
203.05260 0.997 0.3927383423 -0.0910927479
219.96644 7.563 0.3927383423 0.0097566273
188.94906 1.465 0.3927383423 -0.0732182960
264.17474 9.936 0.3927383423 0.1201512549
522.20241 6.584 0.3927383423 0.2807680017
241.10289 0.989 0.3927383423 0.1321495365
418.95567 10.374 0.3927383423 -0.0016348370
203.05251 1.003 0.3927383423 -0.0910927479
189.08695 10.311 0.3927383423 0.0588606845
203.01723 1.563 0.3927383423 -0.0664291397
163.09646 8.511 0.3927383423 -0.0004506482
255.04659 1.162 0.3927383423 0.1015388792
228.99405 11.33 0.3927383423 0.1103616215
88.98779 8.834 0.3927383423 0.0000000000
182.98610 9.194 0.3927383423 0.0000000000
421.16730 12.055 0.3927383423 0.0410793950
447.08203 1.032 0.4171142578 0.1557536397
212.07631 2.342 0.4171142578 0.1059285338
396.31046 11.517 0.4171142578 0.1181037218
117.09095 7.027 0.4171142578 0.0054249218
635.06930 10.43 0.4171142578 -0.0106781348
205.08172 2.444 0.4171142578 0.3669581371
419.14191 9.659 0.4171142578 -0.2848389723
719.96772 12.469 0.4171142578 0.1038049231
225.04926 4.79 0.4171142578 0.0910574071
204.05581 1.036 0.4171142578 -0.0685842503
88.07557 0.874 0.4171142578 0.0925326048
336.85871 2.805 0.4171142578 -0.0273708339
487.03583 1.444 0.4171142578 0.0655074862
201.98379 6.282 0.4422988892 0.0086798516
115.03881 4.262 0.4422988892 0.0558389892
132.07667 1.015 0.4422988892 0.1124273730
243.75525 3.939 0.4422988892 0.0053839436
190.15486 1.3 0.4422988892 -0.0925380952
231.08377 4.726 0.4422988892 -0.0402804017
92.04305 1.438 0.4422988892 -0.0031776868
314.23240 10.038 0.4422988892 0.2983912600
356.27935 11.065 0.4422988892 0.2987782993
89.05965 3.335 0.4422988892 0.0528614037
313.01459 8.756 0.4422988892 0.0323531519
412.86265 1.253 0.4422988892 -0.0215658327
237.89749 2.487 0.4422988892 0.0911103100
401.24885 9.151 0.4422988892 0.0865332601
183.09899 6.515 0.4422988892 0.0876633594
134.89444 9.219 0.4422988892 0.0559550034
290.13863 10.97 0.4422988892 0.0000000000
440.29200 12.712 0.4422988892 0.2204358933
193.09712 6.272 0.4422988892 0.0193518232
315.04162 10.418 0.4422988892 -0.0038069601
272.95899 0.639 0.4682922363 0.0710204078
85.02830 0.999 0.4682922363 -0.1801243835
132.99174 11.311 0.4682922363 0.0111775365
128.95069 2.586 0.4682922363 0.0963038933
212.11265 2.743 0.4682922363 -0.0049057480
189.95895 3.192 0.4682922363 0.0705768461
105.05448 1.968 0.4682922363 0.4187578625
471.24462 10.798 0.4682922363 0.0511231690
97.02831 0.999 0.4682922363 -0.0720817542
317.18723 11.592 0.4682922363 -0.0216865260
635.06921 9.54 0.4682922363 -0.0099324669
120.06550 0.875 0.4950790405 0.0719504972
261.94159 4.797 0.4950790405 0.0000000000
198.09718 1.002 0.4950790405 -0.1127448923
160.93532 9.172 0.4950790405 -0.0295119509
612.85868 0.702 0.4950790405 0.0616425091
102.01944 2.648 0.4950790405 0.0585994131
118.04970 3.758 0.4950790405 0.1891459225
116.92850 11.957 0.4950790405 -0.1694604139
437.93057 3.589 0.4950790405 0.0635759282
240.11491 9.07 0.4950790405 -0.0079660477
176.12802 0.894 0.4950790405 0.0515374753
449.11725 0.993 0.4950790405 0.0096264829
108.04423 11.408 0.4950790405 0.2050000951
793.31830 11.544 0.4950790405 0.0233711969
374.59629 1.031 0.4950790405 0.1408195502
197.12844 8.684 0.4950790405 0.0288337550
199.10043 1.206 0.4950790405 0.0091396247
318.22760 10.422 0.4950790405 0.0113937550
147.11266 1.298 0.4950790405 0.0073015088
294.14084 3.52 0.4950790405 -0.0314450389
294.20617 9.687 0.5226135254 -0.0277947368
179.05607 7.974 0.5226135254 0.0231491525
507.57935 0.991 0.5226135254 0.0762254018
396.45639 11.969 0.5226135254 -0.0322026881
165.04176 12.772 0.5226135254 0.0469251547
245.21100 12.02 0.5226135254 0.1505059769
111.02019 7.619 0.5226135254 -0.0073495778
204.01919 9.981 0.5226135254 -0.0232816563
167.09123 2.306 0.5226135254 -0.0229139541
293.09537 12.356 0.5226135254 -0.0055108457
144.06298 0.713 0.5226135254 -0.0624905411
522.08875 9.141 0.5226135254 0.0373477330
102.95671 8.75 0.5226135254 -0.1069370690
279.18024 10.347 0.5226135254 -0.0070083318
353.26603 0.658 0.5226135254 -0.0793503720
180.08652 1.003 0.5226135254 -0.1121900262
778.20494 9.657 0.5226135254 0.0517769289
241.08692 11.965 0.5226135254 -0.1328001345
271.18060 10.852 0.5226135254 -0.1239729941
445.11963 12.49 0.5226135254 -0.0115955842
379.14947 11.1 0.5226135254 -0.1341293333
131.04616 0.888 0.5226135254 0.0632929392
227.17524 7.949 0.5508728027 -0.0023400783
195.99212 3.004 0.5508728027 0.0749344775
549.21370 9.63 0.5508728027 -0.1742069809
502.85944 1.678 0.5508728027 0.0461287478
201.03806 1.449 0.5508728027 0.0114598004
338.11688 6.931 0.5508728027 -0.0006608684
231.93170 11.761 0.5508728027 -0.0322165320
75.00862 7.446 0.5508728027 -0.1441064835
145.09707 0.931 0.5508728027 0.0986161386
312.21699 8.835 0.5508728027 0.0769702786
182.98867 11.912 0.5508728027 -0.0248700686
250.18018 7.42 0.5508728027 -0.0298869238
204.12297 0.92 0.5508728027 0.1045379348
372.25923 10.504 0.5508728027 -0.0228079644
250.17998 7.782 0.5508728027 0.0410114902
140.07021 1.019 0.5508728027 0.2323186399
140.07027 1.006 0.5508728027 0.2429338830
163.06002 1.001 0.5508728027 -0.0507213690
140.07022 1.01 0.5508728027 0.2348388641
125.87298 8.404 0.5508728027 -0.0237035352
205.12233 10.874 0.5508728027 0.1423275976
146.05992 10.774 0.5508728027 0.0429116832
240.15945 8.688 0.5508728027 -0.0496616075
783.57184 12.247 0.5508728027 0.0550797772
390.87042 6.254 0.5508728027 -0.2636297025
171.14906 0.951 0.5508728027 0.0348710271
269.08932 8.607 0.5508728027 0.0905419700
127.03885 1.001 0.5798416138 -0.1438630807
175.10759 1.012 0.5798416138 0.1113941075
432.04721 8.318 0.5798416138 0.1706654558
87.00860 1.205 0.5798416138 -0.0451825975
315.04139 9.462 0.5798416138 0.0117473101
111.02014 10.424 0.5798416138 0.0124380816
375.16199 11.717 0.5798416138 0.0260651340
438.97194 1.517 0.5798416138 0.0091312992
275.05621 0.754 0.5798416138 -0.0478132897
91.50454 9.41 0.5798416138 0.2873693054
582.15784 9.692 0.5798416138 0.0139595892
85.02931 0.991 0.5798416138 0.0121278464
247.07118 11.161 0.5798416138 0.1973617423
255.82207 3.971 0.5798416138 0.0371348375
146.93846 9.294 0.5798416138 -0.0531826067
190.92841 8.49 0.6094589233 -0.0075666386
279.13399 9.833 0.6094589233 0.1103826515
698.16820 9.398 0.6094589233 0.0047283509
231.17020 3.973 0.6094589233 -0.0497542421
325.17107 10.465 0.6094589233 -0.0142225333
265.15854 9.744 0.6094589233 0.0532425254
193.09709 3.414 0.6094589233 0.0271055818
137.04578 8.857 0.6094589233 -0.0472390440
144.10184 1.135 0.6094589233 0.3022384245
437.23540 10.424 0.6094589233 0.3388982751
437.29077 11.98 0.6094589233 -0.0117182918
298.18579 10.238 0.6094589233 0.1663457870
608.38342 11.87 0.6094589233 0.0449421401
201.02649 10.16 0.6094589233 -0.0018997099
504.99519 10.333 0.6094589233 -0.0411155374
331.17529 11.712 0.6094589233 -0.0208841854
283.16937 12.138 0.6094589233 -0.0597586801
247.14414 10.417 0.6396942139 -0.6593473066
139.53088 1.201 0.6396942139 0.0010171518
178.08624 9.139 0.6396942139 -0.1207109186
87.04396 1.983 0.6396942139 0.2180847939
508.08591 1.012 0.6396942139 0.0106344689
245.07683 8.42 0.6396942139 -0.0046274298
487.62840 3.778 0.6396942139 0.0452596501
156.96584 6.254 0.6396942139 0.0245360947
173.10430 1.503 0.6396942139 0.0094595637
410.56647 0.991 0.6396942139 -0.0018514557
205.10695 10.206 0.6396942139 0.0123938026
162.07594 1.02 0.6396942139 -0.0396331190
146.96114 0.743 0.6396942139 -0.0203017574
354.93174 12.592 0.6396942139 0.0059273643
182.10223 1.084 0.6396942139 0.0485991189
334.12581 1.044 0.6396942139 0.0254757331
281.24847 0.429 0.6396942139 0.0202588953
310.14136 10.22 0.6396942139 -0.0707137101
209.06660 1.251 0.6396942139 0.1764833704
266.08820 1.001 0.6705245972 0.0077727795
248.16462 9.682 0.6705245972 0.0706227721
226.12834 4.744 0.6705245972 -0.0344083820
78.91870 3.875 0.6705245972 -0.0000960478
283.10376 10.507 0.6705245972 -0.0045881914
146.96129 2.582 0.6705245972 0.1070070114
189.12341 0.99 0.6705245972 0.2122353091
278.17495 7.936 0.6705245972 -0.0318935829
162.07700 0.889 0.6705245972 -0.0107863227
209.94902 5.841 0.6705245972 0.1240611944
420.92733 9.22 0.6705245972 -0.0460164834
277.11832 10.94 0.6705245972 -0.0069531731
508.35937 12.585 0.6705245972 -0.0024866526
382.34265 11.093 0.6705245972 0.0652267216
175.04773 9.931 0.6705245972 0.0165338804
209.83377 4.275 0.6705245972 0.0046248523
366.11176 6.382 0.6705245972 -0.0054026965
90.50677 12.471 0.7018814087 0.1318810872
308.18542 9.698 0.7018814087 0.0037919553
177.14837 10.693 0.7018814087 -0.7224430428
245.09525 8.796 0.7018814087 0.1108322630
379.28156 0.626 0.7018814087 0.0656784271
89.05968 2.623 0.7018814087 0.0528649952
480.15680 12.579 0.7018814087 0.0575603822
405.01419 1.275 0.7018814087 0.0796075964
173.09203 1.034 0.7018814087 0.0707421823
115.03993 0.99 0.7018814087 -0.0088732376
320.13331 1.017 0.7018814087 -0.0723409718
150.02283 0.922 0.7018814087 0.0786021707
161.04539 1.564 0.7018814087 -0.0169766539
231.93157 9.376 0.7018814087 -0.0107435466
208.06134 11.426 0.7018814087 -0.1062569445
281.07666 10.459 0.7018814087 -0.0362423945
244.15546 11.136 0.7018814087 -0.0099613495
232.93500 9.648 0.7018814087 -0.0102721051
307.24774 12.579 0.7018814087 -0.1257686096
194.92729 4.977 0.7018814087 0.0136686695
346.00940 8.557 0.7018814087 0.0087860772
476.30655 10.048 0.7337265015 -0.0036529481
102.12759 12.537 0.7337265015 0.2809898862
191.13902 0.914 0.7337265015 0.0390923094
444.99817 11.416 0.7337265015 -0.0058426129
143.10651 6.511 0.7337265015 -0.0210228730
504.99520 10.63 0.7337265015 -0.0203612223
385.90170 1.566 0.7337265015 -0.0636106072
191.08147 10.173 0.7337265015 0.0306836247
360.23904 9.879 0.7337265015 0.0020243308
174.95605 1.643 0.7337265015 0.0111169358
284.17018 9.876 0.7337265015 0.0065644016
269.13839 11.789 0.7337265015 0.0022259491
200.23726 9.743 0.7337265015 0.0134826678
409.06754 1.095 0.7337265015 0.0593678745
146.11750 0.877 0.7660293579 -0.0495733137
267.84787 4.643 0.7660293579 -0.0563972998
632.05529 1.0 0.7660293579 -0.1169401915
261.09446 1.214 0.7660293579 -0.0046868400
242.02522 10.323 0.7660293579 0.0150603426
181.07165 0.988 0.7660293579 0.0480593458
205.06813 0.998 0.7660293579 0.0407953509
225.07557 11.622 0.7660293579 -0.0210323128
486.24869 9.759 0.7660293579 0.0216543946
518.83193 1.289 0.7660293579 -0.0391380418
169.09472 0.91 0.7660293579 0.0638343861
150.05492 9.579 0.7660293579 0.0010071160
92.52214 1.525 0.7660293579 0.0382617496
246.04396 9.126 0.7660293579 0.0594991753
88.11195 0.79 0.7660293579 -0.0200949167
316.04490 10.475 0.7660293579 -0.0030589491
90.52578 1.842 0.7660293579 -0.0242848042
721.86372 0.651 0.7987060547 -0.0024744705
173.09307 1.007 0.7987060547 -0.1005827465
269.05336 10.389 0.7987060547 -0.0375870429
315.04155 8.621 0.7987060547 0.0226779789
459.28007 10.076 0.7987060547 -0.0114595119
97.02825 1.049 0.7987060547 0.0212282984
276.13611 4.661 0.7987060547 -0.0042134224
388.25410 9.464 0.7987060547 -0.0097787702
76.03924 0.818 0.7987060547 0.0101625586
185.00655 4.81 0.7987060547 -0.9227323681
477.00025 10.29 0.7987060547 -0.0317022403
328.10279 10.232 0.7987060547 -0.0414069137
101.07896 2.801 0.7987060547 0.0799138930
236.58849 1.017 0.8317260742 0.0402922497
130.06211 1.029 0.8317260742 -0.0601758775
231.93167 11.489 0.8317260742 -0.0159778926
219.07643 9.969 0.8317260742 0.0293880844
85.02833 1.167 0.8317260742 -0.0083509224
447.89196 1.202 0.8317260742 -0.0639269511
632.05540 0.993 0.8317260742 -0.1036495264
199.03354 0.882 0.8317260742 0.0220910032
185.03049 9.821 0.8317260742 -0.0232269735
202.17990 9.685 0.8317260742 -0.0131520703
417.03007 9.815 0.8317260742 -0.0041239273
161.96956 5.914 0.8317260742 -0.0068040510
416.28513 11.536 0.8317260742 0.1249254842
526.33502 11.108 0.8317260742 0.0209129417
219.07628 10.787 0.8317260742 0.0981412800
397.11301 1.167 0.8317260742 -0.0227989564
264.07714 0.994 0.8650436401 0.0099870204
344.22801 9.105 0.8650436401 -0.0015524742
247.03088 1.446 0.8650436401 0.0738037123
158.04011 0.897 0.8650436401 0.0526566549
126.97144 0.943 0.8650436401 -0.0700304667
261.21717 11.699 0.8650436401 -0.0025887453
635.06932 10.199 0.8650436401 -0.0228858296
96.04426 4.377 0.8650436401 0.0706790437
152.03747 0.922 0.8650436401 0.0317245534
785.50444 12.594 0.8650436401 0.0014397046
88.07560 1.067 0.8650436401 0.0438002323
208.10014 4.098 0.8650436401 -0.0075983195
126.97134 0.92 0.8650436401 -0.0706647633
371.12243 11.684 0.8650436401 0.0026122407
272.07651 7.249 0.8650436401 0.0052747093
259.18052 10.234 0.8650436401 -23.9119548963
180.13815 10.712 0.8650436401 -0.0113896513
401.15295 10.707 0.8650436401 -0.0089541163
229.56254 1.202 0.8650436401 -0.0380042095
278.19036 9.315 0.8650436401 -0.0018516718
209.83376 3.865 0.8650436401 0.0100807216
465.12645 12.602 0.8985748291 0.0572709466
584.16293 9.677 0.8985748291 0.0222333364
689.95621 12.574 0.8985748291 -0.0046085761
189.12329 3.624 0.8985748291 0.1277521665
367.10526 0.978 0.8985748291 -0.1210289279
190.92831 11.975 0.8985748291 -0.0504205881
416.37491 11.688 0.8985748291 -0.0293185146
414.33618 10.38 0.8985748291 -0.2557515463
367.10513 0.988 0.8985748291 -0.1210678168
344.22784 9.107 0.8985748291 -0.0037625692
412.19637 8.44 0.8985748291 -0.0192853332
111.02000 9.054 0.8985748291 0.0143161476
180.08653 1.783 0.8985748291 -0.0630325487
100.07559 2.81 0.8985748291 0.1169445944
185.12834 7.4 0.8985748291 0.1367604707
327.93213 5.808 0.8985748291 -0.0035099276
325.20100 11.795 0.8985748291 -0.0080454030
146.96100 1.206 0.8985748291 -0.0300568534
326.70016 9.515 0.8985748291 0.0228984776
363.06231 1.036 0.8985748291 -0.0919884494
105.03673 2.076 0.8985748291 0.0478152956
302.23231 9.527 0.8985748291 -0.0132623720
106.04982 0.84 0.8985748291 -0.0054378369
117.08494 1.011 0.8985748291 0.0117094083
101.05956 10.514 0.8985748291 0.0150608964
446.29603 10.761 0.9322814941 -0.0041747622
219.19531 12.438 0.9322814941 0.0297167183
199.10770 8.742 0.9322814941 0.0113920198
200.54568 1.004 0.9322814941 -0.1267547437
303.91345 1.715 0.9322814941 0.0475541240
83.03560 0.578 0.9322814941 0.0061247406
349.10883 0.973 0.9322814941 -0.0369899157
416.35181 10.38 0.9322814941 -0.0991359310
262.18017 8.577 0.9322814941 0.0027357625
311.12905 0.991 0.9322814941 -0.0492986625
493.13580 8.792 0.9322814941 0.1525696361
71.06032 9.925 0.9322814941 0.0296491840
388.87366 2.809 0.9322814941 0.0035557550
434.87184 1.655 0.9661178589 -0.0049806530
111.02003 12.66 0.9661178589 0.0451382261
288.21670 9.624 0.9661178589 -0.0677300065
184.04007 6.249 0.9661178589 -0.0423853635
384.12233 6.947 0.9661178589 0.0036925799
290.26883 12.224 0.9661178589 0.1791791744
271.09953 11.391 0.9661178589 -0.0048777033
261.12341 10.988 0.9661178589 -0.0184403076
200.10289 1.337 0.9661178589 0.0214547408
297.04541 6.041 0.9661178589 -0.0003584592
236.22177 12.503 0.9661178589 0.0760803335
183.07790 9.596 0.9661178589 -0.0080512664
348.98978 11.448 1.0000000000 -0.0478821851
215.86845 7.975 1.0000000000 -0.0042193804
198.04960 1.023 1.0000000000 -0.0250115887
388.25419 9.449 1.0000000000 -0.0040846765
353.14236 11.998 1.0000000000 -0.0381881772
90.05492 0.83 1.0000000000 -0.0567699749
264.09794 10.479 1.0000000000 0.0118059553
269.08792 0.988 1.0000000000 -0.0231098870
153.06571 9.803 1.0000000000 0.0018199372
244.07913 1.192 1.0000000000 0.0121360026
665.37395 0.645 1.0000000000 -0.0098062350
153.12730 10.118 1.0000000000 -0.0156675570
250.17998 6.152 1.0000000000 -0.0262905786
569.31421 11.238 1.0000000000 0.0546652715
131.54204 0.971 1.0000000000 -0.0551611523
379.14916 11.813 1.0000000000 -0.0594099667
239.09126 11.735 1.0000000000 -0.0320040185
364.09756 6.636 1.0000000000 0.0143887066
229.56251 1.002 1.0000000000 0.0145586775
130.08608 3.859 1.0000000000 -0.0121814137
