"m.z" "r.t" "p.value" "t.score"
464.08922 11.123 0.0000019073 -0.2346537385
220.98079 11.494 0.0000019073 -26.8110155974
245.16055 5.096 0.0000019073 -0.1689770336
155.15427 5.154 0.0000019073 -0.1938057367
307.11091 10.806 0.0000019073 -0.0880993227
291.20673 10.714 0.0000095367 28.2820760848
275.21163 9.852 0.0000095367 29.3308319799
279.11598 10.313 0.0000133514 -0.0875547251
295.07913 5.605 0.0000095367 0.3126034946
116.92850 12.983 0.0000133514 28.9914772103
253.05434 6.017 0.0000095367 1.0908273388
506.20748 7.308 0.0000057220 28.0972386513
604.13812 8.48 0.0000133514 28.1292798715
202.01221 0.86 0.0000133514 0.2598866021
279.11602 12.082 0.0000095367 2.0910540123
174.04068 9.047 0.0000095367 29.7351167562
289.15454 10.891 0.0000133514 25.8069466392
445.81506 12.734 0.0000095367 0.0000000000
305.09646 11.916 0.0000038147 -0.1198285726
297.09353 5.148 0.0000095367 21.7628099274
196.14204 0.68 0.0000133514 -0.1065783612
162.07700 0.889 0.0000190735 -0.6356495820
324.99643 2.073 0.0000190735 0.6459071038
290.13863 10.97 0.0000267029 0.0000000000
168.07661 2.356 0.0000267029 0.0000000000
290.13862 11.042 0.0000267029 0.0000000000
346.08652 8.44 0.0000362396 -0.5425727893
450.01277 1.949 0.0000629425 0.3982235635
348.10080 8.211 0.0000629425 -1.1905753980
185.11830 12.558 0.0000629425 -0.2023070332
269.12445 6.202 0.0000820160 -0.2727913915
371.17238 10.818 0.0000820160 0.8088868496
288.00378 4.675 0.0000820160 0.0000000000
229.05791 5.313 0.0001049042 0.3096820621
279.18024 10.347 0.0001335144 -0.0121339440
326.23230 10.263 0.0001335144 -0.8933468409
206.10339 0.808 0.0001678467 -0.4727835065
289.22728 9.974 0.0001678467 4.0154278775
266.06696 10.05 0.0001678467 -1.0351052715
206.10331 0.816 0.0001678467 -0.4730296598
261.18080 11.062 0.0002098083 27.9694079794
307.11092 12.054 0.0002098083 -0.3820080073
281.07666 10.459 0.0002098083 -0.4033308491
217.11826 7.86 0.0002613068 0.3594825284
187.08647 12.053 0.0002613068 0.5330873937
118.05098 0.862 0.0003223419 0.2899706941
250.17998 6.152 0.0004825592 -0.0935495703
219.07628 10.787 0.0004825592 -0.5526620355
170.11762 6.354 0.0004825592 0.1144132928
119.52785 7.619 0.0004825592 -0.2571675594
139.03992 10.477 0.0004825592 0.2542324705
569.26508 11.514 0.0004825592 -0.1172840401
76.03924 0.818 0.0004825592 -0.1838227166
186.11247 5.226 0.0004825592 0.1634469025
233.10721 6.699 0.0005855560 -0.1305810454
276.10116 7.893 0.0005855560 0.0000000000
237.08701 10.015 0.0005855560 -0.3402186945
305.22233 11.03 0.0005855560 0.4725684709
186.11234 2.243 0.0005855560 0.9132477642
428.05961 8.554 0.0007076263 1.9344079900
158.11745 10.092 0.0007076263 1.4813885271
335.22869 10.076 0.0007076263 1.8178897761
154.12262 4.195 0.0007076263 0.1222325943
264.09794 10.479 0.0007076263 -0.2908790861
205.12233 10.874 0.0007076263 -0.2201394703
309.12663 11.904 0.0007076263 0.2757541005
287.07730 9.604 0.0008506775 0.6921627567
172.09669 9.97 0.0008506775 0.7941777866
162.83902 11.979 0.0008506775 -0.1540436176
161.04543 0.992 0.0008506775 -0.0549381806
219.13381 10.095 0.0008506775 28.5143564099
172.09674 10.106 0.0010166168 1.8795197296
264.12424 11.817 0.0010166168 0.0000000000
174.14874 8.541 0.0010166168 -2.3519796937
360.02505 8.292 0.0010166168 -0.3291711035
207.14907 8.611 0.0010166168 0.3374742879
273.15962 10.88 0.0012092590 1.2787209828
90.50687 7.619 0.0012092590 -0.1099675812
263.12129 11.682 0.0012092590 0.0000000000
101.01674 5.642 0.0012092590 0.7524379026
321.89751 4.849 0.0012092590 29.4063827037
189.13456 6.238 0.0012092590 0.3119076949
101.02432 0.988 0.0012092590 -0.0516914479
242.13058 8.916 0.0012092590 -27.5976670646
146.05992 10.774 0.0012092590 -0.4074788720
144.06298 0.713 0.0014324188 -0.1052896566
229.15463 3.876 0.0014324188 -0.1623927053
113.03078 1.938 0.0016899109 0.8116932018
333.09137 11.511 0.0016899109 -0.1556332901
250.18018 7.42 0.0016899109 -0.1031013953
335.19002 11.609 0.0016899109 0.4614190563
191.13902 0.914 0.0019855499 -0.3999303447
104.03526 0.832 0.0019855499 -0.2720906925
113.03080 1.937 0.0019855499 0.8112041618
237.08688 10.308 0.0023250580 -0.6780941500
260.16772 11.756 0.0023250580 -0.3144737350
302.01938 5.534 0.0027122498 1.2992913939
783.81581 0.699 0.0027122498 -0.1637469208
397.17136 10.833 0.0027122498 0.2264343288
441.19742 11.281 0.0027122498 0.1116982367
226.09353 10.051 0.0027122498 0.1281529799
480.00681 6.217 0.0031528473 0.3583758009
412.19637 8.44 0.0036544800 -0.1452630377
239.01650 0.999 0.0036544800 -0.2199704961
111.08028 10.089 0.0036544800 0.3648519847
239.01644 1.016 0.0036544800 -0.2195140044
191.99763 10.928 0.0036544800 0.6744102918
261.14835 12.903 0.0036544800 0.0000000000
158.04011 0.897 0.0036544800 -0.2558775158
247.07118 11.161 0.0042209625 -0.4683100856
705.82720 8.883 0.0042209625 0.5421068747
476.30655 10.048 0.0042209625 -0.0042518688
407.18846 10.548 0.0042209625 0.6535818478
172.07175 9.946 0.0042209625 0.2189107744
147.11266 1.298 0.0042209625 0.2377358187
296.95007 11.91 0.0048599243 -2.5136888906
143.03485 0.992 0.0048599243 -0.0697158979
553.88232 12.299 0.0048599243 0.1030055585
143.03486 0.991 0.0048599243 -0.0697158979
659.33848 0.69 0.0048599243 -0.2843976124
143.03486 0.991 0.0048599243 -0.0697158979
232.05761 9.265 0.0055809021 0.6942604823
437.21277 12.146 0.0055809021 0.1954674920
133.10515 1.114 0.0063896179 -0.3685374509
241.15468 4.688 0.0063896179 -0.0816781821
333.11538 10.392 0.0063896179 1.1483776012
118.08623 0.915 0.0063896179 -0.2422994238
165.06909 3.268 0.0063896179 -0.0810069027
237.12318 6.91 0.0063896179 -0.0624007259
572.35541 12.497 0.0072956085 0.0000000000
328.16675 10.866 0.0072956085 0.1479506107
213.12320 2.188 0.0072956085 0.2494363068
157.14146 7.82 0.0072956085 0.0367659407
207.07621 8.806 0.0083084106 0.4259105945
480.15680 12.825 0.0083084106 0.0000000000
289.06771 9.654 0.0083084106 -27.8890435172
278.19036 9.315 0.0083084106 -0.0632268551
249.10805 2.365 0.0094356537 0.3404027710
706.32819 8.954 0.0094356537 2.0987461751
191.10249 10.256 0.0094356537 0.2698310610
343.12322 5.46 0.0094356537 2.4387649655
176.12800 11.055 0.0106887817 1.7339593666
163.09646 8.511 0.0120792389 -0.0048169090
256.01510 9.976 0.0120792389 -0.1786716424
259.09244 5.411 0.0120792389 0.3957877381
165.04176 12.772 0.0120792389 -0.1175937619
416.35181 10.38 0.0120792389 -0.1251583399
185.12834 7.4 0.0120792389 -0.5231714187
322.12982 12.527 0.0120792389 0.3767049895
199.09645 9.587 0.0120792389 -0.1526156911
208.06134 11.426 0.0120792389 -0.0864962746
255.13494 9.538 0.0120792389 0.4695192872
91.00367 9.096 0.0120792389 -0.0804932807
311.00842 7.066 0.0120792389 -0.3857669912
307.11093 11.428 0.0136165619 0.1350645603
793.36499 8.806 0.0136165619 0.3680717425
377.91489 4.919 0.0136165619 0.4891671941
612.88161 0.614 0.0136165619 -0.0950675554
695.42517 12.546 0.0136165619 0.1612701531
171.02739 2.092 0.0136165619 0.3159137247
219.07643 9.969 0.0136165619 -0.2637018312
191.08147 10.173 0.0136165619 -0.3245238066
331.95245 4.82 0.0136165619 -0.0566540631
241.03105 1.001 0.0153121948 -0.1495208936
119.03487 0.991 0.0153121948 -0.0586762083
206.02797 12.026 0.0153121948 0.3161377043
583.15175 9.301 0.0153121948 27.2117186957
449.30468 12.874 0.0153121948 0.2744972461
232.15429 4.856 0.0153121948 -0.3001348476
242.28430 9.88 0.0153121948 -0.0514745863
207.12252 10.344 0.0153121948 1.4307746897
276.13611 4.661 0.0153121948 -0.0443784897
124.00731 0.904 0.0153121948 -0.1985242892
290.15961 6.066 0.0153121948 0.6865265203
340.26912 12.54 0.0171813965 0.1534130243
173.10430 1.503 0.0171813965 -0.3071701831
647.41104 12.469 0.0171813965 -0.1323954241
131.08252 0.985 0.0171813965 -0.3273195730
271.18060 10.852 0.0171813965 -0.1534742065
217.06176 9.907 0.0171813965 -0.3526979728
440.22751 8.348 0.0171813965 0.6768267228
726.82403 0.698 0.0192337036 -0.1121127851
233.16465 9.864 0.0192337036 0.2941485185
548.29046 12.305 0.0192337036 0.2242471673
131.07020 9.176 0.0192337036 -0.0164149654
323.19003 11.58 0.0192337036 0.3043033131
160.13313 0.929 0.0192337036 -0.1864235875
414.33618 10.38 0.0192337036 -0.2372997846
135.10161 5.036 0.0192337036 0.0237876607
307.16514 10.397 0.0192337036 0.2403498095
409.06754 1.095 0.0192337036 -0.3263167885
235.07137 9.931 0.0192337036 -0.1108242260
439.28392 12.663 0.0192337036 0.6628288263
196.09662 9.84 0.0214843750 0.1121918505
414.30011 11.739 0.0214843750 -0.1682444072
387.28674 11.884 0.0214843750 -0.0803332668
344.20657 10.379 0.0214843750 0.2809853423
191.06606 11.966 0.0214843750 0.1668537001
217.04958 0.799 0.0214843750 -0.2631287664
243.13377 10.443 0.0214843750 0.5068832251
652.35148 0.688 0.0214843750 -0.1478058427
690.50885 12.897 0.0214843750 0.3112201475
520.33185 10.388 0.0214843750 -0.0148623331
387.11466 5.628 0.0214843750 0.5665153777
331.09246 10.166 0.0214843750 -0.0967090922
379.19346 9.538 0.0214843750 0.2081725665
168.12290 3.516 0.0239505768 -0.1393745333
317.14536 3.942 0.0239505768 0.2654427935
305.14947 10.889 0.0239505768 0.1966745324
353.14236 11.998 0.0239505768 -0.0483734823
209.83365 4.953 0.0239505768 -0.0835860968
210.13340 6.021 0.0239505768 -0.0711636791
314.18100 9.212 0.0239505768 -0.1833859168
246.97734 4.126 0.0239505768 0.1281656264
349.24438 10.041 0.0239505768 0.1342876945
608.38342 11.87 0.0239505768 0.1092336955
239.14878 8.324 0.0239505768 -0.1257766192
384.12233 6.947 0.0266418457 -0.0174318264
160.84199 11.608 0.0266418457 0.2039956766
188.06636 9.702 0.0266418457 0.1224635572
199.10043 1.206 0.0266418457 -0.0731004560
617.28564 8.799 0.0266418457 0.2170121539
388.25419 9.449 0.0266418457 -0.0053997698
295.12886 9.271 0.0266418457 -0.1812390119
111.52172 12.498 0.0266418457 -0.1258792960
509.38014 12.432 0.0266418457 0.0882356345
314.18103 9.232 0.0295753479 -0.1833409199
174.95605 1.643 0.0295753479 -0.0961231637
365.10535 5.437 0.0295753479 0.3893283398
307.11085 12.348 0.0295753479 0.1821645080
314.18103 9.221 0.0295753479 -0.1822642723
490.28535 11.201 0.0295753479 1.0869443575
196.09682 7.784 0.0295753479 -0.0595817433
302.01923 4.916 0.0295753479 1.8563035610
165.01160 11.331 0.0295753479 0.2567664745
107.07014 1.305 0.0295753479 -0.2231024598
253.09279 5.964 0.0295753479 0.2532494532
120.06550 0.875 0.0295753479 0.2183502658
307.14011 10.363 0.0295753479 -0.1701870906
229.11827 0.988 0.0295753479 -0.2215773405
169.09472 0.91 0.0327682495 -0.1094967043
652.33835 11.955 0.0327682495 0.1040174857
231.06209 9.352 0.0327682495 0.0000000000
306.08103 11.419 0.0327682495 -0.0277522701
377.14150 10.798 0.0327682495 0.9728429469
248.16462 9.682 0.0327682495 -0.1061558018
146.11750 0.877 0.0327682495 -0.2220146683
200.23726 9.743 0.0327682495 -0.0542295017
147.05113 9.687 0.0327682495 0.1314194106
226.08222 7.649 0.0327682495 0.0414566244
255.09499 7.907 0.0327682495 0.2244175849
176.06577 1.113 0.0327682495 -0.3312662896
272.17023 7.569 0.0362339020 -0.0569587011
338.11688 6.931 0.0362339020 -0.0228152183
242.98224 6.978 0.0362339020 0.2511086353
153.06571 9.803 0.0362339020 -0.2512911089
247.08243 10.759 0.0399894714 -0.2341173077
640.16250 9.308 0.0399894714 0.2132879059
116.07055 0.913 0.0399894714 -0.1788040636
320.20668 12.357 0.0399894714 0.0491753991
212.11807 9.798 0.0399894714 29.6496929099
209.03017 5.657 0.0399894714 0.0000000000
161.09203 4.717 0.0399894714 0.2207164048
235.12873 7.948 0.0399894714 0.3007166611
219.12255 11.03 0.0399894714 0.0000000000
348.98978 11.448 0.0399894714 -0.1922039962
178.09029 4.179 0.0399894714 0.1085052015
423.12576 9.396 0.0399894714 0.0574046927
694.92303 12.344 0.0399894714 0.1686116489
269.08780 10.595 0.0440540314 0.1370529148
203.01723 1.563 0.0440540314 0.1166357143
388.25410 9.464 0.0440540314 -0.0119314077
203.05259 1.204 0.0440540314 -0.1079994995
330.91568 12.664 0.0440540314 0.1246465370
210.06989 1.178 0.0440540314 -0.2508007470
349.08928 10.373 0.0440540314 0.2958216683
283.01366 7.055 0.0440540314 -0.2414543589
75.00862 7.446 0.0440540314 0.0798345554
182.98610 9.194 0.0484409332 0.0000000000
137.04564 10.098 0.0484409332 0.4337505339
197.80798 4.227 0.0484409332 -0.1441724548
242.98246 7.374 0.0484409332 0.1631147135
113.02429 0.991 0.0484409332 -0.0411001337
251.17527 9.996 0.0484409332 0.1576540166
434.87184 1.655 0.0484409332 -0.4124775453
150.05492 9.579 0.0484409332 -0.0638422846
228.07861 8.707 0.0484409332 -0.2299513935
177.14837 10.693 0.0484409332 -0.4116659444
182.10223 1.084 0.0484409332 -0.2280566315
584.16293 9.677 0.0531692505 -0.1527494393
103.04006 2.128 0.0531692505 0.3685714768
197.15340 12.767 0.0531692505 0.1569377358
761.58417 12.508 0.0531692505 0.0000000000
240.15945 8.688 0.0531692505 -0.1478915599
171.14906 0.951 0.0531692505 -0.1043453180
487.30560 11.514 0.0531692505 -0.0506093321
264.07714 0.994 0.0531692505 -0.2126038802
738.44891 12.651 0.0531692505 2.0743710678
253.11829 6.707 0.0531692505 -0.0447069924
176.12802 0.894 0.0582580566 -0.2095852571
83.53570 0.571 0.0582580566 -0.0403445443
166.08610 7.964 0.0582580566 -0.0794347031
135.02986 1.549 0.0582580566 0.1048486175
397.11301 1.167 0.0582580566 -0.1573968303
73.07600 9.618 0.0582580566 -0.2067619426
272.16433 10.137 0.0582580566 0.1743296302
278.17495 7.936 0.0582580566 -0.0453312642
265.11811 10.779 0.0582580566 0.4903105667
89.02439 1.449 0.0582580566 -0.2421219722
229.91606 11.99 0.0582580566 -0.1231501247
105.03673 2.076 0.0637226105 -0.2260332873
190.92841 8.648 0.0637226105 -0.0728492736
179.08471 6.26 0.0637226105 -0.3404697696
95.01369 0.988 0.0637226105 -0.1294118178
180.13815 10.712 0.0637226105 -0.0705978941
302.06729 10.869 0.0637226105 -0.0562511316
437.23540 10.424 0.0637226105 0.5495020610
793.36467 9.087 0.0637226105 0.3242255690
363.06231 1.036 0.0637226105 -0.1900445737
691.06024 9.046 0.0637226105 0.1362617183
502.85944 1.678 0.0637226105 -0.2157614778
309.18077 10.914 0.0637226105 0.3450830647
325.17107 10.465 0.0637226105 -0.0442919605
515.56788 1.001 0.0637226105 -0.1936473378
194.92729 4.977 0.0637226105 -0.0821356191
356.24314 11.873 0.0637226105 0.0229983609
310.21667 9.245 0.0695800781 0.0102651558
227.17524 7.949 0.0695800781 -0.0540172744
401.15295 10.707 0.0695800781 -0.0446795603
183.11264 6.732 0.0695800781 -0.1387662346
226.95144 0.643 0.0695800781 -0.0553920552
261.14441 5.814 0.0695800781 -0.2724677122
241.08692 11.965 0.0695800781 -0.4086385558
401.24885 9.151 0.0695800781 -0.0599936290
487.62840 3.778 0.0695800781 0.3485847530
471.24462 10.798 0.0695800781 0.0735463599
149.04539 1.234 0.0695800781 -0.0554784404
416.37491 11.688 0.0695800781 -0.0664984742
310.14136 10.22 0.0695800781 -0.0755443653
297.98553 8.106 0.0695800781 0.2758405539
195.12266 6.237 0.0695800781 -0.0346226333
233.09932 6.804 0.0695800781 0.8435670082
246.16996 5.941 0.0758514404 -0.0475696286
114.06612 1.012 0.0758514404 -0.2485434059
208.09662 10.549 0.0758514404 0.1966539421
191.98266 0.935 0.0758514404 -0.1117433177
161.04539 1.564 0.0758514404 -0.0872537195
189.95895 3.192 0.0758514404 -0.1241954957
187.99651 0.829 0.0758514404 -0.1072990798
230.98854 11.635 0.0758514404 -0.1097090518
321.89743 5.763 0.0758514404 -0.0383956647
210.05015 7.025 0.0758514404 -0.1231693524
489.16273 12.42 0.0758514404 0.1090529087
132.10186 1.065 0.0758514404 -0.2774147380
328.10279 10.232 0.0758514404 -0.0399163497
210.05010 7.041 0.0758514404 -0.1231403367
107.04896 8.69 0.0758514404 -0.2030667858
231.93157 9.376 0.0758514404 -0.0562848520
417.30441 12.205 0.0758514404 -0.2373739587
324.19171 10.394 0.0758514404 0.1766495139
146.06332 5.783 0.0825500488 -0.6128455065
377.91455 5.802 0.0825500488 -0.0482135676
382.14517 12.078 0.0825500488 -0.1338750599
261.09446 1.214 0.0825500488 -0.1201570717
267.17197 12.682 0.0825500488 0.7087370146
153.06584 9.4 0.0825500488 0.0476619729
184.04007 6.249 0.0825500488 -0.1515500799
272.20084 10.484 0.0825500488 0.1199314665
569.31421 11.238 0.0825500488 -0.0789767485
272.94442 0.605 0.0825500488 -0.0508187249
370.07357 5.901 0.0896949768 -0.1680371647
363.16229 10.301 0.0896949768 0.2891061188
465.12645 12.602 0.0896949768 -0.1656971142
102.95662 5.572 0.0896949768 -0.0934365027
168.12286 3.898 0.0896949768 -0.1555240706
386.29016 12.02 0.0896949768 -0.0182696161
189.08795 4.9 0.0896949768 0.0000000000
88.03921 2.029 0.0896949768 -0.1386250997
420.92733 9.22 0.0896949768 -0.1149632376
256.16943 9.741 0.0896949768 0.2052865880
294.20602 6.275 0.0973072052 -0.0411412494
321.13092 8.71 0.0973072052 -0.0283086397
136.04800 1.494 0.0973072052 -0.2495974376
221.05066 7.947 0.0973072052 0.2473835286
257.11322 8.472 0.0973072052 0.0388012675
208.10014 4.098 0.0973072052 -0.0217757487
508.01346 5.713 0.0973072052 0.1242437885
233.87537 2.909 0.0973072052 -0.0661411799
453.18585 12.336 0.0973072052 0.1302790020
245.12827 10.024 0.1053981781 0.0703375618
311.12905 0.991 0.1053981781 -0.1829693424
117.06976 7.935 0.1053981781 0.0746972214
317.14938 10.984 0.1053981781 0.1115376970
136.04808 1.003 0.1053981781 -0.1768363416
415.54919 1.007 0.1053981781 -0.3467836207
199.96928 8.234 0.1053981781 -0.0264153406
211.10753 8.605 0.1053981781 0.2860567441
204.12289 1.12 0.1053981781 -0.3572805835
444.99817 11.416 0.1053981781 -0.0123527317
508.35937 12.585 0.1053981781 -0.1451530501
131.03477 0.991 0.1053981781 -0.0311666749
284.17018 9.876 0.1053981781 -0.3225197992
209.06660 1.251 0.1053981781 -0.2807104825
168.09294 7.024 0.1139869690 -0.1955288521
286.20099 9.676 0.1139869690 0.3194062369
229.56254 1.202 0.1139869690 -0.2544306242
108.94851 0.711 0.1139869690 -0.1301380135
361.18300 10.229 0.1139869690 0.5230479975
128.04539 9.945 0.1139869690 0.0476398699
285.97708 9.15 0.1139869690 0.3078031392
262.18017 8.577 0.1139869690 -0.0510115733
276.00379 4.592 0.1139869690 0.1472169024
276.00377 4.139 0.1139869690 0.0916236821
190.92839 9.84 0.1139869690 -0.0441854101
525.28825 10.405 0.1139869690 -0.0163561714
258.91571 10.016 0.1139869690 -0.0659194016
191.08138 10.787 0.1230926514 -0.2250186612
160.13321 5.706 0.1230926514 0.5793882015
551.22836 9.747 0.1230926514 -0.0745571972
336.85849 10.106 0.1230926514 -0.0889900161
187.04184 1.45 0.1230926514 -0.1345663749
328.24829 9.581 0.1230926514 -0.0371413618
115.03993 0.99 0.1230926514 -0.1934268243
144.06544 5.699 0.1230926514 0.2407522303
315.04139 9.462 0.1327266693 0.1042860281
422.92822 10.675 0.1327266693 0.2612348320
440.29200 12.712 0.1327266693 0.3546292524
508.08591 1.012 0.1327266693 -0.0828873569
269.08932 8.607 0.1327266693 -0.1635969257
197.12923 6.244 0.1327266693 -0.0274960965
352.16861 12.568 0.1429061890 0.0743230088
100.07559 2.81 0.1429061890 -0.1626485374
286.20103 9.535 0.1429061890 0.2762862665
419.04828 1.448 0.1429061890 -0.0241495314
101.07896 2.801 0.1429061890 -0.1733702872
257.02774 4.803 0.1429061890 2.3077172066
281.02414 3.841 0.1429061890 0.0382796421
665.37395 0.645 0.1429061890 0.1086133625
193.09709 3.414 0.1429061890 0.0259546096
216.06872 8.046 0.1429061890 0.2260529710
367.10526 0.978 0.1429061890 -0.3503276890
264.19561 6.634 0.1429061890 0.6421656914
195.99212 3.004 0.1429061890 -0.1263906567
367.10513 0.988 0.1429061890 -0.3518993366
463.48311 1.347 0.1429061890 -0.2363599116
291.20654 9.885 0.1429061890 0.0319154712
146.08105 6.033 0.1429061890 0.0662976082
231.93167 11.489 0.1536464691 -0.0969303255
189.08695 10.311 0.1536464691 -0.0564661948
303.91345 1.715 0.1536464691 -0.4374700211
104.07053 0.875 0.1536464691 -0.2379705196
307.85583 8.541 0.1536464691 -0.0535152906
119.07014 6.478 0.1536464691 -0.0503199678
327.93213 5.808 0.1536464691 -0.0310897046
203.04007 4.18 0.1536464691 -0.1245355202
308.18542 9.698 0.1536464691 -0.0408724988
102.95671 8.75 0.1536464691 -0.0720521920
164.95691 2.482 0.1536464691 -0.0822924837
87.04396 1.983 0.1536464691 0.1274153848
466.81659 1.86 0.1536464691 -0.0547590375
303.20673 9.547 0.1536464691 -0.0656340637
134.04472 2.01 0.1536464691 -0.1360403899
268.15443 8.687 0.1536464691 0.0000000000
311.15530 10.615 0.1536464691 0.0642996409
230.08427 9.943 0.1536464691 0.0305862158
87.00860 1.205 0.1649570465 -0.0611663376
76.07560 0.762 0.1649570465 -0.1980727361
240.11491 9.07 0.1649570465 -0.0700915060
179.05607 7.974 0.1649570465 -0.2300669082
113.09592 6.146 0.1649570465 -0.5135150301
432.27996 10.695 0.1649570465 0.0000000000
83.03866 0.637 0.1649570465 -0.1025790904
169.97727 2.61 0.1649570465 -0.1142978433
379.14947 11.1 0.1649570465 -0.1011126142
206.10229 7.942 0.1649570465 0.5608331455
181.06275 0.995 0.1649570465 -0.0844339452
241.10289 0.989 0.1649570465 -0.2046287995
635.06859 9.138 0.1649570465 -0.0299022001
447.89196 1.202 0.1649570465 -0.0650448596
89.05965 3.335 0.1649570465 -0.0443408599
437.23557 9.826 0.1649570465 -0.0065568982
128.04530 10.421 0.1649570465 0.0962502015
245.09525 8.796 0.1649570465 0.1468474977
212.11265 2.743 0.1768531799 -0.1118489994
190.92843 10.84 0.1768531799 -0.0869106172
144.10184 1.135 0.1768531799 0.3818217633
458.98352 1.44 0.1768531799 0.0243921779
663.43469 12.755 0.1768531799 0.3019258031
526.33502 11.108 0.1768531799 0.2083878681
231.93170 11.761 0.1768531799 -0.1191911661
179.05488 1.986 0.1768531799 -0.0271649453
200.54568 1.004 0.1768531799 0.1143128695
111.02019 7.619 0.1768531799 -0.0108754284
111.02000 9.054 0.1768531799 0.0782346031
530.20775 7.351 0.1768531799 -0.0077589828
412.30566 11.373 0.1893482208 0.0605489967
486.24869 9.759 0.1893482208 -0.1066856819
110.54142 0.75 0.1893482208 -0.0132832323
315.04150 8.971 0.1893482208 0.0465645058
118.06085 1.015 0.1893482208 -0.0713705200
193.10697 8.321 0.1893482208 -0.0565382799
174.08828 0.997 0.1893482208 -0.3442726445
130.04974 4.011 0.1893482208 0.0975052937
108.04423 11.408 0.1893482208 0.0851580859
309.18085 10.921 0.1893482208 0.0117101867
228.12846 0.972 0.1893482208 -0.0263155716
198.12756 10.512 0.2024497986 0.0020174033
100.07559 1.37 0.2024497986 0.1270683146
217.04941 1.246 0.2024497986 -0.1464620406
421.20414 10.379 0.2024497986 0.1468797039
167.08539 12.572 0.2024497986 -0.3807535421
177.10207 3.9 0.2024497986 0.0361566998
157.06169 4.523 0.2024497986 -0.0629088770
149.08072 5.991 0.2024497986 -0.2064046188
190.92831 11.975 0.2024497986 -0.2488907076
557.34613 12.217 0.2024497986 0.0553335422
269.05336 10.389 0.2024497986 -0.1397550235
182.08107 8.577 0.2024497986 -0.0591853748
145.08582 10.901 0.2024497986 0.1970295562
102.95672 6.736 0.2024497986 -0.0680790774
145.12218 6.4 0.2161674500 -0.4711661729
432.14178 9.674 0.2161674500 -0.0353626119
209.06651 1.5 0.2161674500 -0.3133183407
263.17526 10.779 0.2161674500 0.2589782439
221.15347 12.88 0.2161674500 -0.1710435934
201.01679 2.458 0.2161674500 0.3840853892
265.15854 9.744 0.2161674500 -0.1114791875
780.21936 9.632 0.2161674500 -0.0536310729
233.00668 11.007 0.2161674500 0.1022961303
667.32529 0.715 0.2161674500 -0.2108898945
125.02431 1.208 0.2161674500 -0.0194796979
353.16799 1.006 0.2161674500 0.1351689870
437.93057 3.589 0.2161674500 -0.0197866303
165.07559 2.494 0.2161674500 -0.0370733541
699.36720 0.627 0.2305126190 0.0893773956
287.10956 8.45 0.2305126190 0.1909012544
78.91870 3.875 0.2305126190 0.0531884385
87.05520 0.896 0.2305126190 -0.0458144539
204.12297 0.92 0.2305126190 -0.3356452812
281.15950 9.565 0.2305126190 -0.0110460666
640.16271 9.119 0.2305126190 0.1844570965
487.03583 1.444 0.2454872131 -0.0281896941
302.23231 9.527 0.2454872131 -0.0613130830
128.03523 4.581 0.2454872131 0.0342365172
165.01913 9.687 0.2454872131 -0.0243109442
120.08070 7.05 0.2454872131 -0.0934438730
289.06943 3.383 0.2454872131 -0.0090598226
145.07600 11.109 0.2454872131 -0.0002110211
238.09924 7.85 0.2454872131 0.0243165609
311.00018 10.361 0.2454872131 0.0758980098
141.01566 3.755 0.2454872131 0.0846121891
393.11557 10.785 0.2454872131 0.1374496491
99.09158 0.871 0.2454872131 0.0858000672
582.15784 9.692 0.2454872131 -0.0668542028
249.15572 1.016 0.2454872131 -0.0093862932
780.21934 9.608 0.2454872131 -0.0574402594
434.21735 8.685 0.2610988617 0.0692732365
180.05942 1.204 0.2610988617 -0.0322678659
237.89749 2.487 0.2610988617 -0.1174314678
310.20133 9.1 0.2610988617 -0.0469112525
332.19155 8.904 0.2610988617 -0.0122936536
383.24276 12.069 0.2610988617 -0.0299251795
272.13379 2.368 0.2610988617 0.2423479986
225.06165 1.205 0.2610988617 -0.0745428302
294.20617 9.687 0.2610988617 -0.0757690286
143.10651 6.511 0.2610988617 -0.1517446909
92.52214 1.525 0.2610988617 0.2111687947
412.86265 1.253 0.2610988617 -0.1484501398
249.02274 11.666 0.2610988617 -0.0370255790
374.59629 1.031 0.2610988617 -0.0875592146
698.16820 9.398 0.2610988617 -0.1214877128
146.93846 9.294 0.2610988617 -0.0629368942
243.11284 11.056 0.2610988617 0.0831535041
214.08938 9.197 0.2610988617 0.0407137958
451.21470 10.875 0.2610988617 0.1332935643
129.93629 10.623 0.2610988617 -0.1402377572
427.21881 10.726 0.2610988617 -0.0822065873
345.07263 11.048 0.2610988617 0.3263626234
244.07913 1.192 0.2610988617 -0.0034677610
297.98584 10.886 0.2610988617 -0.1058937789
197.12844 8.684 0.2773551941 0.0490218638
225.04926 4.79 0.2773551941 -0.0425932783
149.11722 7.029 0.2773551941 0.0375110159
223.98822 12.487 0.2773551941 0.1650113981
317.18723 11.592 0.2773551941 -0.0662333928
162.07595 3.034 0.2773551941 0.1650045518
151.09639 3.899 0.2773551941 -0.0414824777
217.05670 5.627 0.2773551941 0.0204443679
255.82195 4.296 0.2773551941 -0.1053519374
348.89496 2.036 0.2773551941 0.0320794883
132.07667 1.015 0.2773551941 -0.1468050949
379.17993 11.998 0.2773551941 0.1589163971
323.14249 11.965 0.2773551941 0.2105556815
102.95673 6.96 0.2773551941 -0.0016065537
518.83193 1.289 0.2773551941 -0.0837034244
480.15680 12.579 0.2773551941 0.1041046514
114.09122 5.331 0.2942523956 -0.0731869272
91.05396 10.004 0.2942523956 0.0374913128
316.94798 0.643 0.2942523956 0.0509295603
146.96129 2.582 0.2942523956 -0.2178501844
316.04492 9.022 0.2942523956 0.0350144057
147.11269 2.171 0.2942523956 0.0528469650
258.15462 8.299 0.2942523956 -0.0079245722
93.07378 0.817 0.2942523956 0.0079588567
223.09228 0.991 0.2942523956 -0.1015724072
105.05448 1.968 0.2942523956 0.1878101169
256.10980 7.843 0.2942523956 0.0173745988
279.13378 10.427 0.2942523956 -0.1687051178
209.83377 4.275 0.2942523956 -0.0219663454
705.32528 9.119 0.2942523956 0.0177740977
86.09634 1.065 0.2942523956 -0.0645906532
129.06566 9.317 0.2942523956 -0.0870785886
209.09206 9.067 0.2942523956 -0.0082825542
204.05581 1.036 0.2942523956 -0.0343582600
398.32649 11.304 0.2942523956 0.3495213002
88.07560 1.067 0.2942523956 -0.0723080918
128.95069 2.586 0.2942523956 -0.0873242932
721.86372 0.651 0.3117942810 -0.0898003203
612.85868 0.702 0.3117942810 0.0316836317
127.03890 1.207 0.3117942810 -0.0272903585
344.22801 9.105 0.3117942810 -0.0021458915
242.02522 10.323 0.3117942810 0.0465777338
635.06921 9.54 0.3117942810 -0.0482928286
190.92841 8.49 0.3117942810 -0.0873475193
145.07600 10.718 0.3117942810 0.0443767216
86.09628 1.047 0.3117942810 -0.0628130927
344.22784 9.107 0.3117942810 -0.0048461670
269.08792 0.988 0.3117942810 -0.0677881710
190.92842 8.022 0.3117942810 -0.0444479817
81.52049 1.948 0.3299827576 -0.1127917052
329.08807 11.946 0.3299827576 0.0574358031
245.21100 12.02 0.3299827576 0.1529298230
270.08905 11.955 0.3299827576 -0.1040612581
719.96772 12.469 0.3299827576 0.0832657732
203.05251 1.003 0.3299827576 -0.0595232233
336.85871 2.805 0.3299827576 -0.0357961546
180.06885 1.005 0.3299827576 0.1463774129
203.05260 0.997 0.3299827576 -0.0595232233
232.93500 9.648 0.3299827576 -0.1426096486
138.05490 5.226 0.3488101959 0.6055218228
99.51218 7.619 0.3488101959 -0.0617051293
90.05492 0.83 0.3488101959 -0.0227565228
195.11263 6.089 0.3488101959 0.1349828956
176.10292 0.994 0.3488101959 -0.0685738934
307.24774 12.579 0.3488101959 -0.1673527527
342.26364 10.588 0.3488101959 1.5834069880
632.05529 1.0 0.3488101959 -0.1398458263
261.94159 4.797 0.3488101959 0.0000000000
389.16269 10.288 0.3488101959 0.0173447720
421.16730 12.055 0.3488101959 0.0324872871
311.00019 10.587 0.3488101959 0.0097035690
137.04578 8.857 0.3488101959 -0.0923888945
296.20090 9.244 0.3488101959 0.0354321002
354.93174 12.592 0.3488101959 -0.0652732133
152.03747 0.922 0.3682765961 0.3387021139
672.85934 0.671 0.3682765961 0.0228709607
255.04329 11.107 0.3682765961 0.1272064922
461.80297 1.263 0.3682765961 -0.1104000707
493.13580 8.792 0.3682765961 -0.1017301248
173.92616 11.435 0.3682765961 -0.0395137596
173.92615 11.13 0.3682765961 -0.0132965420
333.14431 9.911 0.3682765961 -0.1146041681
180.06532 8.396 0.3682765961 -0.0846100494
209.13823 7.93 0.3682765961 0.0173772672
198.09718 1.002 0.3883762360 -0.1084948837
247.03088 1.446 0.3883762360 -0.0508109541
199.03354 0.882 0.3883762360 0.0645273534
298.18579 10.238 0.3883762360 -0.2423423402
314.34186 10.586 0.3883762360 -0.0285616033
210.13344 8.407 0.3883762360 -0.0162405540
356.27935 11.065 0.3883762360 -0.2388232444
204.15923 8.684 0.3883762360 -0.0052240575
223.14409 9.125 0.3883762360 -0.0672136056
331.17529 11.712 0.3883762360 -0.0179088099
321.89737 5.269 0.3883762360 0.1652897202
707.35472 0.668 0.3883762360 0.1277828950
151.06264 11.301 0.4090976715 0.0987610626
255.04659 1.162 0.4090976715 -0.0808212530
167.09123 2.306 0.4090976715 -0.0642593720
471.19640 11.271 0.4090976715 -0.4432517794
178.08624 9.139 0.4090976715 -0.1613138436
215.86845 7.975 0.4090976715 -0.0594872899
780.21894 9.092 0.4090976715 -0.0003982576
187.87337 8.733 0.4090976715 -0.0199270160
83.03560 0.578 0.4090976715 -0.0332223826
360.96807 11.999 0.4090976715 0.0149341583
297.98564 9.851 0.4090976715 0.0051210153
239.09126 11.735 0.4090976715 -0.0282855434
190.92833 2.326 0.4090976715 -0.1029093440
101.02426 1.2 0.4090976715 -0.0124079460
225.07557 11.622 0.4090976715 -0.0297029265
145.04935 0.994 0.4304332733 -0.0842106230
115.03881 4.262 0.4304332733 -0.0564982710
635.06930 10.43 0.4304332733 -0.0531584964
310.99992 9.847 0.4304332733 0.0978263785
145.04945 1.0 0.4304332733 -0.0842106230
129.06569 0.987 0.4304332733 -0.0123219177
178.05854 1.363 0.4304332733 0.1815508450
73.06475 7.028 0.4304332733 0.0157039168
564.35886 10.759 0.4304332733 0.0046219562
785.50444 12.594 0.4304332733 0.0289929545
524.15241 10.436 0.4304332733 -0.0403782074
303.22939 0.639 0.4304332733 -0.0378329657
132.06535 4.662 0.4304332733 0.0586245635
198.04960 1.023 0.4304332733 -0.1041752732
366.11176 6.382 0.4304332733 0.0406923379
228.99393 11.618 0.4304332733 -0.0713422119
203.00457 1.459 0.4304332733 -0.0413414314
328.24808 10.663 0.4304332733 0.6594646654
180.08652 1.003 0.4523754120 -0.1378722759
635.06932 10.199 0.4523754120 -0.0585510509
204.01919 9.981 0.4523754120 0.0062172767
409.08652 10.494 0.4523754120 -0.0996070323
258.11248 9.938 0.4523754120 -0.0229889946
416.28513 11.536 0.4523754120 0.0057708184
195.05092 2.207 0.4523754120 0.1142182163
205.08168 1.646 0.4523754120 -0.0279902896
567.39009 0.618 0.4523754120 -0.0160943698
427.09502 6.181 0.4523754120 0.0968655415
201.02649 10.16 0.4523754120 -0.0572290120
421.20432 9.899 0.4523754120 -0.0715303867
642.31799 0.711 0.4523754120 -0.0102641045
190.92835 1.975 0.4523754120 -0.0548716493
390.87042 6.254 0.4523754120 -0.1622027442
271.09953 11.391 0.4523754120 0.0027579924
173.09203 1.034 0.4523754120 0.0476769218
199.10770 8.742 0.4523754120 -0.0218878026
705.32525 9.166 0.4749050140 -0.0033988678
382.34265 11.093 0.4749050140 0.0682438308
177.10193 10.234 0.4749050140 0.0459448520
283.10376 10.507 0.4749050140 -0.0256367494
371.12243 11.684 0.4749050140 -0.0188815139
419.14191 9.659 0.4749050140 -0.1128282496
157.01166 1.778 0.4749050140 -0.0433936560
445.07303 5.714 0.4749050140 0.0406741189
96.04426 4.377 0.4749050140 -0.1316862762
322.94348 10.845 0.4749050140 -0.0529919576
311.00024 10.987 0.4749050140 -0.0015590595
105.01920 1.397 0.4749050140 0.0649144582
229.56251 1.002 0.4749050140 -0.0818752356
310.11444 1.459 0.4749050140 0.1101967903
272.07651 7.249 0.4749050140 -0.0029987824
286.17993 9.975 0.4749050140 0.0107328905
175.04773 9.931 0.4749050140 -0.0492126948
111.02004 12.395 0.4749050140 -28.4316300674
326.70016 9.515 0.4749050140 -0.0754164218
277.08920 2.364 0.4749050140 0.0566881517
279.01201 9.316 0.4749050140 -0.0464980235
91.50454 9.41 0.4749050140 0.0908269056
246.04396 9.126 0.4980087280 -0.0534118755
313.01459 8.756 0.4980087280 -0.0128343534
150.12764 10.599 0.4980087280 0.0747309068
356.24298 12.717 0.4980087280 0.0167143166
209.10183 7.667 0.4980087280 0.0317732535
405.01419 1.275 0.4980087280 -0.0510199935
397.15988 10.063 0.4980087280 -0.0356790581
247.18027 8.894 0.4980087280 0.1493311511
180.08653 1.783 0.4980087280 -0.1104513284
166.05314 0.939 0.4980087280 -0.0680903023
473.97051 0.82 0.4980087280 -0.0572816953
325.20100 11.795 0.4980087280 -0.0006713035
261.12341 10.988 0.4980087280 -0.1390555811
230.24769 11.321 0.4980087280 -0.0496247771
243.75525 3.939 0.4980087280 0.0171017223
756.24129 8.822 0.5216732025 0.0927960545
160.93532 9.172 0.5216732025 0.0080891777
379.28156 0.626 0.5216732025 0.0130164630
187.87340 8.427 0.5216732025 -0.0152114536
110.54134 1.31 0.5216732025 -0.1582731564
189.15960 1.36 0.5216732025 -0.0892681188
426.21209 8.442 0.5216732025 -0.0243900172
130.08616 0.963 0.5216732025 0.1342206510
130.06211 1.029 0.5216732025 -0.1646044962
319.00836 0.533 0.5216732025 -0.0152537998
209.83376 3.865 0.5216732025 -0.0176141011
215.17541 7.058 0.5216732025 0.0256556826
131.08142 4.505 0.5216732025 -0.0352527958
582.15797 10.491 0.5216732025 -0.0231166838
227.03508 9.688 0.5216732025 -0.0318574575
158.08099 7.879 0.5216732025 0.1092051680
196.09681 9.124 0.5216732025 0.0213666843
417.03007 9.815 0.5458755493 -0.0625179390
250.03838 8.012 0.5458755493 0.0727257572
244.15546 11.136 0.5458755493 0.0079390622
334.12581 1.044 0.5458755493 -0.0159308952
153.12730 10.118 0.5458755493 -0.0046658843
149.04551 1.551 0.5458755493 -0.1567727892
549.21370 9.63 0.5458755493 -0.1911047520
282.11969 8.251 0.5458755493 0.0075572262
219.19531 12.438 0.5458755493 0.4150890408
248.96050 0.661 0.5458755493 0.0238038047
206.10211 8.266 0.5458755493 -0.0151938006
480.85041 0.749 0.5458755493 0.0210460280
256.93816 2.426 0.5458755493 -0.0972556455
181.07165 0.988 0.5458755493 -0.0119153061
134.89444 9.219 0.5458755493 -0.1562455901
269.02976 10.317 0.5458755493 -0.0763095566
575.39459 12.631 0.5705966949 -0.0382866401
166.94304 3.234 0.5705966949 -0.0310195145
315.04155 8.621 0.5705966949 0.0015563865
185.09192 7.552 0.5705966949 0.3414666853
102.12759 12.537 0.5705966949 0.0335780955
187.07130 10.882 0.5705966949 -0.0402241166
126.97134 0.92 0.5705966949 -0.0116469853
332.24300 9.924 0.5705966949 0.0726436039
250.17998 7.782 0.5705966949 -0.0233127621
88.98779 8.834 0.5705966949 0.0000000000
252.12307 9.556 0.5705966949 -0.0486718233
340.13251 6.956 0.5705966949 0.0123139613
376.21774 9.262 0.5705966949 0.0008648923
298.05252 1.172 0.5705966949 -0.0499423358
217.03298 1.411 0.5705966949 0.0281155776
189.12329 3.624 0.5705966949 -0.1801849283
793.31830 11.544 0.5705966949 -0.0153294429
698.16849 9.637 0.5705966949 0.0309192654
125.87298 8.404 0.5958194733 -0.1109427727
203.04026 4.626 0.5958194733 -0.0299103645
272.95899 0.639 0.5958194733 -0.0154804572
353.26603 0.658 0.5958194733 -0.0918136668
81.52054 0.787 0.5958194733 -0.0155283500
267.84787 4.643 0.5958194733 -0.0400740653
632.05540 0.993 0.5958194733 -0.0976269881
582.15729 9.277 0.5958194733 -0.0185966151
778.20494 9.657 0.5958194733 -0.2026447516
133.08570 7.047 0.5958194733 0.4289224284
118.04970 3.758 0.5958194733 -0.0909900229
575.39471 12.566 0.5958194733 -0.0372168185
175.10759 1.012 0.5958194733 -0.1399933480
186.07591 5.789 0.5958194733 -0.0272270659
102.95674 5.952 0.5958194733 -0.0454777664
88.07557 0.874 0.6215133667 -0.0358829657
185.00655 4.81 0.6215133667 0.0000000000
299.01967 4.218 0.6215133667 -0.0508509835
388.87366 2.809 0.6215133667 -0.0132850002
226.12834 4.744 0.6215133667 -0.0628266870
85.02830 0.999 0.6215133667 0.0093082448
372.25923 10.504 0.6215133667 -0.0012922188
237.08673 7.957 0.6215133667 0.0505900948
310.17598 10.833 0.6215133667 -0.0294988353
269.08778 1.414 0.6215133667 0.1011470238
258.91731 1.113 0.6215133667 0.0448573888
139.53088 1.201 0.6215133667 0.1581203306
236.22177 12.503 0.6215133667 0.1079782894
88.07559 0.78 0.6215133667 -0.1374128326
111.02014 10.424 0.6215133667 0.0579901582
212.07631 2.342 0.6215133667 0.1814310321
190.15486 1.3 0.6215133667 -0.0920168988
446.29603 10.761 0.6215133667 0.0071150919
294.14084 3.52 0.6215133667 -0.1298533750
277.15562 9.231 0.6215133667 -0.0087507233
96.96958 2.479 0.6476554871 -0.0183005224
97.02825 1.049 0.6476554871 0.0102854273
97.02831 0.999 0.6476554871 0.0166372150
106.04982 0.84 0.6476554871 -0.0055213528
207.14903 10.244 0.6476554871 0.0197973386
145.09707 0.931 0.6476554871 -0.0946459844
195.05086 2.523 0.6476554871 0.0524713542
179.09351 9.273 0.6476554871 0.1237534542
126.97144 0.943 0.6476554871 0.0263739525
102.05483 8.933 0.6476554871 0.0507003235
193.03524 2.468 0.6476554871 0.0372086742
200.07205 9.032 0.6476554871 -0.0856944542
582.15788 10.23 0.6742229462 -0.0212335972
312.21699 8.835 0.6742229462 0.1284522738
725.29382 9.519 0.6742229462 0.1284176353
415.25378 9.765 0.6742229462 -0.0274222776
228.99405 11.33 0.6742229462 -0.0706228039
189.04672 0.935 0.6742229462 0.1441177321
434.15768 9.106 0.6742229462 -0.0124065640
435.19839 11.83 0.6742229462 0.0777170541
201.98379 6.282 0.6742229462 -0.0647755128
583.16022 8.649 0.6742229462 0.0368587145
80.97482 3.003 0.6742229462 -0.0029925325
283.16937 12.138 0.6742229462 0.0040537695
261.21717 11.699 0.6742229462 0.0208436640
396.45639 11.969 0.6742229462 -0.0127923737
305.06317 10.048 0.6742229462 0.0128768210
242.98245 7.562 0.6742229462 0.0043992153
258.10995 0.974 0.6742229462 0.0244296167
315.04161 9.833 0.7011814117 0.0142755292
180.97290 1.07 0.7011814117 -0.1282084201
132.99174 11.311 0.7011814117 -0.0032272814
266.08820 1.001 0.7011814117 0.0109675230
116.07153 0.909 0.7011814117 -0.0945669599
71.01366 1.245 0.7011814117 0.0252553217
201.03806 1.449 0.7011814117 0.0462522747
177.08682 8.887 0.7011814117 0.0499557236
117.09095 7.027 0.7011814117 -0.0053026752
276.19543 8.459 0.7011814117 0.0103348240
152.05663 10.045 0.7011814117 0.0596164041
220.11785 6.676 0.7011814117 -0.1155516266
349.60466 1.028 0.7011814117 -0.0533041300
140.07027 1.006 0.7011814117 -0.0104426493
177.11198 6.256 0.7011814117 -0.0075788405
317.05572 7.921 0.7011814117 0.0129743742
170.15375 8.756 0.7011814117 0.0202245706
270.19113 8.84 0.7011814117 -0.0039760563
245.07683 8.42 0.7011814117 -0.0099853799
130.05081 0.9 0.7011814117 0.0663923121
372.25891 11.165 0.7285060883 -0.0505684897
279.13399 9.833 0.7285060883 -0.0440275710
104.10691 0.751 0.7285060883 0.0187815828
177.08678 6.573 0.7285060883 0.0320251397
132.99174 11.641 0.7285060883 -0.0006199100
477.00025 10.29 0.7285060883 -0.0476222906
102.95673 5.012 0.7285060883 0.0451061775
426.21226 8.517 0.7285060883 -0.0675846397
140.07022 1.01 0.7285060883 -0.0080922953
140.07021 1.019 0.7285060883 0.0021355944
612.36945 9.954 0.7285060883 -0.0076545912
199.06869 9.063 0.7285060883 -0.0597548247
449.11725 0.993 0.7285060883 -0.0097630907
319.20160 9.052 0.7285060883 0.0299046999
358.25885 9.566 0.7285060883 -0.1311721694
360.23904 9.879 0.7285060883 0.0179928704
199.06892 9.647 0.7285060883 -0.0638842659
235.96117 3.8 0.7285060883 0.1009605869
127.03885 1.001 0.7285060883 0.0095213341
345.07272 11.44 0.7285060883 0.0645730979
85.02931 0.991 0.7285060883 -0.0105331204
223.11742 8.987 0.7285060883 0.2382693846
181.05831 4.499 0.7285060883 0.0925442704
150.05495 10.804 0.7285060883 0.0076164711
222.99521 11.996 0.7285060883 -0.0128432989
324.09111 12.039 0.7285060883 0.1055277518
317.05597 8.648 0.7285060883 0.0474765746
116.92850 11.957 0.7285060883 0.0358383005
133.06070 0.894 0.7561664581 -0.0410009246
190.92842 5.012 0.7561664581 -0.0331385898
410.56647 0.991 0.7561664581 -0.0446508127
257.09938 9.828 0.7561664581 0.0200647225
279.17010 9.088 0.7561664581 0.0166647771
179.08727 9.381 0.7561664581 0.0031334483
183.09899 6.515 0.7561664581 -0.0219979462
178.09031 10.06 0.7561664581 0.0475977350
207.01410 0.908 0.7561664581 -0.0052876416
200.10289 1.337 0.7561664581 0.0801209772
408.08248 9.042 0.7561664581 -0.0118706732
129.05452 7.943 0.7561664581 0.0606280901
711.06927 2.468 0.7561664581 0.0000000000
308.20093 9.228 0.7561664581 0.0851917199
320.13331 1.017 0.7561664581 0.0325686528
384.11905 1.015 0.7841262817 -0.0323009230
276.11887 5.255 0.7841262817 0.0041790355
255.82197 4.751 0.7841262817 -0.0742391768
172.13321 4.594 0.7841262817 0.0562429934
223.96317 2.425 0.7841262817 -0.0974744618
221.05068 9.929 0.7841262817 -0.0288542651
138.05484 4.812 0.7841262817 -0.0298543555
189.12341 0.99 0.7841262817 0.0672963920
346.00940 8.557 0.7841262817 0.0105613994
101.07077 0.99 0.7841262817 0.1403006878
147.07643 0.914 0.7841262817 0.0564904571
168.07780 1.032 0.7841262817 0.0050093065
247.14414 10.417 0.7841262817 -0.4866706360
205.06813 0.998 0.7841262817 0.0537080630
275.03886 11.955 0.7841262817 0.0038759697
127.05112 0.93 0.7841262817 0.0759705456
430.36731 0.756 0.7841262817 -0.0031232418
182.98867 11.912 0.7841262817 -0.0140005481
347.84913 2.085 0.8123550415 0.0241412251
88.11195 0.79 0.8123550415 0.0510317724
226.92738 2.457 0.8123550415 -0.0085617703
233.12847 10.953 0.8123550415 0.0295274769
154.06217 1.055 0.8123550415 -0.0338666083
725.33091 10.798 0.8123550415 -0.0141920686
90.50677 12.471 0.8123550415 0.1247850760
191.06619 1.892 0.8123550415 0.0084644027
131.08129 8.998 0.8123550415 0.0699323717
438.97194 1.517 0.8123550415 -0.0439635583
284.17015 9.68 0.8123550415 0.0019499201
447.08203 1.032 0.8123550415 0.0450879216
310.11444 1.452 0.8123550415 0.0393343206
406.07755 8.931 0.8123550415 -0.0904814252
86.05991 1.918 0.8123550415 -0.1662693495
507.57935 0.991 0.8123550415 0.0873825803
174.12357 5.985 0.8123550415 0.0121667352
725.33099 11.1 0.8123550415 -0.0193804210
111.02003 12.66 0.8123550415 0.0790720623
318.05966 8.714 0.8408222198 0.0172127142
90.52582 0.761 0.8408222198 -0.0512968938
175.05762 0.989 0.8408222198 0.0200419179
304.15421 10.089 0.8408222198 -0.0293535085
269.13839 11.789 0.8408222198 0.0054397248
255.82207 3.971 0.8408222198 0.0347845884
202.17990 9.685 0.8408222198 0.0092042253
148.06036 0.977 0.8408222198 -0.0441472626
288.21670 9.624 0.8408222198 0.1312095244
396.31046 11.517 0.8408222198 0.0154739690
190.11859 1.167 0.8408222198 -0.0825961438
308.20098 9.244 0.8408222198 0.0916796237
364.09756 6.636 0.8408222198 -0.0083726748
90.52578 1.842 0.8408222198 -0.0308826660
150.02283 0.922 0.8408222198 0.0232046643
211.08237 1.037 0.8408222198 0.0167718198
172.20593 8.813 0.8408222198 0.0271834163
146.08114 0.943 0.8408222198 0.0250130387
185.03049 9.821 0.8408222198 -0.0348099288
146.96100 1.206 0.8408222198 -0.0170885079
173.09307 1.007 0.8694877625 -0.0050786895
159.07617 9.025 0.8694877625 0.0114580015
89.05968 2.623 0.8694877625 -0.0119122459
146.96114 0.743 0.8694877625 0.0210296449
119.08140 9.653 0.8694877625 -0.0289735496
99.04488 1.009 0.8694877625 0.0729928574
180.01162 0.852 0.8694877625 -0.0076620043
432.04721 8.318 0.8694877625 0.1519677357
309.11905 9.619 0.8694877625 0.0264901505
318.22760 10.422 0.8694877625 -0.0147838031
264.17474 9.936 0.8694877625 -0.0978052612
179.09099 9.09 0.8694877625 0.0129408816
275.05621 0.754 0.8694877625 -0.0496249004
159.07629 1.01 0.8694877625 0.0045481340
277.11832 10.94 0.8694877625 -0.0110755800
159.07624 9.146 0.8694877625 0.0137693281
290.26883 12.224 0.8983173370 0.0753559564
219.96644 7.563 0.8983173370 -0.0488529690
239.12775 12.444 0.8983173370 -0.0549783192
175.11892 1.026 0.8983173370 0.0183873704
257.09930 9.85 0.8983173370 0.0599538223
522.08875 9.141 0.8983173370 -0.0885595248
130.08608 3.859 0.8983173370 0.1196084584
205.08172 2.444 0.8983173370 0.0168552647
183.07790 9.596 0.8983173370 0.0313670924
487.28036 11.49 0.8983173370 -0.0060921063
231.08377 4.726 0.8983173370 -0.0366198755
175.09635 5.995 0.8983173370 -0.0249845162
112.98560 0.672 0.8983173370 0.0149513565
189.14840 10.117 0.8983173370 0.0037146058
161.12841 1.01 0.8983173370 0.0714477430
156.07664 1.417 0.8983173370 -0.0190446351
382.58487 0.991 0.8983173370 -0.0149162844
178.08377 9.047 0.8983173370 0.0239916280
259.18052 10.234 0.8983173370 -1.2509541225
180.10164 9.656 0.8983173370 0.0108133123
227.89438 8.954 0.8983173370 -0.0342158447
236.58849 1.017 0.8983173370 -0.0362794294
396.03459 4.792 0.8983173370 -0.0063773973
233.07664 7.143 0.8983173370 0.0955614458
72.08071 0.917 0.9272785187 -0.0239055790
445.11963 12.49 0.9272785187 0.0455938202
205.06814 1.161 0.9272785187 0.0757967346
231.17020 3.973 0.9272785187 -0.1196964131
133.09701 9.684 0.9272785187 -0.0431987193
349.10883 0.973 0.9272785187 0.0568850124
101.05956 10.514 0.9272785187 -0.0093365001
163.06002 1.001 0.9272785187 0.0415533703
418.95567 10.374 0.9272785187 0.0073627469
504.99520 10.63 0.9272785187 -0.0641143790
231.07733 11.943 0.9272785187 0.0695172918
197.06686 8.384 0.9272785187 -0.0208289165
220.14418 9.691 0.9272785187 0.0129362066
187.94177 12.093 0.9272785187 0.0004465475
258.12554 8.709 0.9272785187 0.0282544293
131.04616 0.888 0.9272785187 0.0118800103
188.94906 1.465 0.9272785187 -0.0323378127
159.05110 3.693 0.9272785187 -0.1125643714
85.02833 1.167 0.9272785187 0.0140385017
440.02592 5.068 0.9272785187 -0.0245261501
418.16272 8.633 0.9272785187 0.0049377232
92.04305 1.438 0.9272785187 -0.0172570202
188.93295 2.197 0.9272785187 -0.0420698865
132.03019 2.166 0.9272785187 -0.0752906921
245.21099 11.725 0.9272785187 0.0369333126
188.94916 1.43 0.9272785187 -0.0562963209
145.06186 0.91 0.9272785187 -0.0050218215
551.22772 8.55 0.9272785187 0.0238726917
379.14916 11.813 0.9272785187 -0.0390368011
281.24847 0.429 0.9272785187 0.0159110394
133.08579 6.236 0.9563293457 -0.0169224671
385.90170 1.566 0.9563293457 0.0218476882
689.95621 12.574 0.9563293457 -0.0027218708
88.04027 1.037 0.9563293457 -0.0586430983
171.09920 7.29 0.9563293457 0.0032863059
316.04490 10.475 0.9563293457 -0.0001878105
200.07224 9.616 0.9563293457 0.0132672088
375.16199 11.717 0.9563293457 0.0123219741
117.08494 1.011 0.9563293457 -0.0321044354
783.57184 12.247 0.9563293457 0.1255496129
293.09537 12.356 0.9563293457 -0.0018676173
205.10695 10.206 0.9563293457 0.0907456760
370.07339 6.623 0.9563293457 0.1166931181
258.15450 8.641 0.9563293457 -0.0540006005
193.09712 6.272 0.9563293457 -0.0191199277
276.14394 5.173 0.9563293457 0.0536352657
131.54204 0.971 0.9563293457 0.0166762381
213.03271 11.009 0.9563293457 0.0071175548
454.24306 9.525 0.9563293457 0.0182554530
160.07973 4.375 0.9563293457 0.0753505298
418.95567 10.153 0.9563293457 -0.0496591641
91.05396 9.695 0.9563293457 0.0059807606
158.09236 9.95 0.9563293457 0.0150499666
165.11209 5.944 0.9563293457 -0.0222326447
439.68412 3.58 0.9563293457 0.0112180001
379.97192 3.482 0.9563293457 0.0092705192
459.28007 10.076 0.9563293457 -0.0045007017
360.99793 9.63 0.9563293457 0.0046210651
504.99519 10.333 0.9563293457 -0.0586611941
399.49400 1.286 0.9854354858 0.0153378682
365.10514 4.803 0.9854354858 0.0028916432
146.93845 2.351 0.9854354858 -0.0506499464
126.10252 0.936 0.9854354858 -0.0057332356
426.35752 12.401 0.9854354858 0.0267903774
102.01944 2.648 0.9854354858 0.1061344250
317.05589 8.206 0.9854354858 -0.0066864126
85.07597 9.659 0.9854354858 0.0226306746
225.93234 3.726 0.9854354858 0.0136150517
162.07594 1.02 0.9854354858 -0.0025811042
211.14407 9.009 0.9854354858 -0.1391307733
115.07521 4.193 0.9854354858 -0.0588975118
98.98413 2.329 0.9854354858 -0.0073213800
209.94902 5.841 0.9854354858 0.0469830586
161.96956 5.914 0.9854354858 0.0054168283
522.20241 6.584 0.9854354858 0.0396129715
156.96584 6.254 0.9854354858 0.0028601626
300.20181 8.715 0.9854354858 0.0059707071
79.51944 1.507 0.9854354858 0.1641059073
188.16425 9.634 0.9854354858 -0.0008190253
368.27930 10.977 0.9854354858 -0.0662456845
71.06032 9.925 1.0000000000 -0.0086304436
141.06581 4.488 1.0000000000 0.0406673162
314.23240 10.038 1.0000000000 -0.0165190962
147.07632 5.289 1.0000000000 0.0431731443
297.04541 6.041 1.0000000000 -0.0303093078
437.29077 11.98 1.0000000000 -0.0308468803
315.04162 10.418 1.0000000000 0.0010178582
214.03322 0.96 1.0000000000 -0.0037266324
