"m.z" "r.t" "p.value" "t.score"
116.92850 12.983 0.0000000005 29.2235592516
170.11762 6.354 0.0000000002 0.0997527872
348.10080 8.211 0.0000000003 -0.4336417941
268.15443 8.687 0.0000000013 0.0000000000
118.05098 0.862 0.0000000022 0.3668718956
229.05791 5.313 0.0000000045 0.2791713401
245.16055 5.096 0.0000000162 -0.1858935833
291.20673 10.714 0.0000000183 0.0000000000
242.13058 8.916 0.0000000206 -28.4118662288
264.12424 11.817 0.0000000231 0.0000000000
297.09353 5.148 0.0000000327 25.6360780952
506.20748 7.308 0.0000000327 3.5880412313
275.21163 9.852 0.0000000411 30.2166428365
289.15454 10.891 0.0000000411 26.4048198874
295.07913 5.605 0.0000000462 0.2417710913
202.01221 0.86 0.0000000583 0.2924265196
261.18080 11.062 0.0000000573 0.6630532380
326.23230 10.263 0.0000000711 -0.9119360946
604.13812 8.48 0.0000000791 26.9113093423
186.11247 5.226 0.0000000791 0.1053299265
346.08652 8.44 0.0000001023 -0.2593606751
288.00378 4.675 0.0000000978 0.0000000000
228.07861 8.707 0.0000001635 -0.1345482191
240.15945 8.688 0.0000001997 -0.1482386935
279.11602 12.082 0.0000001997 0.9569782692
343.12322 5.46 0.0000001997 1.7960210463
154.12262 4.195 0.0000002205 0.0779594985
220.98079 11.494 0.0000002939 -0.3586859173
324.99643 2.073 0.0000003594 0.4987891097
160.13313 0.929 0.0000003933 -0.2970476220
307.11091 10.806 0.0000003933 -0.1071351098
168.07661 2.356 0.0000006253 27.1542715098
210.06989 1.178 0.0000007095 -0.3686223748
307.11092 12.054 0.0000008197 -0.4495188705
101.01674 5.642 0.0000008197 0.9700268705
174.14874 8.541 0.0000008961 -0.3879047347
305.09646 11.916 0.0000012372 -0.1129433364
231.06209 9.352 0.0000014815 1.8140525864
793.36499 8.806 0.0000016444 0.2758527821
233.10721 6.699 0.0000019462 -0.1489596481
253.05434 6.017 0.0000019462 0.6256798624
706.32819 8.954 0.0000021157 1.6920339352
321.89751 4.849 0.0000021090 0.9986049839
146.11750 0.877 0.0000024962 -0.2101386971
333.09137 11.511 0.0000035206 -0.1225727836
120.06550 0.875 0.0000034538 0.2542806178
206.10339 0.808 0.0000035206 -0.3206825734
445.81506 12.734 0.0000037413 -26.1599472390
287.07730 9.604 0.0000038271 0.5936811000
191.99763 10.928 0.0000040508 0.4926633329
273.15962 10.88 0.0000043838 0.6692189908
279.11598 10.313 0.0000051270 -0.1041008922
464.08922 11.123 0.0000053162 -0.3252276671
360.02505 8.292 0.0000059851 -0.1808370195
384.12233 6.947 0.0000059851 -0.1682357850
263.12129 11.682 0.0000064623 0.0000000000
187.08647 12.053 0.0000075237 0.3705149209
290.13862 11.042 0.0000117510 -1.5962171595
206.10331 0.816 0.0000125995 -0.3181137840
172.07175 9.946 0.0000146035 0.3264757592
158.04011 0.897 0.0000168464 -0.5034551667
206.02797 12.026 0.0000183090 0.1672452493
691.06024 9.046 0.0000183090 0.1440302084
155.15427 5.154 0.0000194030 -0.1921623356
450.01277 1.949 0.0000223132 0.3514826295
162.07700 0.889 0.0000227926 -0.3564310823
371.17238 10.818 0.0000244984 0.4983313456
226.12834 4.744 0.0000256209 -0.1680962209
290.13863 10.97 0.0000293749 -0.7274082588
176.12800 11.055 0.0000438868 0.3525652566
182.10223 1.084 0.0000468657 -0.3248078271
480.00681 6.217 0.0000500293 0.3425139567
412.19637 8.44 0.0000500293 -0.1204587068
289.22728 9.974 0.0000533881 1.1132261050
144.06298 0.713 0.0000533881 -0.1032577609
160.84199 11.608 0.0000527687 0.1561408715
262.18017 8.577 0.0000607351 -0.0389576358
253.09279 5.964 0.0000603646 0.1312626711
617.28564 8.799 0.0000607351 0.1797320372
162.83902 11.979 0.0000645272 -0.1953912119
213.12320 2.188 0.0000647467 0.1843428648
207.14907 8.611 0.0000647467 0.2834710391
377.91455 5.802 0.0000645272 -0.0529426802
102.95671 8.75 0.0000645272 -0.2067648999
698.16820 9.398 0.0000690002 -0.2636277069
305.22233 11.03 0.0000782860 0.3633323296
235.12873 7.948 0.0000782860 0.2723386683
276.13611 4.661 0.0000782860 -0.0438479561
189.13456 6.238 0.0000833465 0.2180690138
423.12576 9.396 0.0000839466 0.0661151521
471.19640 11.271 0.0000943784 -0.3053865317
209.06651 1.5 0.0000955432 -0.3041966094
119.52785 7.619 0.0001134517 -0.2293711458
219.13381 10.095 0.0001134517 0.5064450503
321.89743 5.763 0.0001157061 -0.0482706087
440.22751 8.348 0.0001280624 0.3176861645
165.06909 3.268 0.0001625699 -0.0727984592
231.08377 4.726 0.0001724313 -0.2348075323
250.18018 7.42 0.0001724313 -0.1079665744
260.16772 11.756 0.0001828363 -0.2894843812
269.12445 6.202 0.0002053853 -0.2900056598
165.07559 2.494 0.0002053853 -0.2183071949
572.35541 12.497 0.0002053853 0.5677943532
302.01938 5.534 0.0002175863 0.8412987565
158.11745 10.092 0.0002304451 0.4286241067
335.22869 10.076 0.0002582638 0.5070645905
377.91489 4.919 0.0002717470 0.4140799431
278.17495 7.936 0.0002732909 -0.0535328921
172.09674 10.106 0.0002891103 0.4899830044
490.28535 11.201 0.0002891103 0.4948735429
309.12663 11.904 0.0002891103 0.2293160893
270.08905 11.955 0.0003232764 -0.1136466312
335.19002 11.609 0.0003232764 0.3602833480
186.11234 2.243 0.0003417019 0.5791066162
229.15463 3.876 0.0003610776 -0.1761552409
793.36467 9.087 0.0003814470 0.2298772494
256.01510 9.976 0.0004028554 -0.1656338938
212.11265 2.743 0.0004028554 -0.1191973793
276.10116 7.893 0.0004028554 0.7613557727
428.05961 8.554 0.0004028554 27.1942133708
177.14837 10.693 0.0004028554 -0.6349891139
331.95245 4.82 0.0004069052 -0.1906349099
439.28392 12.663 0.0004253496 0.3730072603
124.00731 0.904 0.0004305447 -0.1323501394
249.10805 2.365 0.0004489786 0.3004203859
266.06696 10.05 0.0004815985 -0.1325717394
204.12289 1.12 0.0005271896 -0.2665418108
209.03017 5.657 0.0005380795 0.0000000000
153.12730 10.118 0.0005558834 -0.1643542587
76.03924 0.818 0.0005558834 -0.1660633037
185.12834 7.4 0.0005859850 -0.2802715754
174.04068 9.047 0.0006004936 0.7030545280
232.05761 9.265 0.0006340945 0.5850015501
167.08539 12.572 0.0006506579 -0.3112509438
414.33618 10.38 0.0006853578 -0.1692035828
172.09669 9.97 0.0007598238 0.4532568250
247.08243 10.759 0.0007861721 -0.1756291448
209.06660 1.251 0.0007861721 -0.3981662929
145.08582 10.901 0.0007997328 0.6124453062
334.12581 1.044 0.0008290055 0.0708731970
240.11491 9.07 0.0008852800 -0.0806843923
313.01459 8.756 0.0008852800 -0.0630128400
338.11688 6.931 0.0009789995 -0.0789124956
264.19561 6.634 0.0010815709 0.1905268711
211.10753 8.605 0.0011937206 0.2658308872
208.06134 11.426 0.0013884131 -0.0630937160
241.15468 4.688 0.0013816159 -0.0814442374
111.52172 12.498 0.0013816159 -0.2440360786
139.03992 10.477 0.0013884131 0.1877561545
432.27996 10.695 0.0014499103 -3.3985880076
409.08652 10.494 0.0015212199 -0.1595339219
327.93213 5.808 0.0015344055 -0.0301742649
414.30011 11.739 0.0015956601 -0.2052699864
317.14536 3.942 0.0015956601 0.1976407925
278.19036 9.315 0.0016733501 -0.0635601177
241.08692 11.965 0.0016940106 -0.0988861117
487.62840 3.778 0.0019613504 0.1263157257
89.05965 3.335 0.0020191241 -0.0882063092
522.08875 9.141 0.0021149843 -0.1249044943
416.35181 10.38 0.0022148906 -0.1042753886
647.41104 12.469 0.0022148906 -0.1314807173
129.06569 0.987 0.0026579823 -0.1842228332
582.15729 9.277 0.0026579823 -0.1983372661
407.18846 10.548 0.0026579823 0.4678912985
307.11093 11.428 0.0027804121 0.1419391456
255.09499 7.907 0.0029078367 0.1881516673
189.04672 0.935 0.0029078367 -0.2764950490
110.54142 0.75 0.0034710412 0.0463040687
480.85041 0.749 0.0034710412 0.0240559251
353.26603 0.658 0.0034710412 -0.1185481345
199.96928 8.234 0.0036077036 -0.1079754804
416.37491 11.688 0.0036077036 -0.0462645564
397.11301 1.167 0.0037873768 -0.1588458686
281.07666 10.459 0.0037873768 -0.1944303566
269.08932 8.607 0.0039549212 -0.1470973771
133.08570 7.047 0.0039549212 0.2379998128
243.13377 10.443 0.0039549212 0.3532124085
569.26508 11.514 0.0039481826 -0.0814384324
182.98610 9.194 0.0041288500 -0.0741697427
219.07628 10.787 0.0041289948 -0.1677916841
175.04773 9.931 0.0041289948 -0.0837882758
319.00836 0.533 0.0043167880 -0.0330985699
219.12255 11.03 0.0044975969 22.4201720684
356.27935 11.065 0.0044975969 -0.1693048703
146.96100 1.206 0.0045122438 -0.0836407364
333.14431 9.911 0.0044975969 -0.2159408755
259.09244 5.411 0.0046925728 0.1789904577
233.00668 11.007 0.0046925728 -0.1603687261
257.11322 8.472 0.0048949731 0.0397020565
172.13321 4.594 0.0048949731 0.0689011248
245.09525 8.796 0.0048949731 0.1926235126
583.16022 8.649 0.0048949731 -0.1295748863
175.11892 1.026 0.0053230048 0.0885057202
705.82720 8.883 0.0053230048 0.7005093387
582.15788 10.23 0.0053230048 -0.1879251363
323.19003 11.58 0.0053230048 0.2794405797
118.08623 0.915 0.0053230048 -0.1818235757
410.56647 0.991 0.0055491298 -0.0949215338
290.15961 6.066 0.0055491298 0.3351020465
111.08028 10.089 0.0055491298 0.3215485344
726.82403 0.698 0.0060268775 -0.0891166603
317.05572 7.921 0.0060268775 -0.1224723585
226.09353 10.051 0.0060268775 0.1001360544
196.14204 0.68 0.0062790302 -0.0746503776
408.08248 9.042 0.0062790302 -0.1338098568
331.09246 10.166 0.0062790302 -0.0706839518
382.14517 12.078 0.0063783702 -0.0763072612
317.05589 8.206 0.0068112650 -0.0699545313
197.12923 6.244 0.0068112650 -0.0577554494
156.07664 1.417 0.0068112650 0.1961637685
102.95672 6.736 0.0069394097 -0.0671048663
233.09932 6.804 0.0070919147 0.2173115443
332.24300 9.924 0.0070919147 -0.2307087619
405.01419 1.275 0.0072357961 -0.2060463509
310.20133 9.1 0.0076837465 -0.0637715338
635.06859 9.138 0.0076837465 -0.0716460871
321.89737 5.269 0.0078619582 0.0640168347
296.95007 11.91 0.0081924192 -0.9766578870
212.11807 9.798 0.0083183209 0.4526301264
284.17015 9.68 0.0083183209 -0.2265449482
305.14947 10.889 0.0083183209 0.1815747289
99.51218 7.619 0.0086524238 -0.0662340877
250.17998 7.782 0.0089981707 -0.1267546037
417.30441 12.205 0.0089981707 -0.3234785641
255.13494 9.538 0.0092575964 0.0983002954
154.06217 1.055 0.0092575964 0.1861388304
672.85934 0.671 0.0092575964 -0.0844083051
204.12297 0.92 0.0093558950 -0.1541393360
250.17998 6.152 0.0093558950 -0.0711247202
366.11176 6.382 0.0105043711 -0.1037252929
294.20617 9.687 0.0105043711 -0.0675311122
406.07755 8.931 0.0109134786 -0.1477416001
377.14150 10.798 0.0109134786 0.0000000000
365.10535 5.437 0.0109134786 0.4836162934
426.21226 8.517 0.0109134786 -0.0834412228
333.11538 10.392 0.0113363352 0.9536708985
261.14835 12.903 0.0113363352 0.4146473903
325.17107 10.465 0.0117733164 -0.0416107940
207.12252 10.344 0.0117733164 0.3368567642
329.08807 11.946 0.0127067855 0.0236718569
178.08377 9.047 0.0131728693 -0.1943252616
159.07617 9.025 0.0131728693 -0.1777757250
286.20099 9.676 0.0136702464 0.1770159556
349.08928 10.373 0.0136702464 0.2973388180
159.07624 9.146 0.0136702464 -0.1763785956
317.14938 10.984 0.0136702464 0.0999203992
363.16229 10.301 0.0136702464 0.2662051294
118.06085 1.015 0.0147137475 -0.1325523666
508.35937 12.585 0.0152607158 -0.2574040485
438.97194 1.517 0.0153846645 -0.1952638210
465.12645 12.602 0.0158250710 -0.3304949422
272.13379 2.368 0.0158250710 0.2300021516
328.10279 10.232 0.0164072537 -0.0769793777
310.14136 10.22 0.0164072537 -0.0710249782
180.06532 8.396 0.0164072537 -0.1720025327
451.21470 10.875 0.0164072537 0.1336033730
146.05992 10.774 0.0164072537 -0.1143553811
508.01346 5.713 0.0165842200 0.0606793708
322.12982 12.527 0.0170077113 0.2959505610
253.11829 6.707 0.0170077113 -0.0570223994
515.56788 1.001 0.0176268987 -0.2067352210
229.56254 1.202 0.0176268987 -0.2048055777
440.29200 12.712 0.0176268987 0.3606068828
179.09099 9.09 0.0176268987 -0.1839288238
131.04616 0.888 0.0185334567 0.0758546113
196.09681 9.124 0.0189233192 -0.1116072116
344.20657 10.379 0.0189233192 0.1691492175
530.20775 7.351 0.0189233192 -0.0349388953
205.12233 10.874 0.0189233192 -0.2002038815
239.01650 0.999 0.0192252410 -0.0942903695
177.10207 3.9 0.0196014981 0.0219469877
199.06892 9.647 0.0196014981 -0.1403293645
239.01644 1.016 0.0199389292 -0.0942789382
199.06869 9.063 0.0203002988 -0.1375237479
227.03508 9.688 0.0210202121 -0.0753509609
176.12802 0.894 0.0217617361 -0.1018729667
263.17526 10.779 0.0217617361 0.2977311356
393.11557 10.785 0.0225253759 0.1917591466
214.03322 0.96 0.0222168886 0.2936312683
233.16465 9.864 0.0225253759 0.2563996987
216.06872 8.046 0.0225253759 0.0762054025
191.98266 0.935 0.0225253759 -0.1948802698
112.98560 0.672 0.0230237048 -0.0459605672
307.24774 12.579 0.0233116435 -0.1823686864
738.44891 12.651 0.0241210581 0.2510929731
312.21699 8.835 0.0241210581 -0.1897035749
129.06566 9.317 0.0241210581 -0.1551797000
287.10956 8.45 0.0258114392 0.1483685547
217.04941 1.246 0.0258114392 -0.1707782416
179.09351 9.273 0.0258114392 -0.1906562077
165.01160 11.331 0.0258114392 0.2007122579
302.01923 4.916 0.0258114392 0.3757315278
321.13092 8.71 0.0266934781 -0.0328556236
317.05597 8.648 0.0266934781 -0.0505269844
195.12266 6.237 0.0266934781 -0.0401609420
187.07130 10.882 0.0266934781 -0.1146173447
659.33848 0.69 0.0266934781 -0.1741261871
226.08222 7.649 0.0276008087 0.0336263470
102.05483 8.933 0.0294935635 -0.1854609463
398.32649 11.304 0.0304801131 -0.2409318774
279.01201 9.316 0.0304801131 -0.1516451289
640.16271 9.119 0.0304801131 0.1880591892
756.24129 8.822 0.0304801131 0.1233801474
195.11263 6.089 0.0314942049 0.1065181968
102.95674 5.952 0.0314682682 -0.0968497000
205.10695 10.206 0.0314942049 -0.2397638757
177.08678 6.573 0.0314942049 -0.0720193563
427.21881 10.726 0.0314682682 -0.1594707231
328.16675 10.866 0.0325492872 0.1320388874
480.15680 12.825 0.0325364175 0.4294396885
119.08140 9.653 0.0325364175 -0.1568956426
191.08147 10.173 0.0336073354 -0.0653431169
256.10980 7.843 0.0347075491 -0.0196569397
191.10249 10.256 0.0358376550 0.1787790806
85.07597 9.659 0.0358376550 -0.1020605337
88.07559 0.78 0.0369982554 0.1140307760
131.08129 8.998 0.0369982554 -0.1950313221
360.99793 9.63 0.0371887936 0.0538862574
272.20084 10.484 0.0381899579 0.0876392856
162.07595 3.034 0.0381899579 0.1827876994
307.16514 10.397 0.0381899579 0.2614472421
178.09031 10.06 0.0381899579 -0.2084251210
426.35752 12.401 0.0394133756 -0.2342447059
328.24808 10.663 0.0394133756 0.2271287214
88.98779 8.834 0.0410184191 0.0000000000
269.08780 10.595 0.0419578357 0.1154358118
220.11785 6.676 0.0419578357 -0.2534042074
640.16250 9.308 0.0432801301 0.1618797382
144.10184 1.135 0.0432801301 -0.4617982760
437.21277 12.146 0.0432801301 0.1782211629
353.14236 11.998 0.0437484698 -0.0331853151
524.15241 10.436 0.0446366436 -0.0635460680
698.16849 9.637 0.0460280140 -0.0718624626
247.07118 11.161 0.0460280140 -0.1047274765
277.15562 9.231 0.0466266528 0.0395912295
286.20103 9.535 0.0474548836 0.1781001720
783.81581 0.699 0.0474548836 -0.0935067116
258.11248 9.938 0.0474548836 -0.0254242179
248.16462 9.682 0.0474548836 -0.0949445238
153.06571 9.803 0.0489178990 -0.2296723955
205.06813 0.998 0.0489178990 0.1225025484
582.15797 10.491 0.0504177105 -0.0958756502
241.03105 1.001 0.0504177105 -0.1328886051
705.32528 9.119 0.0519549725 0.0292362105
127.03890 1.207 0.0519549725 -0.0932887481
96.04426 4.377 0.0519549725 -0.0647311716
665.37395 0.645 0.0528503559 -0.2089964330
272.17023 7.569 0.0535303430 -0.1078351045
185.03049 9.821 0.0535303430 -0.0357622627
303.22939 0.639 0.0551444830 -0.0629051461
87.05520 0.896 0.0551444830 0.1370314981
133.06070 0.894 0.0551444830 0.1166270307
421.20414 10.379 0.0551444830 0.1458138784
146.06332 5.783 0.0551444830 -1.1160976159
446.29603 10.761 0.0551444830 -0.0490798904
177.08682 8.887 0.0551444830 -0.2149795551
310.17598 10.833 0.0551444830 0.0537808565
113.03078 1.938 0.0567980569 0.4068723849
190.11859 1.167 0.0584917321 0.1159162103
196.09662 9.84 0.0584917321 0.1031663957
115.03881 4.262 0.0584917321 -0.0969316901
113.03080 1.937 0.0602261782 0.3925727248
119.07014 6.478 0.0602261782 -0.0523077915
237.12318 6.91 0.0620020676 -0.0634514114
471.24462 10.798 0.0634420867 0.0357989807
108.94851 0.711 0.0638200748 -0.0565321787
242.98224 6.978 0.0638200748 0.0756532306
340.26912 12.54 0.0638200748 0.1108953530
208.09662 10.549 0.0638200748 0.1614668479
193.09709 3.414 0.0638200748 0.0099967125
73.06475 7.028 0.0638200748 0.0353335300
137.04564 10.098 0.0638200748 0.1907597841
310.21667 9.245 0.0656808758 0.0024017175
308.18542 9.698 0.0675851486 -0.0325455745
185.11830 12.558 0.0673314514 -0.0486537906
667.32529 0.715 0.0675851486 -0.1226866930
221.15347 12.88 0.0695335724 -0.2719974951
239.09126 11.735 0.0715268271 -0.0684725883
297.98584 10.886 0.0715268271 -0.0579976449
242.98246 7.374 0.0715268271 0.0662414394
167.09123 2.306 0.0715268271 -0.0666654003
379.14916 11.813 0.0715268271 -0.0721646808
256.16943 9.741 0.0735655939 0.0973093451
322.94348 10.845 0.0735225713 -0.0960051804
191.13902 0.914 0.0735655939 -0.1147641392
208.10014 4.098 0.0735655939 -0.0251662027
88.03921 2.029 0.0756505540 -0.0916956453
247.18027 8.894 0.0756505540 0.1579506248
200.07205 9.032 0.0756505540 -0.1004867286
635.06932 10.199 0.0756505540 -0.0544859188
135.02986 1.549 0.0778968688 -0.1261265301
303.91345 1.715 0.0801603568 -0.0683041993
204.15923 8.684 0.0799617798 -0.0175930607
207.07621 8.806 0.0799617798 0.1563392405
370.07357 5.901 0.0821894076 -0.1521475067
248.96050 0.661 0.0824757475 -0.0364115411
447.08203 1.032 0.0844659523 -0.1442003021
549.21370 9.63 0.0848437974 -0.2347535322
332.19155 8.904 0.0891685060 -0.0245944069
635.06921 9.54 0.0891685060 -0.0443027289
635.06930 10.43 0.0891685060 -0.0404262597
361.18300 10.229 0.0891685060 0.5606010072
311.00024 10.987 0.0897408918 -0.0190548403
502.85944 1.678 0.0897408918 -0.0681587104
264.17474 9.936 0.0915958679 -0.1061605614
132.07667 1.015 0.0915958679 0.1948073999
271.18060 10.852 0.0915958679 -0.1986458133
476.30655 10.048 0.0915958679 -0.0041598794
175.10759 1.012 0.0940748518 -0.1159285795
174.95605 1.643 0.0948576546 -0.0676199842
356.24314 11.873 0.0966061284 0.0206378608
551.22772 8.55 0.0966061284 -0.0769016122
583.15175 9.301 0.0975002801 0.9198233018
504.99520 10.63 0.0991903656 -0.0336083043
102.01944 2.648 0.1002000584 -0.1387673088
180.97290 1.07 0.1029577272 -0.0790786853
487.03583 1.444 0.1029577272 -0.2557890179
217.11826 7.86 0.1045203776 0.1993765149
211.08237 1.037 0.1057740198 0.0819300491
232.15429 4.856 0.1072674706 -0.1458202586
145.07600 10.718 0.1072674706 0.0584579112
419.04828 1.448 0.1086496650 -0.2433560667
293.09537 12.356 0.1100701602 -0.0490489709
175.05762 0.989 0.1100701602 0.0634816390
690.50885 12.897 0.1100701602 0.1419571120
297.98564 9.851 0.1100701602 -0.0419967347
238.09924 7.85 0.1100701602 -0.0143847298
258.12554 8.709 0.1129290944 -0.0284840455
245.21099 11.725 0.1129290944 -0.0689279702
203.00457 1.459 0.1145819005 -0.1335147806
314.18103 9.221 0.1158449161 -0.1751539333
180.13815 10.712 0.1158449161 -0.0952256122
441.19742 11.281 0.1176399201 0.0709620574
707.35472 0.668 0.1176399201 -0.0453283857
199.03354 0.882 0.1176399201 0.0502860139
419.14191 9.659 0.1176399201 -0.1216415361
440.02592 5.068 0.1176399201 0.0353321928
793.31830 11.544 0.1218497667 -0.0442957725
145.07600 11.109 0.1218497667 0.0463514260
126.97134 0.92 0.1249400525 0.0691190620
279.18024 10.347 0.1249400525 -0.0070881624
133.09701 9.684 0.1249400525 -0.0927438310
210.13340 6.021 0.1249400525 -0.0491546090
161.96956 5.914 0.1249400525 -0.0341353353
314.18100 9.212 0.1249400525 -0.1691763348
117.09095 7.027 0.1249400525 -0.0044651877
217.06176 9.907 0.1239432866 -0.1879947692
356.24298 12.717 0.1249400525 -0.0495600062
310.11444 1.452 0.1239432866 0.0551125140
177.11198 6.256 0.1249400525 -0.0434690115
272.07651 7.249 0.1249400525 -0.0363979249
401.15295 10.707 0.1280897390 -0.0344209275
98.98413 2.329 0.1280897390 0.0622261889
128.04539 9.945 0.1280897390 0.0598312761
91.00367 9.096 0.1305010367 -0.0287576937
195.99212 3.004 0.1305010367 -0.0770004377
146.08105 6.033 0.1312994379 0.1215397768
780.21894 9.092 0.1312994379 -0.0227679932
421.20432 9.899 0.1345697533 -0.0526478543
379.17993 11.998 0.1345697533 0.1033982128
302.06729 10.869 0.1345697533 -0.0649196510
663.43469 12.755 0.1345697533 0.2259436113
314.18103 9.232 0.1379012815 -0.1756614288
289.06771 9.654 0.1408264539 -0.1571065705
548.29046 12.305 0.1412946105 0.1905690925
432.14178 9.674 0.1412946105 -0.0216798965
324.09111 12.039 0.1408264539 0.0802018611
115.07521 4.193 0.1412946105 0.1305370110
117.08494 1.011 0.1412946105 0.0238854525
309.11905 9.619 0.1408264539 0.0398939364
612.88161 0.614 0.1447503195 -0.0441198283
415.25378 9.765 0.1447503195 -0.0238585352
396.45639 11.969 0.1482689788 -0.0377215731
279.13378 10.427 0.1482689788 -0.1058625303
178.05854 1.363 0.1518511492 0.2016187941
73.07600 9.618 0.1554973812 -0.1200523948
126.97144 0.943 0.1554973812 0.0683271633
493.13580 8.792 0.1554973812 -0.1169382626
608.38342 11.87 0.1554973812 0.0795094058
418.16272 8.633 0.1554973812 -0.0017308813
81.52054 0.787 0.1592082155 0.1313604719
466.81659 1.86 0.1593820709 -0.0530639763
187.99651 0.829 0.1633007409 -0.1275508352
430.36731 0.756 0.1629841818 0.0345885816
223.11742 8.987 0.1629841818 -0.0334016795
324.19171 10.394 0.1668257985 0.1281305531
372.25923 10.504 0.1668257985 0.0208744678
509.38014 12.432 0.1668257985 0.0242319808
200.07224 9.616 0.1668257985 -0.0811117598
128.04530 10.421 0.1668257985 0.0728417097
344.22801 9.105 0.1707335727 -0.0025346861
285.97708 9.15 0.1713503035 0.1698526988
344.22784 9.107 0.1707335727 -0.0056356847
316.94798 0.643 0.1713503035 -0.0330918833
401.24885 9.151 0.1707335727 0.1005128022
390.87042 6.254 0.1713503035 0.1736504377
318.05966 8.714 0.1707335727 -0.0140542836
225.04926 4.79 0.1754823057 -0.1906228247
267.17197 12.682 0.1787495613 0.1218852841
239.12775 12.444 0.1787495613 -0.1063318738
246.04396 9.126 0.1796865047 -0.0116047135
102.95662 5.572 0.1796865047 -0.0269754277
349.24438 10.041 0.1828587281 0.1297666982
331.17529 11.712 0.1828587281 -0.0391711844
445.11963 12.49 0.1828587281 -0.0895335853
228.12846 0.972 0.1828587281 0.0162270010
422.92822 10.675 0.1828587281 0.0666361518
231.07733 11.943 0.1839634192 0.0751927810
761.58417 12.508 0.1870359566 0.0000000000
191.08138 10.787 0.1870359566 -0.0219307775
454.24306 9.525 0.1870359566 -0.0133533479
372.25891 11.165 0.1870359566 -0.0644094186
311.12905 0.991 0.1883135522 0.1915884967
282.11969 8.251 0.1912816895 0.0077225149
104.10691 0.751 0.1912816895 0.0940159405
235.96117 3.8 0.1912816895 -0.0363793181
354.93174 12.592 0.1912816895 -0.1028539693
288.21670 9.624 0.1912816895 -0.0667144304
140.07027 1.006 0.1912816895 0.0875016801
104.07053 0.875 0.1912816895 -0.1315304389
353.16799 1.006 0.1927373913 0.0501223910
526.33502 11.108 0.1927373913 -0.0631055491
175.09635 5.995 0.1955963560 -0.0604015328
99.09158 0.871 0.1955963560 0.1503935725
203.01723 1.563 0.1972354076 -0.0705309881
201.01679 2.458 0.1972354076 0.0403736063
434.87184 1.655 0.1972354076 -0.0998785658
133.08579 6.236 0.1999803707 -0.0547713070
412.86265 1.253 0.1999803707 -0.0624297728
186.07591 5.789 0.1999803707 -0.0516670360
525.28825 10.405 0.1999803707 -0.0160274097
205.06814 1.161 0.1999803707 0.0753492490
272.94442 0.605 0.1999803707 -0.0472912831
237.08701 10.015 0.1999803707 -0.0311305931
267.84787 4.643 0.2018080552 0.0359852653
173.09307 1.007 0.2018080552 -0.0558994458
247.03088 1.446 0.2018080552 -0.1111594862
219.07643 9.969 0.2044341332 -0.0589536700
374.59629 1.031 0.2044341332 -0.1904089445
330.91568 12.664 0.2089580280 0.0583664423
223.14409 9.125 0.2089580280 -0.0030713718
140.07021 1.019 0.2089580280 0.1133275049
242.02522 10.323 0.2111789752 0.0691001044
310.11444 1.459 0.2111789752 0.0541308619
184.04007 6.249 0.2135524242 -0.1090811284
140.07022 1.01 0.2135524242 0.1027796074
110.54134 1.31 0.2135524242 -0.0595807468
326.70016 9.515 0.2135524242 -0.0444611668
486.24869 9.759 0.2135524242 -0.0448436934
209.83365 4.953 0.2159780677 -0.0920539475
316.04490 10.475 0.2208534314 -0.0044748047
236.58849 1.017 0.2229541157 -0.0394368268
205.08168 1.646 0.2229541157 -0.0330923339
582.15784 9.692 0.2229541157 -0.0695377493
477.00025 10.29 0.2229541157 -0.0379704775
93.07378 0.817 0.2277620673 -0.0071377819
652.33835 11.955 0.2277620673 0.0707788821
92.52214 1.525 0.2277620673 -0.0421115907
189.15960 1.36 0.2277620673 0.0802090188
315.04155 8.621 0.2308344057 0.1526948870
314.34186 10.586 0.2326418320 -0.0434897858
349.60466 1.028 0.2326418320 0.0494220373
114.09122 5.331 0.2326418320 -0.0243262325
298.05252 1.172 0.2326418320 -0.0283007200
348.89496 2.036 0.2359406835 0.0241752670
168.12286 3.898 0.2375936948 -0.0683417100
323.14249 11.965 0.2375936948 0.0779376064
203.04007 4.18 0.2426179232 -0.0459686667
207.01410 0.908 0.2426179232 -0.1009656152
487.28036 11.49 0.2426179232 -0.0825956599
221.05068 9.929 0.2426179232 -0.0756731926
279.17010 9.088 0.2426179232 0.0147631138
459.28007 10.076 0.2426179232 -0.0091697741
387.28674 11.884 0.2411245662 -0.0466227520
307.85583 8.541 0.2463863359 -0.0179416355
131.07020 9.176 0.2477147658 -0.0087293467
434.15768 9.106 0.2477147658 0.0116725029
447.89196 1.202 0.2477147658 -0.0329054304
89.05968 2.623 0.2528844533 -0.0293800456
189.08695 10.311 0.2528844533 -0.0467068604
190.92841 8.648 0.2517262537 -0.0475063366
584.16293 9.677 0.2528844533 -0.0180988878
146.96129 2.582 0.2528844533 -0.0961779778
89.02439 1.449 0.2571445587 -0.1326501533
118.04970 3.758 0.2581271971 -0.0757523599
163.09646 8.511 0.2581271971 -0.0032787276
86.09634 1.065 0.2581271971 0.1331677506
86.09628 1.047 0.2581271971 0.1338675967
193.03524 2.468 0.2571445587 -0.0712387706
197.06686 8.384 0.2581271971 -0.0216689259
161.12841 1.01 0.2581271971 -0.0578497650
179.08471 6.26 0.2581271971 -0.2892412342
283.01366 7.055 0.2581271971 -0.0616416432
518.83193 1.289 0.2571445587 -0.0431323355
189.95895 3.192 0.2581271971 0.0582782057
705.32525 9.166 0.2634431892 0.0029875244
189.08795 4.9 0.2626414680 -0.0265238497
427.09502 6.181 0.2634431892 0.0869379241
307.14011 10.363 0.2634431892 -0.0310716906
227.17524 7.949 0.2688326022 -0.0425536556
134.04472 2.01 0.2688326022 -0.0849180448
131.08142 4.505 0.2688326022 -0.0652446870
233.07664 7.143 0.2688326022 0.0387058796
437.23540 10.424 0.2688326022 0.1167911672
379.14947 11.1 0.2742955888 -0.0516133921
135.10161 5.036 0.2742955888 0.0120898091
449.30468 12.874 0.2742955888 0.1323562351
725.33091 10.798 0.2742955888 -0.0338515375
367.10526 0.978 0.2738718547 -0.0673831162
564.35886 10.759 0.2742955888 0.0049992260
367.10513 0.988 0.2738718547 -0.0673937195
239.14878 8.324 0.2798322812 -0.0528585092
151.09639 3.899 0.2798322812 -0.0131666369
147.05113 9.687 0.2854427912 0.0894495444
364.09756 6.636 0.2854186922 -0.0215185726
318.22760 10.422 0.2854427912 -0.0091268346
311.15530 10.615 0.2854427912 0.0482678355
147.11269 2.171 0.2911272098 -0.0158772214
160.13321 5.706 0.2911272098 0.1615228317
265.15854 9.744 0.2911272098 -0.0527732181
228.99393 11.618 0.2913110763 -0.0432299516
182.98867 11.912 0.2913110763 -0.0420048803
269.13839 11.789 0.2911272098 0.0045718282
210.05015 7.025 0.2911272098 -0.0456435013
201.98379 6.282 0.2911272098 -0.0130425347
210.05010 7.041 0.2911272098 -0.0456861462
157.06169 4.523 0.2913110763 -0.0283060713
201.02649 10.16 0.2972828803 -0.0373830096
340.13251 6.956 0.2968856065 0.0080441378
158.08099 7.879 0.2968856065 0.0618514202
345.07263 11.048 0.2972828803 -0.0183225758
148.06036 0.977 0.2968856065 0.0717795735
145.06186 0.91 0.3033341555 -0.0757297731
315.04139 9.462 0.3033341555 0.0062574218
520.33185 10.388 0.3027180298 -0.0145968585
168.07780 1.032 0.3033341555 0.0422977187
90.50687 7.619 0.3027180298 -0.0795752596
311.00842 7.066 0.3086245061 -0.0290215982
164.95691 2.482 0.3094649283 -0.0239103262
169.09472 0.91 0.3146050399 0.0699026553
245.12827 10.024 0.3146050399 0.0730906062
487.30560 11.514 0.3156751996 -0.0399921231
217.04958 0.799 0.3206596136 0.0539602455
711.06927 2.468 0.3206596136 -0.1754109478
463.48311 1.347 0.3267881869 0.1061838591
200.54568 1.004 0.3267881869 -0.0510752044
453.18585 12.336 0.3267881869 0.0930006008
725.33099 11.1 0.3267881869 -0.0335047848
420.92733 9.22 0.3283341129 -0.0197208723
315.04150 8.971 0.3283341129 0.0126667314
458.98352 1.44 0.3283341129 -0.1603159828
255.04329 11.107 0.3329906969 0.0953766446
181.07165 0.988 0.3347826272 0.1214037622
116.07153 0.909 0.3347826272 -0.1448540701
204.01919 9.981 0.3329906969 -0.0227318733
117.06976 7.935 0.3329906969 -0.0156906910
397.17136 10.833 0.3347826272 0.1072433212
188.94916 1.43 0.3347826272 -0.0467393938
309.18085 10.921 0.3392670576 -0.0186892368
277.08920 2.364 0.3392670576 0.0251326112
237.08688 10.308 0.3392670576 -0.0815621320
314.23240 10.038 0.3392670576 -0.1274301905
308.20093 9.228 0.3392670576 -0.0303197077
205.08172 2.444 0.3392670576 -0.0499818245
191.06606 11.966 0.3392670576 0.0752799420
166.05314 0.939 0.3392670576 0.1724610223
172.20593 8.813 0.3456171600 -0.0033498483
100.07559 2.81 0.3456171600 -0.0588126893
183.11264 6.732 0.3456171600 -0.0934595960
81.52049 1.948 0.3456171600 -0.0506572245
243.75525 3.939 0.3479172534 0.0228438022
85.02830 0.999 0.3520408716 -0.0498472072
244.07913 1.192 0.3520408716 -0.0642524562
412.30566 11.373 0.3585380364 0.0666128622
269.02976 10.317 0.3585380364 -0.0210668910
146.08114 0.943 0.3585380364 -0.0453237158
241.10289 0.989 0.3585380364 0.0032158352
90.52578 1.842 0.3585380364 -0.0365575502
157.01166 1.778 0.3546030778 0.1120209029
101.07896 2.801 0.3585380364 -0.0784170468
276.00377 4.139 0.3585380364 -0.0358096000
721.86372 0.651 0.3546030778 0.0428613532
507.57935 0.991 0.3585380364 -0.0538834903
190.15486 1.3 0.3651084747 0.0796143875
191.06619 1.892 0.3651084747 -0.1481057463
108.04423 11.408 0.3651084747 0.0959971251
147.07643 0.914 0.3651084747 -0.0452204396
225.93234 3.726 0.3651084747 0.0015254488
382.34265 11.093 0.3651084747 0.0491060427
370.07339 6.623 0.3651084747 0.1189393519
132.03019 2.166 0.3682108268 -0.0981345381
281.15950 9.565 0.3717519826 -0.0062641324
149.08072 5.991 0.3717519826 -0.0964931104
213.03271 11.009 0.3717519826 0.0171977248
151.06264 11.301 0.3717519826 0.0972082838
276.14394 5.173 0.3717519826 0.1121935355
444.99817 11.416 0.3751322999 -0.0115585350
129.05452 7.943 0.3784683325 -0.0590216319
130.04974 4.011 0.3784683325 0.0217497500
90.50677 12.471 0.3784683325 -0.0693422988
233.87537 2.909 0.3784683325 -0.0318406435
257.09938 9.828 0.3784683325 0.0462446224
612.85868 0.702 0.3821318249 -0.0378695950
102.12759 12.537 0.3852572725 0.1547830686
105.03673 2.076 0.3852572725 0.0769853898
269.05336 10.389 0.3852572725 -0.1183378853
171.14906 0.951 0.3921185262 -0.0174891598
719.96772 12.469 0.3921185262 -0.0651325634
508.08591 1.012 0.3921185262 -0.0327249639
111.02003 12.66 0.3990517927 0.0000000000
145.12218 6.4 0.3990517927 0.1000083311
257.02774 4.803 0.3963638214 0.0944784435
200.23726 9.743 0.3990517927 -0.0021838634
358.25885 9.566 0.3990517927 -0.0035410558
137.04578 8.857 0.3990517927 -0.0905309636
188.06636 9.702 0.3990517927 0.0944138334
311.00019 10.587 0.4035956179 -0.0163992313
416.28513 11.536 0.4060567470 -0.1058956001
309.18077 10.914 0.4060567470 -0.0507601304
261.12341 10.988 0.4060567470 -0.0922490404
379.19346 9.538 0.4060567470 0.0697081999
265.11811 10.779 0.4131330389 26.5117307744
149.04551 1.551 0.4109041161 -0.0085043933
219.96644 7.563 0.4131330389 -0.0760997105
250.03838 8.012 0.4131330389 0.0578774762
396.31046 11.517 0.4131330389 0.0156458659
88.07557 0.874 0.4202802937 -0.0335504017
261.21717 11.699 0.4202802937 -0.0392254142
206.10229 7.942 0.4202802937 0.1094175531
231.17020 3.973 0.4202802937 -0.0013585827
255.82207 3.971 0.4182889073 0.0048757125
439.68412 3.58 0.4182889073 0.0044792874
90.52582 0.761 0.4202802937 0.0232444832
171.09920 7.29 0.4202802937 -0.0115887463
225.06165 1.205 0.4182889073 -0.0660606085
336.85871 2.805 0.4257495548 -0.0435764389
251.17527 9.996 0.4274981121 0.1324021885
115.03993 0.99 0.4257495548 -0.0006062790
434.21735 8.685 0.4274981121 0.0323567451
139.53088 1.201 0.4274981121 -0.0895892945
87.04396 1.983 0.4274981121 -0.0285266963
694.92303 12.344 0.4274981121 0.0994532513
307.11085 12.348 0.4274981121 0.1155177173
173.10430 1.503 0.4332855930 0.0234888591
575.39459 12.631 0.4347860695 -0.0623117329
382.58487 0.991 0.4421437168 -0.0519586097
575.39471 12.566 0.4421437168 -0.0616990212
504.99519 10.333 0.4421437168 -0.0326373479
445.07303 5.714 0.4485818359 0.0446789159
437.23557 9.826 0.4495705800 -0.0013141688
199.10043 1.206 0.4495705800 0.0143185871
209.10183 7.667 0.4495705800 -0.0386339072
146.96114 0.743 0.4485818359 -0.0084996991
473.97051 0.82 0.4485818359 -0.0474445094
553.88232 12.299 0.4495705800 0.0578888870
188.94906 1.465 0.4485818359 -0.0224712599
131.54204 0.971 0.4570661600 -0.0446726782
257.09930 9.85 0.4570661600 0.0295888474
270.19113 8.84 0.4570661600 0.0070179610
132.99174 11.641 0.4563409663 -0.0060046606
223.98822 12.487 0.4570661600 0.0531867452
271.09953 11.391 0.4570661600 -0.0118884302
386.29016 12.02 0.4570661600 0.0011452888
345.07272 11.44 0.4563409663 0.0163986202
120.08070 7.05 0.4646299328 -0.0185134944
272.16433 10.137 0.4646299328 0.1363450023
209.09206 9.067 0.4646299328 -0.0140132388
242.28430 9.88 0.4646299328 0.0273201494
418.95567 10.374 0.4646299328 -0.0394966551
783.57184 12.247 0.4722613498 0.0966839842
437.93057 3.589 0.4720783438 0.0652216831
227.89438 8.954 0.4720783438 -0.0348068676
138.05484 4.812 0.4722613498 -0.0224904605
383.24276 12.069 0.4722613498 -0.0140845725
190.92842 8.022 0.4720783438 -0.0211949893
138.05490 5.226 0.4799598372 0.0983570123
209.13823 7.93 0.4799598372 -0.0411510617
180.08652 1.003 0.4799598372 -0.0607284691
76.07560 0.762 0.4799598372 -0.0233391293
612.36945 9.954 0.4877247968 -0.0232832498
222.99521 11.996 0.4877247968 -0.0194114739
146.93846 9.294 0.4881036755 -0.0170577785
190.92831 11.975 0.4881036755 -0.0369052238
150.05495 10.804 0.4877247968 -0.0489339781
302.23231 9.527 0.4955556054 -0.0076277015
159.07629 1.01 0.4955556054 0.0104620497
304.15421 10.089 0.4955556054 -0.0051571222
245.21100 12.02 0.4955556054 -0.0488221251
127.05112 0.93 0.4962226414 -0.0118661063
91.50454 9.41 0.4955556054 0.0419444727
88.04027 1.037 0.4962226414 -0.0921017479
161.04539 1.564 0.5044115197 -0.0454338037
210.13344 8.407 0.5034516151 -0.0362498315
99.04488 1.009 0.5044115197 0.0236034610
168.12290 3.516 0.5034516151 -0.0201915172
206.10211 8.266 0.5034516151 0.0708110182
365.10514 4.803 0.5034516151 0.0286519001
156.96584 6.254 0.5034516151 -0.0003830858
308.20098 9.244 0.5114121537 -0.0174267084
106.04982 0.84 0.5114121537 -0.0532611337
189.12341 0.99 0.5114121537 -0.1015733938
305.06317 10.048 0.5114121537 0.0347685802
199.09645 9.587 0.5114121537 -0.0494515782
349.10883 0.973 0.5114121537 -0.0279497831
194.92729 4.977 0.5126695595 -0.0132286727
141.06581 4.488 0.5194365246 -0.0310746374
342.26364 10.588 0.5194365246 -0.0081555196
198.12756 10.512 0.5194365246 -0.0066974066
150.05492 9.579 0.5194365246 -0.0236262634
157.14146 7.82 0.5194365246 0.0346623812
111.02014 10.424 0.5194365246 0.0095595804
126.10252 0.936 0.5194365246 -0.0179022058
725.29382 9.519 0.5209959815 -0.2007371412
632.05529 1.0 0.5275240065 -0.1097211163
230.08427 9.943 0.5275240065 0.0050424900
223.09228 0.991 0.5275240065 -0.0282107054
185.00655 4.81 0.5293899788 0.0640852658
480.15680 12.579 0.5356738544 0.0405465027
276.19543 8.459 0.5356738544 -0.0094188474
418.95567 10.153 0.5356738544 -0.0489618565
134.89444 9.219 0.5378507164 0.0030817885
75.00862 7.446 0.5378507164 -0.0223033949
294.20602 6.275 0.5438852990 -0.0087546455
170.15375 8.756 0.5438852990 -0.0178012396
193.10697 8.321 0.5438852990 0.0243833193
255.82195 4.296 0.5463773318 0.0326811941
202.17990 9.685 0.5521575472 0.0084719452
310.99992 9.847 0.5549689353 0.0608350463
258.91571 10.016 0.5549689353 0.0181430833
231.93157 9.376 0.5636246098 -0.0211940849
113.02429 0.991 0.5636246098 0.0062097281
388.87366 2.809 0.5636246098 -0.0321498111
778.20494 9.657 0.5636246098 0.0117846214
283.10376 10.507 0.5604897824 -0.0271585698
217.05670 5.627 0.5604897824 -0.0317260804
101.07077 0.99 0.5604897824 -0.0325762186
101.02432 0.988 0.5636246098 0.0128250418
72.08071 0.917 0.5604897824 -0.0653322726
152.05663 10.045 0.5604897824 0.0536865213
229.56251 1.002 0.5688811644 -0.0177055273
189.14840 10.117 0.5688811644 0.0114006007
376.21774 9.262 0.5688811644 -0.0105708707
136.04808 1.003 0.5688811644 0.0372239733
187.87337 8.733 0.5723434113 -0.0197444606
255.82197 4.751 0.5723434113 0.0646430936
180.05942 1.204 0.5723434113 -0.0587245974
226.95144 0.643 0.5773308298 -0.0218933887
347.84913 2.085 0.5773308298 0.0169972040
632.05540 0.993 0.5773308298 -0.0921407593
198.09718 1.002 0.5773308298 -0.0210627842
150.02283 0.922 0.5811243694 -0.0659435167
197.12844 8.684 0.5858378921 0.0088930085
489.16273 12.42 0.5858378921 0.0348083318
159.05110 3.693 0.5858378921 0.1336418973
461.80297 1.263 0.5858378921 -0.0111983407
375.16199 11.717 0.5858378921 -0.0079836171
178.09029 4.179 0.5858378921 0.0475397551
223.96317 2.425 0.5858378921 -0.0432382637
319.20160 9.052 0.5858378921 0.0111603675
197.80798 4.227 0.5899664871 -0.0064785140
145.04945 1.0 0.5944014424 -0.0667277629
207.14903 10.244 0.5944014424 -0.0030073832
145.04935 0.994 0.5944014424 -0.0667277629
695.42517 12.546 0.5944014424 0.0890125706
279.13399 9.833 0.5944014424 0.0332281457
79.51944 1.507 0.6030205488 0.0005410926
363.06231 1.036 0.6078300837 0.0583700729
311.00018 10.361 0.6078300837 -0.0061918068
188.93295 2.197 0.6078300837 -0.0029620396
435.19839 11.83 0.6078300837 0.0741024742
244.15546 11.136 0.6078300837 -0.0103327780
385.90170 1.566 0.6116942574 -0.0116146548
128.95069 2.586 0.6116942574 0.0663006389
303.20673 9.547 0.6116942574 0.0075331568
189.12329 3.624 0.6116942574 0.0326553409
91.05396 9.695 0.6116942574 -0.0071971326
699.36720 0.627 0.6168494396 0.0222112757
201.03806 1.449 0.6168494396 -0.1232387062
160.93532 9.172 0.6168494396 0.0004039519
83.03560 0.578 0.6204215926 0.0021821331
166.94304 3.234 0.6204215926 -0.0221101169
297.98553 8.106 0.6204215926 -0.0282593889
284.17018 9.876 0.6204215926 -0.0809311078
209.94902 5.841 0.6259257101 -0.0061839310
226.92738 2.457 0.6259257101 -0.0450903508
249.02274 11.666 0.6259257101 0.0129246086
125.87298 8.404 0.6259257101 0.0128387635
127.03885 1.001 0.6292015567 -0.0013506285
245.07683 8.42 0.6292015567 -0.0086181232
150.12764 10.599 0.6292015567 0.0521292485
230.98854 11.635 0.6380331310 -0.0415121046
300.20181 8.715 0.6380331310 0.0057720313
181.05831 4.499 0.6380331310 0.0567341688
190.92835 1.975 0.6350577713 -0.0159662846
107.07014 1.305 0.6380331310 0.0026329625
71.06032 9.925 0.6380331310 -0.0887554917
242.98245 7.562 0.6469152759 0.0318549951
180.10164 9.656 0.6469152759 0.0177404018
417.03007 9.815 0.6469152759 -0.0228348210
200.10289 1.337 0.6558469307 -0.0629254507
415.54919 1.007 0.6558469307 -0.0782895203
220.14418 9.691 0.6558469307 0.0020107812
215.17541 7.058 0.6558469307 -0.0084500287
296.20090 9.244 0.6558469307 0.0012170788
187.04184 1.45 0.6534846489 -0.0796012955
379.97192 3.482 0.6627770978 0.0097354050
130.05081 0.9 0.6627770978 0.0849443972
111.02000 9.054 0.6648270149 -0.0171718397
269.08778 1.414 0.6627770978 0.0167910300
219.19531 12.438 0.6648270149 0.1174346845
269.08792 0.988 0.6627770978 0.0054132521
785.50444 12.594 0.6648270149 -0.0514361881
187.87340 8.427 0.6627770978 -0.0215702358
231.93170 11.761 0.6721206030 0.0295969389
360.23904 9.879 0.6721206030 -0.0187264092
96.96958 2.479 0.6721206030 -0.0597306847
152.03747 0.922 0.6738544278 0.0229307078
199.10770 8.742 0.6738544278 -0.0650991995
211.14407 9.009 0.6738544278 -0.0462448541
352.16861 12.568 0.6738544278 0.0064806778
276.00379 4.592 0.6738544278 0.0249253594
141.01566 3.755 0.6738544278 0.0632576609
246.16996 5.941 0.6738544278 0.0268264131
252.12307 9.556 0.6738544278 0.0521073329
190.92842 5.012 0.6815139234 -0.0316155717
198.04960 1.023 0.6815139234 0.0978145786
105.01920 1.397 0.6815139234 -0.0103395373
144.06544 5.699 0.6829280494 -0.0244158027
320.20668 12.357 0.6920467403 -0.0346576916
297.04541 6.041 0.6909557958 -0.0440814941
183.07790 9.596 0.6920467403 -0.0362785330
147.07632 5.289 0.6920467403 0.0542928878
275.05621 0.754 0.6909557958 -0.0524451912
97.02825 1.049 0.6920467403 -0.0733468083
95.01369 0.988 0.7004449353 -0.0407478120
298.18579 10.238 0.7012093427 -0.0904594601
101.02426 1.2 0.7004449353 -0.0217178835
281.02414 3.841 0.7012093427 0.0213035108
557.34613 12.217 0.7012093427 0.0152400758
107.04896 8.69 0.7012093427 -0.0662872875
371.12243 11.684 0.7012093427 -0.0404761767
281.24847 0.429 0.7099800359 -0.0048207640
165.01913 9.687 0.7099800359 0.0280886505
232.93500 9.648 0.7099800359 -0.0016269203
652.35148 0.688 0.7196615586 0.0322226233
83.53570 0.571 0.7196615586 -0.0093696146
348.98978 11.448 0.7196615586 -0.1045927716
132.06535 4.662 0.7196615586 0.0069320248
132.10186 1.065 0.7196615586 -0.0314115122
161.09203 4.717 0.7196615586 0.1603010425
780.21934 9.608 0.7289487666 0.0040653743
249.15572 1.016 0.7289487666 -0.0279581115
86.05991 1.918 0.7289487666 -0.0724399523
188.16425 9.634 0.7289487666 0.0126801011
149.04539 1.234 0.7291827946 -0.0077485098
209.83377 4.275 0.7291827946 0.0056890038
179.05607 7.974 0.7291827946 0.0290426747
243.11284 11.056 0.7382750756 0.0679604036
316.04492 9.022 0.7388477399 -0.0292090532
212.07631 2.342 0.7382750756 0.0126124505
409.06754 1.095 0.7388477399 0.0262152305
259.18052 10.234 0.7382750756 -0.6662944715
173.92615 11.13 0.7388477399 -0.0311044889
195.05086 2.523 0.7388477399 0.1072444694
236.22177 12.503 0.7382750756 0.0093019023
388.25410 9.464 0.7382750756 -0.0110063624
379.28156 0.626 0.7382750756 -0.0137916657
85.02833 1.167 0.7476392407 -0.0023961940
130.08616 0.963 0.7476392407 0.0904315100
100.07559 1.37 0.7476392407 0.0098021920
147.11266 1.298 0.7476392407 -0.0141594740
174.12357 5.985 0.7476392407 0.0212233598
158.09236 9.95 0.7570400011 0.0221629074
187.94177 12.093 0.7582978381 -0.0287062637
113.09592 6.146 0.7570400011 0.0349577348
105.05448 1.968 0.7570400011 0.1197613683
130.06211 1.029 0.7582978381 0.0370361920
315.04162 10.418 0.7582978381 -0.0081145898
197.15340 12.767 0.7664760801 0.0244596690
272.95899 0.639 0.7680801664 0.0014334583
397.15988 10.063 0.7664760801 -0.0466335773
567.39009 0.618 0.7664760801 -0.0376524820
315.04161 9.833 0.7680801664 -0.0141420625
97.02831 0.999 0.7664760801 -0.0624904969
258.91731 1.113 0.7680801664 -0.0439134121
165.04176 12.772 0.7680801664 0.0304468279
449.11725 0.993 0.7664760801 -0.0147617167
178.08624 9.139 0.7759461864 -0.2836311840
247.14414 10.417 0.7759461864 -0.2627864553
275.03886 11.955 0.7759461864 -0.0147582573
190.92841 8.49 0.7778987687 -0.0085746746
190.92839 9.84 0.7778987687 -0.0266415110
196.09682 7.784 0.7854490142 -0.0329190073
256.93816 2.426 0.7854490142 0.0178126389
277.11832 10.94 0.7854490142 0.0356788586
116.92850 11.957 0.7877521902 -0.0461633329
78.91870 3.875 0.7877521902 -0.0282595173
143.10651 6.511 0.7854490142 -0.0110242802
261.09446 1.214 0.7854490142 -0.0358817537
91.05396 10.004 0.7854490142 0.0288536297
215.86845 7.975 0.7877521902 0.0037387681
569.31421 11.238 0.7854490142 -0.0123153317
90.05492 0.83 0.7854490142 0.0236546183
276.11887 5.255 0.7854490142 0.0655292070
133.10515 1.114 0.7949832436 -0.0832560089
204.05581 1.036 0.7949832436 0.0219354818
231.93167 11.489 0.7976389600 0.0039303483
176.06577 1.113 0.8045475412 -0.0699755094
426.21209 8.442 0.8045475412 -0.0112004669
88.11195 0.79 0.8045475412 0.0172086467
132.99174 11.311 0.8075575922 -0.0133698198
92.04305 1.438 0.8075575922 0.0323297902
209.83376 3.865 0.8075575922 -0.0044716405
233.12847 10.953 0.8141405611 0.0477286698
168.09294 7.024 0.8141405611 -0.0449411147
166.08610 7.964 0.8141405611 0.0404547691
180.01162 0.852 0.8141405611 -0.0344055841
325.20100 11.795 0.8141405611 -0.0032645807
143.03485 0.992 0.8175065858 0.0261033271
143.03486 0.991 0.8175065858 0.0261033271
143.03486 0.991 0.8175065858 0.0261033271
780.21936 9.632 0.8237609446 0.0113318521
368.27930 10.977 0.8237609446 0.0285020880
203.05259 1.204 0.8237609446 -0.0227049919
346.00940 8.557 0.8237609446 0.0112180089
689.95621 12.574 0.8237609446 -0.0668752724
290.26883 12.224 0.8237609446 -0.0251357509
181.06275 0.995 0.8274844262 0.0009651442
125.02431 1.208 0.8274844262 0.0042540993
228.99405 11.33 0.8274844262 -0.0387100191
146.93845 2.351 0.8274844262 0.0012770543
291.20654 9.885 0.8334073216 0.0274660967
283.16937 12.138 0.8334073216 -0.1035692336
173.09203 1.034 0.8334073216 0.0317454342
162.07594 1.02 0.8334073216 -0.1163288596
104.03526 0.832 0.8374895855 0.0517431056
258.15462 8.299 0.8430783108 0.0261017654
185.09192 7.552 0.8430783108 0.0083296481
149.11722 7.029 0.8430783108 0.0051480634
235.07137 9.931 0.8430783108 -0.0189828305
229.91606 11.99 0.8475205228 -0.0024721194
80.97482 3.003 0.8475205228 0.0095869272
183.09899 6.515 0.8527725200 -0.0463341113
360.96807 11.999 0.8527725200 -0.0048674301
389.16269 10.288 0.8527725200 0.0080928284
179.05488 1.986 0.8527725200 -0.0372522761
432.04721 8.318 0.8527725200 0.2722961992
237.89749 2.487 0.8575756859 0.0179169718
88.07560 1.067 0.8624885472 0.0087454301
642.31799 0.711 0.8624885472 0.0232145682
131.08252 0.985 0.8676535108 0.0216292438
160.07973 4.375 0.8722249811 0.0330810594
116.07055 0.913 0.8722249811 -0.0365646452
173.92616 11.435 0.8777524233 0.0058037269
161.04543 0.992 0.8777524233 -0.0298992772
258.10995 0.974 0.8819804011 -0.0370463918
176.10292 0.994 0.8819804011 -0.0879310829
203.05251 1.003 0.8819804011 0.0431281719
203.05260 0.997 0.8819804011 0.0431281719
217.03298 1.411 0.8878708392 0.0706119730
129.93629 10.623 0.8878708392 -0.0149091775
336.85849 10.106 0.8878708392 0.0020263648
111.02004 12.395 0.8917533789 -0.2463287620
399.49400 1.286 0.8917533789 -0.0013433264
190.92833 2.326 0.8980071656 -0.0048731686
171.02739 2.092 0.8980071656 0.0679432347
153.06584 9.4 0.9015424783 0.0317022054
255.04659 1.162 0.9015424783 -0.0159327354
306.08103 11.419 0.9015424783 -0.0218476578
225.07557 11.622 0.9015424783 -0.0346752559
102.95673 6.96 0.9081598007 0.0180028061
85.02931 0.991 0.9081598007 -0.0191012301
384.11905 1.015 0.9113462560 0.0182921992
179.08727 9.381 0.9113462560 0.0299219582
195.05092 2.207 0.9183271356 0.0122147786
522.20241 6.584 0.9211632625 -0.1251939051
114.06612 1.012 0.9211632625 0.0073434926
71.01366 1.245 0.9183271356 -0.0160348732
261.14441 5.814 0.9211632625 0.0456173448
328.24829 9.581 0.9211632625 0.0120176869
294.14084 3.52 0.9211632625 -0.1979904840
258.15450 8.641 0.9309920427 -0.0199594220
111.02019 7.619 0.9309920427 -0.0069351186
145.09707 0.931 0.9309920427 -0.0719396526
130.08608 3.859 0.9309920427 0.0563414023
295.12886 9.271 0.9309920427 -0.0904400023
214.08938 9.197 0.9309920427 0.0003028476
165.11209 5.944 0.9309920427 0.0309621598
237.08673 7.957 0.9309920427 0.0163772143
317.18723 11.592 0.9285075544 0.0165157548
119.03487 0.991 0.9285075544 -0.0117084067
182.08107 8.577 0.9408311359 -0.0275964009
163.06002 1.001 0.9408311359 0.0470046392
230.24769 11.321 0.9506790772 0.0035047020
286.17993 9.975 0.9506790772 0.0129928032
289.06943 3.383 0.9489011497 0.0142050835
87.00860 1.205 0.9489011497 0.0351874753
387.11466 5.628 0.9489011497 0.0445879197
388.25419 9.449 0.9506790772 -0.0050392057
177.10193 10.234 0.9506790772 0.0120444345
264.09794 10.479 0.9605343980 -0.0202999023
131.03477 0.991 0.9591110668 0.0212758054
266.08820 1.001 0.9591110668 0.0045942575
551.22836 9.747 0.9605343980 0.0381555564
136.04800 1.494 0.9605343980 0.0158449923
128.03523 4.581 0.9693275504 0.0205068891
264.07714 0.994 0.9693275504 0.0707558530
437.29077 11.98 0.9693275504 0.0116338729
174.08828 0.997 0.9693275504 0.0030364120
320.13331 1.017 0.9703956262 -0.0203371677
396.03459 4.792 0.9703956262 -0.0141725828
103.04006 2.128 0.9693275504 0.0307531118
102.95673 5.012 0.9693275504 0.0417470674
221.05066 7.947 0.9703956262 -0.0007304308
299.01967 4.218 0.9802612871 -0.0311022422
229.11827 0.988 0.9802612871 0.1115200776
246.97734 4.126 0.9901299043 0.0292063659
421.16730 12.055 0.9901299043 -0.0035806046
190.92843 10.84 0.9897736590 0.0588161485
203.04026 4.626 0.9901299043 0.0134847506
169.97727 2.61 1.0000000000 -0.0179947697
83.03866 0.637 1.0000000000 -0.0021068964
261.94159 4.797 1.0000000000 -0.1834005566
193.09712 6.272 1.0000000000 -0.0026833472
180.08653 1.783 1.0000000000 0.0268863376
180.06885 1.005 1.0000000000 0.0182948091
101.05956 10.514 1.0000000000 -0.0164177950
