"m.z" "r.t" "p.value" "t.score"
286.20103 9.535 0.0019531250 0.0923943641
289.22728 9.974 0.0019531250 0.1049940248
286.20099 9.676 0.0019531250 0.0892319886
188.06636 9.702 0.0019531250 0.0505406778
264.19561 6.634 0.0019531250 0.0647910155
370.07339 6.623 0.0019531250 0.0336382548
255.09499 7.907 0.0019531250 0.0423305081
520.33185 10.388 0.0019531250 -0.0032996478
233.16465 9.864 0.0019531250 0.0652990379
243.13377 10.443 0.0019531250 0.0735509417
289.15454 10.891 0.0019531250 0.1849414125
219.13381 10.095 0.0019531250 0.1750618000
263.12129 11.682 0.0019531250 1.0880864599
111.08028 10.089 0.0019531250 0.0547752082
291.20673 10.714 0.0019531250 0.3036664943
261.18080 11.062 0.0019531250 0.1717281436
275.21163 9.852 0.0019531250 0.2497051421
450.01277 1.949 0.0019531250 0.1090524457
297.09353 5.148 0.0019531250 0.1756716882
130.08608 3.859 0.0019531250 0.1196152548
264.12424 11.817 0.0019531250 0.6344407286
335.22869 10.076 0.0019531250 0.1417259155
793.36467 9.087 0.0019531250 0.3136224648
172.09669 9.97 0.0019531250 0.1000641180
172.09674 10.106 0.0019531250 0.1350709708
101.01674 5.642 0.0019531250 0.0954032656
207.12252 10.344 0.0019531250 0.0852063569
133.08570 7.047 0.0019531250 0.0672082632
349.24438 10.041 0.0039062500 0.0173878675
321.89751 4.849 0.0039062500 0.1155639205
259.09244 5.411 0.0039062500 0.3033798285
487.03583 1.444 0.0039062500 -0.2395011309
253.09279 5.964 0.0039062500 0.0571257113
285.97708 9.15 0.0039062500 0.1432355830
158.11745 10.092 0.0039062500 0.1405139489
116.92850 12.983 0.0039062500 0.1821812189
245.16055 5.096 0.0039062500 -0.0423960269
328.16675 10.866 0.0039062500 0.0361016701
371.17238 10.818 0.0039062500 0.0666549891
295.07913 5.605 0.0039062500 0.0554415757
348.10080 8.211 0.0039062500 0.0000000000
346.08652 8.44 0.0039062500 -0.3185056961
185.09192 7.552 0.0039062500 -0.7565560705
206.02797 12.026 0.0039062500 0.0317665389
493.13580 8.792 0.0058593750 0.1995176435
242.13058 8.916 0.0058593750 -1.6539200998
191.98266 0.935 0.0058593750 0.1989696966
251.17527 9.996 0.0058593750 0.0695963643
549.21370 9.63 0.0078125000 -1.1433908675
139.03992 10.477 0.0078125000 0.0746731120
149.04539 1.234 0.0078125000 -0.3042110699
160.84199 11.608 0.0078125000 0.0505899461
261.14835 12.903 0.0097656250 0.3463763660
219.12255 11.03 0.0097656250 1.0718250474
189.04672 0.935 0.0097656250 0.6315315317
437.21277 12.146 0.0097656250 0.0534258474
279.11602 12.082 0.0097656250 0.1537787647
175.05762 0.989 0.0097656250 0.3178976649
356.24314 11.873 0.0097656250 0.0050284193
187.08647 12.053 0.0097656250 0.1058109637
170.11762 6.354 0.0097656250 0.0173562755
612.36945 9.954 0.0097656250 0.1484092276
172.07175 9.946 0.0097656250 0.0400024093
118.05098 0.862 0.0117187500 0.2004529864
220.98079 11.494 0.0117187500 0.0000000000
102.95671 8.75 0.0117187500 0.1205863896
180.05942 1.204 0.0117187500 -0.3080492465
255.04659 1.162 0.0136718750 0.2271300606
151.06264 11.301 0.0136718750 0.0646809161
279.18024 10.347 0.0136718750 -0.0061318117
273.15962 10.88 0.0136718750 0.1147293200
507.57935 0.991 0.0136718750 -0.2581735242
201.02649 10.16 0.0195312500 -0.1265097025
296.95007 11.91 0.0195312500 -0.2799181155
208.09662 10.549 0.0195312500 0.0838789579
266.06696 10.05 0.0195312500 -1.9357109389
209.03017 5.657 0.0195312500 0.7099747307
461.80297 1.263 0.0195312500 0.9997727509
289.06771 9.654 0.0195312500 -1.8668493809
322.12982 12.527 0.0195312500 0.0971027567
508.01346 5.713 0.0195312500 0.0331314027
272.13379 2.368 0.0195312500 0.1820641767
174.14874 8.541 0.0195312500 -0.4885581192
157.06169 4.523 0.0195312500 0.2344583411
113.02429 0.991 0.0195312500 -0.1045872272
143.03486 0.991 0.0195312500 -0.1652730589
176.12800 11.055 0.0195312500 0.1152906714
343.12322 5.46 0.0195312500 0.3440569114
143.03486 0.991 0.0195312500 -0.1652730589
143.03485 0.992 0.0195312500 -0.1652730589
349.60466 1.028 0.0273437500 0.1386526662
71.01366 1.245 0.0273437500 -0.2717074639
333.09137 11.511 0.0273437500 -0.0254754778
307.11092 12.054 0.0273437500 -0.1756564394
480.85041 0.749 0.0273437500 0.0157674452
171.02739 2.092 0.0273437500 0.5351954263
101.02432 0.988 0.0273437500 -0.0799785003
196.09662 9.84 0.0273437500 0.0523634261
509.38014 12.432 0.0273437500 0.0881970535
305.09646 11.916 0.0273437500 -0.0340605715
89.02439 1.449 0.0273437500 -0.2340204563
161.04543 0.992 0.0273437500 -0.1164401768
389.16269 10.288 0.0273437500 0.0459464218
104.10691 0.751 0.0273437500 0.2453689899
141.01566 3.755 0.0273437500 0.0342037144
361.18300 10.229 0.0371093750 0.1600482733
231.08377 4.726 0.0371093750 -0.6473476364
128.04539 9.945 0.0371093750 0.0888697194
307.11085 12.348 0.0371093750 0.1053550968
445.81506 12.734 0.0371093750 0.0000000000
147.05113 9.687 0.0371093750 0.0664797613
572.35541 12.497 0.0371093750 0.4495212449
177.10193 10.234 0.0371093750 0.0808710324
480.00681 6.217 0.0371093750 0.0879876103
111.02019 7.619 0.0371093750 0.0252304229
129.06569 0.987 0.0371093750 0.2277199774
276.14394 5.173 0.0371093750 0.1384619109
412.30566 11.373 0.0371093750 0.0894614243
453.18585 12.336 0.0371093750 0.0745167716
101.02426 1.2 0.0390625000 -0.2858689034
119.03487 0.991 0.0390625000 -0.1211046369
217.06176 9.907 0.0390625000 0.2144976132
269.08778 1.414 0.0390625000 -0.3012861323
225.06165 1.205 0.0390625000 -0.3365837443
419.14191 9.659 0.0390625000 -0.4172645241
340.26912 12.54 0.0488281250 0.0939156524
226.12834 4.744 0.0488281250 -0.5626724297
269.08780 10.595 0.0488281250 0.0764761950
72.08071 0.917 0.0488281250 0.1519092509
233.10721 6.699 0.0488281250 -0.0294124075
137.04564 10.098 0.0488281250 0.2453723269
314.18103 9.232 0.0488281250 -0.0336858788
360.02505 8.292 0.0488281250 -0.0805563906
396.31046 11.517 0.0488281250 0.0771779322
107.04896 8.69 0.0488281250 0.1946589536
344.20657 10.379 0.0488281250 0.0273393200
281.02414 3.841 0.0488281250 0.0164090586
235.12873 7.948 0.0488281250 0.0380433733
315.04161 9.833 0.0546875000 -0.1178222433
315.04162 10.418 0.0546875000 -0.0608396582
778.20494 9.657 0.0546875000 -0.2191075192
115.03993 0.99 0.0546875000 -0.1009431110
239.01644 1.016 0.0546875000 0.1369910693
445.07303 5.714 0.0546875000 0.0365721027
239.01650 0.999 0.0546875000 0.1413794482
131.03477 0.991 0.0546875000 -0.0682119095
255.13494 9.538 0.0546875000 0.1887138949
190.11859 1.167 0.0644531250 0.1849236051
91.50454 9.41 0.0644531250 0.0849626259
349.08928 10.373 0.0644531250 0.0337927393
195.11263 6.089 0.0644531250 0.0214388205
376.21774 9.262 0.0644531250 0.0442784644
780.21894 9.092 0.0644531250 0.1528677374
449.30468 12.874 0.0644531250 0.1156302324
79.51944 1.507 0.0644531250 0.3183978021
90.52582 0.761 0.0644531250 0.1979105959
233.09932 6.804 0.0644531250 0.0643880208
632.05540 0.993 0.0644531250 -0.1994506636
175.09635 5.995 0.0644531250 0.0976183136
166.08610 7.964 0.0644531250 0.0333256539
632.05529 1.0 0.0644531250 -0.2505054535
235.96117 3.8 0.0644531250 0.0440718008
92.52214 1.525 0.0644531250 0.3132985690
145.08582 10.901 0.0644531250 0.4777081721
310.21667 9.245 0.0644531250 0.0080337906
239.14878 8.324 0.0644531250 0.0767338987
114.09122 5.331 0.0644531250 0.1889837042
257.11322 8.472 0.0644531250 0.0086295803
276.11887 5.255 0.0644531250 0.1127284785
440.22751 8.348 0.0644531250 0.1217825997
214.08938 9.197 0.0644531250 0.0632416349
427.09502 6.181 0.0644531250 0.1038489497
506.20748 7.308 0.0839843750 0.1708602592
207.07621 8.806 0.0839843750 0.1571873992
316.04490 10.475 0.0742187500 -0.0062284041
147.11266 1.298 0.0839843750 0.1978989224
377.91489 4.919 0.0742187500 0.0828888875
108.04423 11.408 0.0839843750 0.1372371033
288.00378 4.675 0.0839843750 0.6543594296
276.00377 4.139 0.0839843750 0.1796840997
317.14536 3.942 0.0839843750 0.1992688546
212.11807 9.798 0.0839843750 0.1621967142
113.03080 1.937 0.0839843750 0.1415611672
268.15443 8.687 0.0839843750 0.0000000000
308.18542 9.698 0.0839843750 0.0249472726
286.17993 9.975 0.0839843750 0.0654898742
158.08099 7.879 0.0839843750 0.0242818725
191.08147 10.173 0.0839843750 -0.1887489141
407.18846 10.548 0.0839843750 0.1187970614
132.10186 1.065 0.0839843750 0.2469098165
185.00655 4.81 0.0742187500 -29.3861407876
530.20775 7.351 0.0839843750 0.0244734127
464.08922 11.123 0.0742187500 -0.1267449177
617.28564 8.799 0.0839843750 0.1257822186
437.29077 11.98 0.0742187500 -0.0312277510
388.25410 9.464 0.0839843750 -0.0017377367
164.95691 2.482 0.0742187500 0.0677800426
264.17474 9.936 0.0839843750 0.2548050764
102.01944 2.648 0.0742187500 0.1647148072
300.20181 8.715 0.0839843750 0.0010395723
446.29603 10.761 0.0839843750 0.0129708491
119.52785 7.619 0.0839843750 -0.0617129113
201.03806 1.449 0.0742187500 -0.3409845257
290.13862 11.042 0.0839843750 0.0000000000
476.30655 10.048 0.0839843750 -0.0007684038
490.28535 11.201 0.0839843750 0.8296083736
307.11093 11.428 0.1054687500 0.0629176043
257.02774 4.803 0.0976562500 0.0000000000
344.22784 9.107 0.1054687500 -0.0010638128
296.20090 9.244 0.1054687500 0.0382984997
146.96100 1.206 0.0976562500 -0.0615371573
136.04800 1.494 0.1054687500 0.1921181063
113.03078 1.938 0.1054687500 0.1415099867
272.20084 10.484 0.1054687500 0.0435233486
191.10249 10.256 0.1054687500 0.1135359699
198.09718 1.002 0.1054687500 -0.2178498385
604.13812 8.48 0.1054687500 0.2776237699
276.00379 4.592 0.1054687500 0.1441264580
287.10956 8.45 0.1054687500 0.0487900884
370.07357 5.901 0.1054687500 0.1807301680
86.09628 1.047 0.1054687500 0.2499161621
178.09029 4.179 0.1054687500 0.0588886819
86.09634 1.065 0.1054687500 0.2515489635
247.18027 8.894 0.1054687500 0.0287573930
738.44891 12.651 0.1054687500 0.3054669608
161.04539 1.564 0.0976562500 -0.1026474326
314.18103 9.221 0.1054687500 -0.0336551182
277.08920 2.364 0.1054687500 0.0190428354
154.12262 4.195 0.1054687500 0.0238862660
118.08623 0.915 0.1054687500 0.1884947799
191.99763 10.928 0.1054687500 0.0559216853
127.05112 0.93 0.0976562500 0.1006553212
203.05259 1.204 0.1054687500 -0.2951167602
202.17990 9.685 0.1054687500 0.0595478825
290.13863 10.97 0.1054687500 0.0000000000
177.10207 3.9 0.1054687500 0.0141988427
128.04530 10.421 0.1054687500 0.0230816335
162.83902 11.979 0.0976562500 -0.0441583689
207.14903 10.244 0.1054687500 0.0942844112
158.09236 9.95 0.1054687500 0.0832771798
324.09111 12.039 0.0976562500 0.0235557707
305.14947 10.889 0.1054687500 0.0378810906
161.09203 4.717 0.1054687500 0.1891281315
203.05251 1.003 0.1054687500 -0.1427778679
330.91568 12.664 0.1054687500 0.1122193249
133.10515 1.114 0.1054687500 0.3651528430
272.16433 10.137 0.1054687500 0.0225155476
176.06577 1.113 0.1054687500 0.3174445690
690.50885 12.897 0.1054687500 0.1511632007
203.05260 0.997 0.1054687500 -0.1427778679
97.02831 0.999 0.1054687500 -0.2753253555
130.04974 4.011 0.1308593750 0.3051376912
793.36499 8.806 0.1308593750 0.2113679733
199.10043 1.206 0.1308593750 -0.0435035373
116.92850 11.957 0.1289062500 -0.2794047264
705.32525 9.166 0.1308593750 0.3993675396
360.23904 9.879 0.1289062500 -0.0618813035
308.20098 9.244 0.1308593750 0.1070490306
291.20654 9.885 0.1308593750 0.0326319997
314.18100 9.212 0.1308593750 -0.0320917008
263.17526 10.779 0.1308593750 0.0615257640
206.10211 8.266 0.1308593750 0.0648773138
180.10164 9.656 0.1308593750 0.0389775883
220.14418 9.691 0.1308593750 0.0369914567
435.19839 11.83 0.1289062500 0.0154263972
691.06024 9.046 0.1289062500 0.4961645080
102.95673 6.96 0.1289062500 0.1300723723
250.03838 8.012 0.1308593750 0.0187888535
87.04396 1.983 0.1308593750 0.0987751959
150.12764 10.599 0.1308593750 0.0623318361
137.04578 8.857 0.1308593750 -0.0268730369
166.05314 0.939 0.1308593750 0.1227712650
326.23230 10.263 0.1308593750 -2.2320979636
309.12663 11.904 0.1308593750 0.1049599154
253.05434 6.017 0.1308593750 0.0877867177
344.22801 9.105 0.1308593750 -0.0004949093
194.92729 4.977 0.1289062500 1.0485174722
81.52054 0.787 0.1308593750 0.1781294620
265.15854 9.744 0.1308593750 0.1384139758
191.06606 11.966 0.1308593750 0.0766901177
422.92822 10.675 0.1308593750 0.2250925962
269.13839 11.789 0.1308593750 0.0053682827
97.02825 1.049 0.1308593750 -0.1770626683
103.04006 2.128 0.1289062500 0.6400451353
663.43469 12.755 0.1308593750 0.3002802683
397.17136 10.833 0.1289062500 0.0147341883
90.50677 12.471 0.1308593750 -1.6187791707
480.15680 12.825 0.1308593750 0.2704569405
305.22233 11.03 0.1308593750 0.0795138392
231.07733 11.943 0.1289062500 0.0163978111
127.03890 1.207 0.1308593750 -0.1746036541
252.12307 9.556 0.1308593750 0.1066655574
175.11892 1.026 0.1308593750 0.0481034344
216.06872 8.046 0.1308593750 0.0130704600
169.09472 0.91 0.1308593750 -0.2568068601
162.07700 0.889 0.1289062500 -0.0942354555
694.92303 12.344 0.1601562500 0.0746720527
88.11195 0.79 0.1601562500 0.2636761509
307.11091 10.806 0.1601562500 -0.0227326493
705.32528 9.119 0.1601562500 0.3626107985
147.07632 5.289 0.1601562500 0.1185931824
246.97734 4.126 0.1601562500 0.2373014324
217.11826 7.86 0.1601562500 -0.0904873645
229.05791 5.313 0.1640625000 0.0622135903
73.07600 9.618 0.1601562500 -0.1437267517
193.09709 3.414 0.1601562500 0.0131635670
168.07661 2.356 0.1601562500 0.6066099132
191.13902 0.914 0.1601562500 -0.0756658268
420.92733 9.22 0.1640625000 0.3160573466
116.07153 0.909 0.1640625000 0.1672150639
321.89737 5.269 0.1640625000 0.0322539577
127.03885 1.001 0.1601562500 -0.4183717467
136.04808 1.003 0.1601562500 0.1297762973
322.94348 10.845 0.1640625000 -0.0247234937
144.06298 0.713 0.1601562500 -0.0148466166
241.08692 11.965 0.1640625000 -0.0485916683
180.08652 1.003 0.1601562500 -0.2993212534
564.35886 10.759 0.1601562500 0.0011797528
311.00019 10.587 0.1640625000 -0.0081019279
384.11905 1.015 0.1601562500 -0.2293691548
186.11247 5.226 0.1601562500 0.0394038212
223.96317 2.425 0.1601562500 0.2233945955
197.12923 6.244 0.1601562500 0.0513235830
189.12341 0.99 0.1601562500 0.3022937937
303.20673 9.547 0.1601562500 0.0641983195
245.12827 10.024 0.1601562500 0.0163202332
111.02000 9.054 0.1601562500 -0.0499086175
91.05396 9.695 0.1601562500 0.0397178706
379.19346 9.538 0.1601562500 0.0554479750
230.08427 9.943 0.1601562500 0.0581827164
454.24306 9.525 0.1601562500 0.0615604324
199.10770 8.742 0.1601562500 -0.1770061886
91.05396 10.004 0.1601562500 0.0233570010
193.03524 2.468 0.1640625000 0.2781436414
321.13092 8.71 0.1601562500 -0.0127360742
308.20093 9.228 0.1933593750 0.0992645750
352.16861 12.568 0.1933593750 0.0824136613
204.01919 9.981 0.1933593750 0.0314876068
155.15427 5.154 0.1933593750 -0.0484578256
363.16229 10.301 0.1933593750 0.1076153226
177.14837 10.693 0.1933593750 -0.0928936121
347.84913 2.085 0.1933593750 0.0375923204
104.07053 0.875 0.1933593750 0.1516828267
118.04970 3.758 0.1933593750 0.0679205304
148.06036 0.977 0.1933593750 0.2779031606
705.82720 8.883 0.1933593750 -25.6174306781
107.07014 1.305 0.1933593750 0.2060047737
217.04958 0.799 0.1933593750 -0.1052921000
584.16293 9.677 0.1933593750 0.0938061934
317.14938 10.984 0.1933593750 0.0282964223
486.24869 9.759 0.1933593750 0.1120155400
557.34613 12.217 0.1933593750 0.0539474930
421.16730 12.055 0.1933593750 0.0455416759
640.16250 9.308 0.1933593750 0.1557401979
306.08103 11.419 0.1933593750 0.0614071429
145.07600 10.718 0.1933593750 0.0176202878
332.24300 9.924 0.1933593750 0.1684220684
225.93234 3.726 0.1933593750 0.0167566472
163.06002 1.001 0.1933593750 -0.1970156382
210.13344 8.407 0.1933593750 -0.1443159712
228.12846 0.972 0.1933593750 0.0211630021
104.03526 0.832 0.2031250000 0.0838702914
181.06275 0.995 0.2031250000 -0.1505028842
348.89496 2.036 0.2031250000 0.0153386129
174.08828 0.997 0.2031250000 0.1381184676
210.06989 1.178 0.2031250000 0.1126715989
249.02274 11.666 0.2031250000 0.0445313226
149.04551 1.551 0.2031250000 -0.2454837084
247.03088 1.446 0.2031250000 -0.2364072504
387.28674 11.884 0.2031250000 -0.0364410220
261.94159 4.797 0.2031250000 -0.5982888748
157.01166 1.778 0.2031250000 -0.3670955801
725.29382 9.519 0.2031250000 -29.2630681076
245.09525 8.796 0.2324218750 -0.5324781993
240.15945 8.688 0.2324218750 -0.1111836973
388.25419 9.449 0.2324218750 -0.0007467542
201.98379 6.282 0.2324218750 0.5207009475
83.03560 0.578 0.2324218750 0.0797438369
471.19640 11.271 0.2324218750 -0.0630343091
267.17197 12.682 0.2324218750 0.1120014102
324.19171 10.394 0.2324218750 0.0873460269
132.07667 1.015 0.2324218750 0.1487192967
365.10535 5.437 0.2324218750 0.1095528680
211.10753 8.605 0.2324218750 0.7046175120
282.11969 8.251 0.2324218750 0.0016233438
229.56251 1.002 0.2324218750 -0.0950174854
145.04935 0.994 0.2324218750 -0.3051915883
253.11829 6.707 0.2324218750 0.0403532179
207.01410 0.908 0.2324218750 0.1254688948
209.10183 7.667 0.2324218750 -0.1078157341
417.30441 12.205 0.2324218750 -0.5274282143
145.04945 1.0 0.2324218750 -0.3051915883
85.02830 0.999 0.2324218750 -0.2443245226
88.03921 2.029 0.2324218750 0.1065178606
217.04941 1.246 0.2324218750 0.1434046846
160.13313 0.929 0.2324218750 0.1874771984
189.15960 1.36 0.2324218750 0.1998660487
297.98584 10.886 0.2324218750 -0.1180605118
228.07861 8.707 0.2324218750 -0.0781744335
525.28825 10.405 0.2324218750 -0.0078523138
551.22772 8.55 0.2324218750 0.0872768560
297.98564 9.851 0.2324218750 -0.0477942464
640.16271 9.119 0.2324218750 0.1831629919
335.19002 11.609 0.2324218750 0.1664340704
320.20668 12.357 0.2324218750 0.1381210737
317.05572 7.921 0.2324218750 0.1322292193
220.11785 6.676 0.2324218750 0.1652591938
179.09351 9.273 0.2324218750 0.0820595098
196.14204 0.68 0.2324218750 -0.0441201506
161.12841 1.01 0.2324218750 -0.0665707613
174.12357 5.985 0.2324218750 0.2288836095
310.20133 9.1 0.2324218750 0.0191697910
131.08142 4.505 0.2324218750 0.0901222262
695.42517 12.546 0.2324218750 0.0445790324
100.07559 1.37 0.2324218750 0.1719080490
363.06231 1.036 0.2500000000 0.3072530283
242.02522 10.323 0.2500000000 -0.0445747856
289.06943 3.383 0.2500000000 0.0102050741
329.08807 11.946 0.2500000000 0.0694443558
707.35472 0.668 0.2500000000 0.1803599824
246.04396 9.126 0.2500000000 0.0691587932
92.04305 1.438 0.2500000000 0.0853236269
232.05761 9.265 0.2500000000 0.0695945251
226.92738 2.457 0.2500000000 0.1579780553
310.11444 1.459 0.2500000000 0.1075565696
131.08252 0.985 0.2500000000 0.0661045943
187.94177 12.093 0.2500000000 -0.1320279086
310.11444 1.452 0.2500000000 0.1067809227
134.89444 9.219 0.2500000000 -0.2728607930
437.93057 3.589 0.2500000000 0.0795651446
261.14441 5.814 0.2753906250 0.1332359398
120.08070 7.05 0.2753906250 0.0393927950
582.15788 10.23 0.2753906250 0.0621027799
430.36731 0.756 0.2753906250 0.0106443018
168.12286 3.898 0.2753906250 -0.4286540764
652.33835 11.955 0.2753906250 0.0405960972
258.11248 9.938 0.2753906250 0.0257975700
215.17541 7.058 0.2753906250 0.0330212299
239.09126 11.735 0.2753906250 0.0803753095
283.01366 7.055 0.2753906250 0.0453606422
138.05484 4.812 0.2753906250 -0.0299634915
256.93816 2.426 0.2753906250 0.1014736221
101.07896 2.801 0.2753906250 -0.5879817707
98.98413 2.329 0.2753906250 0.1287585977
131.08129 8.998 0.2753906250 0.0835180160
548.29046 12.305 0.2753906250 0.1095517694
275.03886 11.955 0.2753906250 0.1377069956
294.20602 6.275 0.2753906250 0.0279898348
177.08682 8.887 0.2753906250 0.0861033682
204.05581 1.036 0.2753906250 -0.0842784458
342.26364 10.588 0.2753906250 0.4190486004
199.06892 9.647 0.2753906250 0.0455755442
205.08168 1.646 0.2753906250 0.0276398362
208.10014 4.098 0.2753906250 -0.0213711452
100.07559 2.81 0.2753906250 -0.4612206738
129.05452 7.943 0.2753906250 0.0399481933
311.15530 10.615 0.2753906250 0.0416186681
209.09206 9.067 0.2753906250 0.0098460872
189.14840 10.117 0.2753906250 0.1241152000
149.11722 7.029 0.2753906250 0.0142244090
207.14907 8.611 0.2753906250 0.0738350849
437.23557 9.826 0.2753906250 0.0047124189
706.32819 8.954 0.2753906250 0.7605552525
219.07628 10.787 0.2753906250 -0.2029943075
246.16996 5.941 0.2753906250 0.0414366523
153.06584 9.4 0.2753906250 0.0157187543
204.12297 0.92 0.2753906250 0.1251389461
239.12775 12.444 0.3222656250 0.0389628446
569.26508 11.514 0.3007812500 -0.0177380007
275.05621 0.754 0.3007812500 -0.0091376582
102.95672 6.736 0.3007812500 0.1310945587
397.15988 10.063 0.3222656250 -0.1063874266
211.08237 1.037 0.3007812500 -0.1720864693
81.52049 1.948 0.3222656250 0.2055793561
180.06885 1.005 0.3222656250 -0.1513209626
85.02833 1.167 0.3222656250 -0.0739137421
375.16199 11.717 0.3222656250 0.0245681619
415.54919 1.007 0.3222656250 -0.1798798684
223.98822 12.487 0.3222656250 0.3857701761
360.96807 11.999 0.3222656250 0.0352894218
237.08673 7.957 0.3222656250 0.0171449982
360.99793 9.63 0.3007812500 -0.0150222368
256.16943 9.741 0.3222656250 0.0315246518
195.05092 2.207 0.3007812500 0.0337174732
149.08072 5.991 0.3222656250 0.2263870264
377.14150 10.798 0.3222656250 0.3356024811
102.12759 12.537 0.3222656250 1.0763770895
130.08616 0.963 0.3222656250 0.3246651107
147.11269 2.171 0.3222656250 0.0714420959
315.04139 9.462 0.3007812500 -0.1488959612
269.05336 10.389 0.3222656250 -0.2069143030
93.07378 0.817 0.3222656250 -0.0340128240
247.08243 10.759 0.3007812500 -0.0501785253
111.52172 12.498 0.3222656250 -0.2008901751
303.22939 0.639 0.3222656250 -0.0460913082
209.06660 1.251 0.3007812500 -0.1643173269
210.05010 7.041 0.3222656250 0.0656897610
199.06869 9.063 0.3222656250 0.0363146966
130.06211 1.029 0.3007812500 0.2567161481
333.11538 10.392 0.3222656250 0.1730152845
401.15295 10.707 0.3222656250 -0.0545486833
183.11264 6.732 0.3222656250 0.1269765678
105.03673 2.076 0.3222656250 0.0911251005
257.09938 9.828 0.3222656250 0.1810875417
449.11725 0.993 0.3222656250 -0.0416815560
128.95069 2.586 0.3222656250 0.0838206391
439.28392 12.663 0.3222656250 0.2642797172
266.08820 1.001 0.3007812500 0.1594517632
242.98246 7.374 0.3222656250 0.1255389975
225.04926 4.79 0.3007812500 0.0935777231
88.07559 0.78 0.3222656250 -0.2547800695
353.14236 11.998 0.3007812500 -0.0114747378
276.10116 7.893 0.3222656250 0.1225333892
210.05015 7.025 0.3222656250 0.0658670150
432.14178 9.674 0.3222656250 0.0226543940
114.06612 1.012 0.3222656250 0.1961062600
353.16799 1.006 0.3007812500 -0.1171914345
203.04007 4.18 0.3222656250 0.0898338818
178.09031 10.06 0.3222656250 0.0784364015
582.15729 9.277 0.3222656250 0.0805545464
293.09537 12.356 0.3222656250 0.0556289257
508.08591 1.012 0.3222656250 -0.0806455664
165.01160 11.331 0.3222656250 0.0682769517
582.15797 10.491 0.3222656250 0.0793917800
183.09899 6.515 0.3222656250 -0.1110893796
197.06686 8.384 0.3222656250 -0.0159238866
416.37491 11.688 0.3007812500 0.0319973631
358.25885 9.566 0.3222656250 0.0378917963
182.08107 8.577 0.3222656250 0.1255502989
642.31799 0.711 0.3222656250 0.0198269500
451.21470 10.875 0.3222656250 0.0294871581
417.03007 9.815 0.3750000000 0.0083308814
477.00025 10.29 0.3750000000 -0.0476325875
230.98854 11.635 0.3750000000 -0.0427571762
418.95567 10.153 0.3750000000 -0.0625943433
323.19003 11.58 0.3750000000 0.1986449796
340.13251 6.956 0.3750000000 0.0342441237
583.16022 8.649 0.3750000000 0.0785719218
175.04773 9.931 0.3750000000 0.2032688965
146.05992 10.774 0.3750000000 0.1280321799
261.09446 1.214 0.3750000000 -0.0250763855
756.24129 8.822 0.3750000000 0.1580664131
299.01967 4.218 0.3750000000 0.0663664962
178.08377 9.047 0.3750000000 0.0677335111
272.95899 0.639 0.3593750000 0.1419073541
73.06475 7.028 0.3750000000 0.0058009759
186.11234 2.243 0.3750000000 0.1154690563
284.17015 9.68 0.3750000000 -0.0611370383
415.25378 9.765 0.3750000000 0.0060012371
159.07617 9.025 0.3750000000 0.0427545561
379.28156 0.626 0.3750000000 0.0999348502
311.00842 7.066 0.3750000000 0.0338219518
665.37395 0.645 0.3593750000 0.0751175473
223.11742 8.987 0.3750000000 0.2406965801
575.39471 12.566 0.3750000000 0.0386769769
200.54568 1.004 0.3750000000 -0.1873518013
156.96584 6.254 0.3750000000 -0.0080237996
249.10805 2.365 0.3750000000 0.0976074320
183.07790 9.596 0.3750000000 0.1543589767
210.13340 6.021 0.3750000000 0.0241918889
222.99521 11.996 0.3750000000 0.0278297472
159.07624 9.146 0.3750000000 0.0425622110
91.00367 9.096 0.3593750000 -0.0242043276
167.08539 12.572 0.3750000000 -0.1859839670
117.09095 7.027 0.3750000000 -0.0055210832
328.24808 10.663 0.3750000000 0.3154580998
353.26603 0.658 0.3750000000 -0.0390469926
255.82195 4.296 0.3593750000 -0.1345903578
193.10697 8.321 0.3750000000 -0.0190918750
179.09099 9.09 0.3750000000 0.0770797739
409.06754 1.095 0.3593750000 0.1357310780
113.09592 6.146 0.3750000000 -0.7685269711
108.94851 0.711 0.3750000000 0.1195667961
208.06134 11.426 0.3593750000 0.0165454819
135.02986 1.549 0.3593750000 0.1241858741
196.09682 7.784 0.3750000000 0.0483212741
120.06550 0.875 0.3750000000 0.0829411804
135.10161 5.036 0.3750000000 0.0074934504
134.04472 2.01 0.3750000000 0.1329862857
75.00862 7.446 0.3593750000 -0.0470805559
287.07730 9.604 0.3593750000 -0.0188590926
102.05483 8.933 0.3750000000 0.0801555865
125.02431 1.208 0.3593750000 -0.1714896976
182.98610 9.194 0.3593750000 27.6279888171
228.99393 11.618 0.3593750000 -0.0704104157
264.07714 0.994 0.4257812500 0.2116439252
180.08653 1.783 0.4316406250 -0.1986378699
209.83365 4.953 0.4257812500 -0.0886831373
269.12445 6.202 0.4316406250 0.0762276800
304.15421 10.089 0.4316406250 0.0001057052
294.20617 9.687 0.4316406250 0.0015230426
368.27930 10.977 0.4316406250 0.1515701802
159.07629 1.01 0.4316406250 -0.0805754197
102.95673 5.012 0.4257812500 0.1715717199
414.33618 10.38 0.4316406250 -0.0395563865
672.85934 0.671 0.4257812500 0.0525670581
150.02283 0.922 0.4257812500 0.3012688920
102.95674 5.952 0.4257812500 0.1347827787
119.07014 6.478 0.4316406250 -0.0551881897
271.18060 10.852 0.4316406250 -0.1572770172
99.51218 7.619 0.4316406250 -0.0079220287
272.17023 7.569 0.4316406250 -0.0438813682
162.07595 3.034 0.4316406250 0.0249777641
326.70016 9.515 0.4316406250 0.0595784768
191.06619 1.892 0.4316406250 0.1249072117
551.22836 9.747 0.4316406250 0.0404057913
406.07755 8.931 0.4316406250 0.0588084754
165.11209 5.944 0.4316406250 0.1440840490
205.06813 0.998 0.4316406250 0.0487860462
317.18723 11.592 0.4257812500 0.0716082697
241.10289 0.989 0.4316406250 -0.0718093534
226.09353 10.051 0.4316406250 0.0059634429
419.04828 1.448 0.4257812500 -0.1797485012
213.12320 2.188 0.4316406250 0.0840358128
133.08579 6.236 0.4316406250 0.0121131085
317.05597 8.648 0.4316406250 0.0310317169
258.15450 8.641 0.4316406250 -0.3237595638
143.10651 6.511 0.4316406250 -0.0236855648
163.09646 8.511 0.4316406250 -0.0007456718
174.04068 9.047 0.4257812500 0.0802718561
317.05589 8.206 0.4316406250 0.0200157814
409.08652 10.494 0.4316406250 0.0340425299
90.50687 7.619 0.4316406250 0.0132135243
209.06651 1.5 0.4257812500 0.2131380040
366.11176 6.382 0.4316406250 0.0461876084
188.16425 9.634 0.4316406250 0.0141650480
316.04492 9.022 0.4257812500 -0.0995622705
354.93174 12.592 0.4316406250 0.0756440763
785.50444 12.594 0.4316406250 0.0855999780
575.39459 12.631 0.4316406250 0.0245493821
182.10223 1.084 0.4316406250 0.0970676359
202.01221 0.86 0.4257812500 0.1579533042
236.58849 1.017 0.4316406250 -0.0475841833
257.09930 9.85 0.4316406250 0.1812544306
279.11598 10.313 0.4316406250 -0.0172299336
582.15784 9.692 0.4316406250 0.0320775309
219.07643 9.969 0.4316406250 -0.0245408494
277.11832 10.94 0.4316406250 -0.1029886717
128.03523 4.581 0.4257812500 0.1009782574
233.07664 7.143 0.4316406250 0.0320736619
311.00018 10.361 0.4257812500 -0.0093961094
382.58487 0.991 0.4316406250 0.0801848988
118.06085 1.015 0.4316406250 0.2442953747
390.87042 6.254 0.4257812500 1.5644688527
146.08105 6.033 0.4316406250 0.0615979337
328.24829 9.581 0.4316406250 -0.0165293035
117.08494 1.011 0.4316406250 0.0879118963
223.14409 9.125 0.4921875000 0.0450593687
173.10430 1.503 0.4960937500 -0.3076469109
230.24769 11.321 0.4921875000 0.0554673651
458.98352 1.44 0.4960937500 -0.0515159563
698.16849 9.637 0.4921875000 0.1556825442
303.91345 1.715 0.4960937500 0.2670958319
269.08792 0.988 0.4960937500 -0.0376448160
209.13823 7.93 0.4921875000 -0.0233097852
226.08222 7.649 0.4921875000 0.0183807256
502.85944 1.678 0.4960937500 0.4921195410
567.39009 0.618 0.4921875000 -0.0008965874
386.29016 12.02 0.4921875000 -0.0084878663
112.98560 0.672 0.4960937500 -0.0127155205
307.16514 10.397 0.4921875000 0.0931361368
105.05448 1.968 0.4921875000 0.2406625192
315.04155 8.621 0.4960937500 0.2020323603
248.96050 0.661 0.4960937500 0.0457433625
165.07559 2.494 0.4921875000 -0.2670693660
418.16272 8.633 0.4921875000 -0.0372730663
229.11827 0.988 0.4921875000 0.0794124424
434.87184 1.655 0.4960937500 0.4877447807
199.03354 0.882 0.4960937500 -0.1972817759
313.01459 8.756 0.4921875000 0.0240447831
459.28007 10.076 0.4921875000 -0.0074219688
667.32529 0.715 0.4921875000 0.1448594494
345.07263 11.048 0.4960937500 0.0623517140
279.01201 9.316 0.4921875000 0.0577840176
283.16937 12.138 0.4921875000 0.2089464096
295.12886 9.271 0.4921875000 0.0298321382
243.11284 11.056 0.4921875000 0.0250849548
276.13611 4.661 0.4921875000 -0.0097152157
199.96928 8.234 0.4960937500 -0.0365685788
398.32649 11.304 0.4921875000 0.3309489771
371.12243 11.684 0.4921875000 -0.1191128610
248.16462 9.682 0.4921875000 -0.0048051988
217.05670 5.627 0.4921875000 0.0255137964
146.06332 5.783 0.4921875000 -0.4895724898
321.89743 5.763 0.4960937500 -0.0179412967
96.96958 2.479 0.4960937500 0.0334888540
385.90170 1.566 0.4921875000 0.1711515242
161.96956 5.914 0.4921875000 -0.0051435019
87.00860 1.205 0.4960937500 -0.1560399890
318.05966 8.714 0.4921875000 -0.0475403217
169.97727 2.61 0.4921875000 0.0566470561
96.04426 4.377 0.4921875000 -0.0965629588
138.05490 5.226 0.4921875000 -0.1637298523
348.98978 11.448 0.4921875000 -0.3129612549
132.03019 2.166 0.4960937500 -0.1534005146
115.07521 4.193 0.4921875000 -0.0258756750
383.24276 12.069 0.4921875000 0.0160793579
206.10229 7.942 0.5566406250 0.4114865226
244.07913 1.192 0.5566406250 -0.0238658530
316.94798 0.643 0.5703125000 0.0309402481
553.88232 12.299 0.5566406250 0.0595148229
312.21699 8.835 0.5566406250 -0.0662893468
227.89438 8.954 0.5703125000 -0.0107783030
489.16273 12.42 0.5566406250 0.0609374534
232.15429 4.856 0.5566406250 -0.1042131693
181.07165 0.988 0.5703125000 -0.0952324188
387.11466 5.628 0.5703125000 -0.2123754834
281.24847 0.429 0.5703125000 0.0085262188
172.13321 4.594 0.5566406250 0.0267480147
261.12341 10.988 0.5566406250 0.0448308932
187.04184 1.45 0.5703125000 -0.0320401238
206.10339 0.808 0.5703125000 -0.3282373087
487.28036 11.49 0.5566406250 0.0625905983
206.10331 0.816 0.5703125000 -0.3308154964
259.18052 10.234 0.5566406250 0.0000000000
88.04027 1.037 0.5703125000 0.0928883098
221.05066 7.947 0.5566406250 -0.1075341342
262.18017 8.577 0.5566406250 -0.0164267756
88.98779 8.834 0.5703125000 0.0000000000
635.06930 10.43 0.5566406250 -0.0196530051
177.08678 6.573 0.5566406250 0.0333516126
195.05086 2.523 0.5703125000 -0.1259644358
612.85868 0.702 0.5703125000 -0.0075387925
438.97194 1.517 0.5703125000 0.1624723214
279.17010 9.088 0.5566406250 0.0228465388
85.02931 0.991 0.5703125000 -0.0253721046
180.97290 1.07 0.5703125000 0.1075345280
217.03298 1.411 0.5703125000 0.0554068677
379.17993 11.998 0.5566406250 0.1174616775
162.07594 1.02 0.5566406250 -0.1101456215
99.04488 1.009 0.5703125000 0.3426459073
205.10695 10.206 0.5566406250 0.1612677242
146.96129 2.582 0.5566406250 0.0340263851
258.15462 8.299 0.5566406250 -0.0052150855
432.27996 10.695 0.5566406250 0.0000000000
195.12266 6.237 0.5566406250 0.0253923234
397.11301 1.167 0.5566406250 0.0801749291
379.97192 3.482 0.5703125000 0.0382982346
189.13456 6.238 0.5566406250 -0.0651702275
444.99817 11.416 0.5703125000 -0.0050856512
237.89749 2.487 0.5703125000 0.0948754173
146.08114 0.943 0.5566406250 0.0774285344
290.15961 6.066 0.5566406250 -0.1096931158
139.53088 1.201 0.5566406250 -0.1027782610
167.09123 2.306 0.5566406250 -0.0430794010
315.04150 8.971 0.5703125000 -0.1750634734
515.56788 1.001 0.5566406250 -0.1074862223
147.07643 0.914 0.5566406250 0.0332070411
272.94442 0.605 0.5566406250 0.0574868033
412.86265 1.253 0.5566406250 -0.0036790797
168.09294 7.024 0.5566406250 0.0575893602
131.54204 0.971 0.5566406250 -0.1021208977
793.31830 11.544 0.6250000000 -0.0235471202
237.08701 10.015 0.6250000000 -0.0307443534
205.12233 10.874 0.6250000000 -0.2163394212
179.08471 6.26 0.6250000000 -0.1216837938
416.35181 10.38 0.6250000000 -0.0221761848
305.06317 10.048 0.6250000000 -0.0033704344
150.05492 9.579 0.6250000000 0.0173341170
144.10184 1.135 0.6250000000 -0.1314426682
302.01923 4.916 0.6250000000 0.1705094228
119.08140 9.653 0.6250000000 0.0344802650
393.11557 10.785 0.6250000000 0.0229029670
204.12289 1.12 0.6250000000 0.1054521517
310.14136 10.22 0.6250000000 0.0156148012
205.08172 2.444 0.6250000000 -0.1156817435
761.58417 12.508 0.6250000000 0.0000000000
110.54134 1.31 0.6250000000 0.0853477620
71.06032 9.925 0.6250000000 -0.1606491824
129.06566 9.317 0.6250000000 -0.1037868976
314.23240 10.038 0.6250000000 0.1077679783
332.19155 8.904 0.6250000000 -0.0176264849
159.05110 3.693 0.6250000000 0.0316990170
426.21209 8.442 0.6250000000 0.0339317306
90.52578 1.842 0.6250000000 0.0529522137
237.08688 10.308 0.6250000000 0.1546624572
323.14249 11.965 0.6250000000 0.1558093054
83.03866 0.637 0.6250000000 0.0764692374
133.09701 9.684 0.6250000000 0.0148444041
319.20160 9.052 0.6250000000 0.0485187176
193.09712 6.272 0.6250000000 0.0204256360
245.21100 12.02 0.6250000000 0.4820740747
219.19531 12.438 0.6250000000 -0.2230986245
221.15347 12.88 0.6250000000 -0.0796931711
200.23726 9.743 0.6250000000 0.0123849029
780.21936 9.632 0.6250000000 -0.0152450869
145.12218 6.4 0.6250000000 -0.6800085061
307.14011 10.363 0.6250000000 -0.0250580207
356.24298 12.717 0.6250000000 0.0011001474
412.19637 8.44 0.6250000000 -0.0112786867
241.03105 1.001 0.6250000000 0.0505562774
318.22760 10.422 0.6250000000 -0.0311826965
88.07557 0.874 0.6250000000 0.0816951036
434.15768 9.106 0.6250000000 0.0195328639
219.96644 7.563 0.6250000000 -0.0128615762
242.98224 6.978 0.6250000000 0.1131668029
439.68412 3.58 0.6523437500 0.0032580853
309.11905 9.619 0.6523437500 -0.0212176006
203.01723 1.563 0.6523437500 0.0723392312
258.91731 1.113 0.6523437500 -0.1568785851
214.03322 0.96 0.6523437500 0.0525409025
471.24462 10.798 0.6523437500 0.0209536335
311.12905 0.991 0.6523437500 -0.2106002063
198.04960 1.023 0.6523437500 0.2071848270
187.99651 0.829 0.6523437500 0.0743990468
190.92842 5.012 0.6523437500 0.1693922530
174.95605 1.643 0.6523437500 0.1045504478
721.86372 0.651 0.6523437500 -0.0287448543
382.14517 12.078 0.6523437500 0.0426411452
518.83193 1.289 0.6523437500 -0.1551992689
441.19742 11.281 0.6523437500 0.0175938243
179.05607 7.974 0.6523437500 -0.0860352951
377.91455 5.802 0.6523437500 -0.0096456115
209.83377 4.275 0.6523437500 -0.0227531129
165.04176 12.772 0.6523437500 -0.0306671050
365.10514 4.803 0.6953125000 -0.0087491847
144.06544 5.699 0.6953125000 0.0356652423
180.01162 0.852 0.6953125000 -0.1671304835
255.04329 11.107 0.6953125000 0.0285488829
261.21717 11.699 0.6953125000 0.0135850070
171.14906 0.951 0.6953125000 0.0360432633
126.10252 0.936 0.6953125000 -0.0195370181
85.07597 9.659 0.6953125000 -0.0691154371
298.05252 1.172 0.6953125000 0.0175589851
197.15340 12.767 0.6953125000 0.0915944518
278.17495 7.936 0.6953125000 -0.0080505209
612.88161 0.614 0.6953125000 -0.1121656350
325.17107 10.465 0.6953125000 -0.0094968285
698.16820 9.398 0.6953125000 -0.1307291106
272.07651 7.249 0.6953125000 -0.0074478060
233.87537 2.909 0.6953125000 -0.0488984923
302.06729 10.869 0.6953125000 -0.0198778765
170.15375 8.756 0.6953125000 0.0349419034
247.14414 10.417 0.6953125000 0.0162665199
203.04026 4.626 0.6953125000 -0.0621771633
227.03508 9.688 0.6953125000 -0.0318231005
184.04007 6.249 0.6953125000 -0.0171642268
204.15923 8.684 0.6953125000 0.0085851095
196.09681 9.124 0.6953125000 -0.0884869929
229.56254 1.202 0.6953125000 -0.0477266410
236.22177 12.503 0.6953125000 0.1826084829
180.06532 8.396 0.6953125000 0.1532098097
126.97134 0.92 0.6953125000 0.0129581262
126.97144 0.943 0.6953125000 0.0128318900
145.09707 0.931 0.6953125000 0.0022444663
284.17018 9.876 0.6953125000 0.0811432984
200.10289 1.337 0.6953125000 -0.0621904706
145.07600 11.109 0.6953125000 0.0227638826
176.12802 0.894 0.6953125000 0.0651135263
258.10995 0.974 0.6953125000 -0.0317218647
780.21934 9.608 0.6953125000 -0.0041114689
197.12844 8.684 0.7695312500 -0.0529409039
283.10376 10.507 0.7695312500 -0.0068425087
414.30011 11.739 0.7695312500 0.0198729818
569.31421 11.238 0.7695312500 -0.0424554067
228.99405 11.33 0.7343750000 -0.0590449807
153.12730 10.118 0.7695312500 -0.0344518766
379.14947 11.1 0.7695312500 0.0006969923
205.06814 1.161 0.7695312500 -0.0172457679
185.03049 9.821 0.7695312500 -0.0045834885
176.10292 0.994 0.7695312500 0.1090983600
437.23540 10.424 0.7695312500 -0.3710283350
255.82197 4.751 0.7343750000 -0.0153644870
324.99643 2.073 0.7343750000 0.0586550335
197.80798 4.227 0.7343750000 0.1196045528
379.14916 11.813 0.7695312500 0.0237348422
635.06932 10.199 0.7695312500 -0.0080575786
659.33848 0.69 0.7695312500 -0.0623157405
195.99212 3.004 0.7343750000 -0.1135631668
158.04011 0.897 0.7695312500 -0.0244066182
522.08875 9.141 0.7695312500 -0.0839999648
465.12645 12.602 0.7695312500 0.0018517790
277.15562 9.231 0.7343750000 -0.0356593335
86.05991 1.918 0.7695312500 -0.0543909822
440.02592 5.068 0.7343750000 0.0301647236
175.10759 1.012 0.7695312500 -0.0437550217
238.09924 7.85 0.7695312500 0.0157685005
168.07780 1.032 0.7343750000 -0.0178561094
124.00731 0.904 0.7343750000 0.1500758241
310.99992 9.847 0.7343750000 -0.1325786711
231.06209 9.352 0.7343750000 0.3431774173
269.02976 10.317 0.7695312500 -0.0636184323
111.02004 12.395 0.7695312500 -0.0523258636
212.07631 2.342 0.7695312500 0.0083567285
105.01920 1.397 0.7343750000 0.0108853437
131.07020 9.176 0.7695312500 -0.0008085934
165.06909 3.268 0.7695312500 -0.0049152859
689.95621 12.574 0.7695312500 -0.0170687730
215.86845 7.975 0.7343750000 -0.0737950339
307.24774 12.579 0.7695312500 0.0282908747
447.89196 1.202 0.7695312500 0.0404755765
374.59629 1.031 0.7695312500 -0.0763571659
711.06927 2.468 0.7695312500 0.0722934430
76.07560 0.762 0.7695312500 0.1817696935
106.04982 0.84 0.7695312500 0.0264815069
276.19543 8.459 0.7695312500 0.0285253547
152.05663 10.045 0.7695312500 -0.0398950405
111.02003 12.66 0.7695312500 0.0000000000
154.06217 1.055 0.7343750000 -0.0712341620
189.08695 10.311 0.7695312500 -0.0469195177
179.08727 9.381 0.7695312500 -0.0201095887
211.14407 9.009 0.7695312500 0.0179859059
160.13321 5.706 0.7695312500 0.1266197481
116.07055 0.913 0.7695312500 0.0520037251
247.07118 11.161 0.7695312500 -0.0519858897
421.20432 9.899 0.7695312500 0.0496604765
198.12756 10.512 0.7695312500 -0.0053709854
190.92843 10.84 0.7343750000 -0.1027598772
189.95895 3.192 0.7695312500 0.0437061692
229.91606 11.99 0.8203125000 -0.0155216780
125.87298 8.404 0.8203125000 -0.0162239026
187.87340 8.427 0.8203125000 -0.0269866521
466.81659 1.86 0.8203125000 -0.0124836614
132.99174 11.641 0.8203125000 -0.0195354507
110.54142 0.75 0.8457031250 0.0078778758
223.09228 0.991 0.8457031250 -0.1423638995
240.11491 9.07 0.8457031250 -0.0192719053
264.09794 10.479 0.8457031250 0.1479626851
243.75525 3.939 0.8203125000 -0.0302062009
244.15546 11.136 0.8203125000 0.0150458440
189.12329 3.624 0.8457031250 0.0679529362
132.99174 11.311 0.8203125000 -0.0707226771
267.84787 4.643 0.8203125000 -0.0798353651
165.01913 9.687 0.8203125000 0.0583895796
473.97051 0.82 0.8203125000 -0.0691438713
331.95245 4.82 0.8203125000 -0.0424092476
487.30560 11.514 0.8203125000 0.0107960002
440.29200 12.712 0.8457031250 0.2655860625
117.06976 7.935 0.8457031250 0.0275831697
526.33502 11.108 0.8203125000 0.0469609361
188.93295 2.197 0.8203125000 0.0266420090
190.92831 11.975 0.8203125000 0.3498536704
190.92841 8.49 0.8203125000 0.0754033369
331.09246 10.166 0.8457031250 -0.0128047660
221.05068 9.929 0.8457031250 0.0186453958
480.15680 12.579 0.8457031250 0.1670612636
719.96772 12.469 0.8457031250 0.0331439011
140.07027 1.006 0.8457031250 0.0658410174
265.11811 10.779 0.8457031250 0.5966766849
140.07021 1.019 0.8457031250 0.0656259490
132.06535 4.662 0.8457031250 -0.0513267522
396.45639 11.969 0.8457031250 0.0297360735
187.07130 10.882 0.8457031250 0.0271800667
250.17998 7.782 0.8457031250 0.0228513614
325.20100 11.795 0.8457031250 -0.0038473423
608.38342 11.87 0.8457031250 0.0383049581
410.56647 0.991 0.8457031250 -0.0971588346
382.34265 11.093 0.8457031250 0.0228496192
256.10980 7.843 0.8457031250 0.0127513215
250.17998 6.152 0.8457031250 -0.0013797237
652.35148 0.688 0.8457031250 0.0161935938
294.14084 3.52 0.8457031250 -0.0257810105
233.12847 10.953 0.8457031250 0.0078026120
635.06921 9.54 0.8457031250 -0.0209257867
416.28513 11.536 0.8457031250 -0.3995275511
635.06859 9.138 0.8457031250 -0.0309831830
172.20593 8.813 0.8457031250 0.0243857872
338.11688 6.931 0.8457031250 -0.0025590657
178.08624 9.139 0.8457031250 -0.0848104030
186.07591 5.789 0.8457031250 -0.1144263302
242.98245 7.562 0.8457031250 0.1584843239
227.17524 7.949 0.8457031250 -0.0239143717
270.19113 8.84 0.8457031250 0.0091745693
346.00940 8.557 0.8457031250 0.0080636369
428.05961 8.554 0.8457031250 0.5314375912
111.02014 10.424 0.8457031250 -0.0033705605
320.13331 1.017 0.8457031250 -0.1109087618
140.07022 1.01 0.8457031250 0.0641642892
426.21226 8.517 0.8457031250 0.0199186820
179.05488 1.986 0.8457031250 0.0130074499
256.01510 9.976 0.8457031250 -0.0409002382
199.09645 9.587 0.8457031250 -0.0706640795
302.23231 9.527 0.8457031250 0.0713639542
95.01369 0.988 0.8203125000 -0.0160581233
200.07224 9.616 0.8457031250 0.0165093633
173.09307 1.007 0.8203125000 0.0147422797
200.07205 9.032 0.8457031250 0.0339224536
783.81581 0.699 0.8457031250 -0.1432141084
279.13399 9.833 0.8457031250 -0.0185018558
334.12581 1.044 0.8203125000 -0.0699987857
152.03747 0.922 0.8457031250 -0.0609453694
133.06070 0.894 0.8457031250 -0.0681429353
181.05831 4.499 0.8457031250 0.0422707779
245.07683 8.42 0.8457031250 -0.0014986797
229.15463 3.876 0.9218750000 0.0233018761
314.34186 10.586 0.9218750000 0.0855864946
524.15241 10.436 0.9218750000 -0.0194661505
102.95662 5.572 0.9101562500 0.0876953205
396.03459 4.792 0.9218750000 0.0023641600
231.93167 11.489 0.9101562500 -0.2347165716
333.14431 9.911 0.9218750000 0.0995572493
309.18077 10.914 0.9218750000 0.0517638595
185.12834 7.4 0.9218750000 0.1030795185
434.21735 8.685 0.9218750000 0.0326172977
242.28430 9.88 0.9218750000 -0.0204041001
213.03271 11.009 0.9218750000 0.0154668302
157.14146 7.82 0.9218750000 0.0027304084
297.98553 8.106 0.9218750000 0.0577739878
331.17529 11.712 0.9218750000 0.0677339452
168.12290 3.516 0.9218750000 -0.0058850576
101.05956 10.514 0.9218750000 0.0132092936
522.20241 6.584 0.9218750000 0.0949612934
278.19036 9.315 0.9218750000 -0.0144130411
423.12576 9.396 0.9101562500 0.0238656079
583.15175 9.301 0.9101562500 0.5844569101
249.15572 1.016 0.9218750000 0.0030321163
76.03924 0.818 0.9218750000 -0.0035220492
160.93532 9.172 0.9101562500 0.0212376305
190.92839 9.84 0.9101562500 -0.0712101448
209.83376 3.865 0.9101562500 -0.0000316258
190.15486 1.3 0.9218750000 -0.2964046700
327.93213 5.808 0.9101562500 -0.0042826180
187.87337 8.733 0.9101562500 -0.0038258435
87.05520 0.896 0.9218750000 -0.0905876204
336.85849 10.106 0.9101562500 0.0079940036
83.53570 0.571 0.9218750000 0.0178485155
190.92842 8.022 0.9101562500 0.1205118175
177.11198 6.256 0.9218750000 -0.0137516432
399.49400 1.286 0.9218750000 0.0859788592
463.48311 1.347 0.9218750000 0.1141673149
212.11265 2.743 0.9218750000 0.0003909670
209.94902 5.841 0.9101562500 -0.0212627061
190.92841 8.648 0.9101562500 -0.0399249769
279.13378 10.427 0.9218750000 0.0722860855
356.27935 11.065 0.9218750000 0.0093171475
255.82207 3.971 0.9101562500 0.0435038488
241.15468 4.688 0.9218750000 -0.0113402681
405.01419 1.275 0.9101562500 -0.0027032731
182.98867 11.912 0.9101562500 0.0091530420
188.94916 1.43 0.9101562500 0.0445679718
372.25923 10.504 0.9218750000 0.0194879625
78.91870 3.875 0.9101562500 -0.0138709448
235.07137 9.931 0.9218750000 0.0078445286
146.93845 2.351 0.9101562500 0.0664012037
99.09158 0.871 0.9218750000 0.0910072888
364.09756 6.636 0.9101562500 0.0112843085
203.00457 1.459 0.9101562500 -0.0091591061
319.00836 0.533 0.9101562500 -0.0251423582
146.11750 0.877 0.9218750000 -0.0097665360
101.07077 0.99 0.9218750000 -0.0011414852
131.04616 0.888 0.9101562500 0.1428390083
426.35752 12.401 0.9218750000 0.5471512396
201.01679 2.458 0.9101562500 -0.0915165552
189.08795 4.9 0.9101562500 0.1677101802
146.96114 0.743 0.9101562500 -0.0186813711
180.13815 10.712 0.9218750000 0.0146795930
188.94906 1.465 0.9101562500 0.0429365565
191.08138 10.787 0.9218750000 -0.0523905729
231.17020 3.973 0.9218750000 -0.0048749271
726.82403 0.698 0.9218750000 -0.0063413913
367.10526 0.978 0.9101562500 0.0641171798
401.24885 9.151 0.9218750000 0.0597942137
367.10513 0.988 0.9101562500 0.0641474530
89.05965 3.335 0.9218750000 0.0206909499
237.12318 6.91 0.9218750000 -0.0074394229
258.12554 8.709 0.9218750000 0.0268499816
388.87366 2.809 0.9101562500 0.0000074718
310.17598 10.833 0.9218750000 -0.0131791428
80.97482 3.003 0.9101562500 0.0091980225
336.85871 2.805 0.9101562500 -0.0057845382
427.21881 10.726 1.0000000000 0.0218750098
129.93629 10.623 1.0000000000 0.0018578804
173.09203 1.034 1.0000000000 -0.0043871534
130.05081 0.9 1.0000000000 0.0381626435
258.91571 10.016 1.0000000000 0.0016931870
185.11830 12.558 1.0000000000 -0.0439203307
171.09920 7.29 1.0000000000 0.0035978916
281.07666 10.459 1.0000000000 -0.0086762363
447.08203 1.032 1.0000000000 0.0058544242
151.09639 3.899 1.0000000000 -0.0039922972
298.18579 10.238 1.0000000000 0.2685816609
231.93170 11.761 1.0000000000 -0.0690444507
445.11963 12.49 1.0000000000 0.3689293607
311.00024 10.987 1.0000000000 0.0001539327
150.05495 10.804 1.0000000000 -0.0169541407
271.09953 11.391 1.0000000000 -0.0135188422
173.92615 11.13 1.0000000000 0.0364081727
145.06186 0.91 1.0000000000 -0.0074134110
146.93846 9.294 1.0000000000 -0.0163693738
225.07557 11.622 1.0000000000 -0.0204130871
281.15950 9.565 1.0000000000 -0.0015952677
89.05968 2.623 1.0000000000 0.0397746943
309.18085 10.921 1.0000000000 -0.0547274022
421.20414 10.379 1.0000000000 -0.0074945756
173.92616 11.435 1.0000000000 0.0443549591
508.35937 12.585 1.0000000000 -0.0201512175
408.08248 9.042 1.0000000000 0.0036337313
297.04541 6.041 1.0000000000 -0.0978719563
725.33091 10.798 1.0000000000 0.0228897117
504.99520 10.63 1.0000000000 -0.0317237467
418.95567 10.374 1.0000000000 -0.0205065889
166.94304 3.234 1.0000000000 0.0107186823
504.99519 10.333 1.0000000000 -0.0421348285
178.05854 1.363 1.0000000000 0.2068769320
115.03881 4.262 1.0000000000 -0.0018624884
160.07973 4.375 1.0000000000 0.0074435760
190.92835 1.975 1.0000000000 -0.0290632821
302.01938 5.534 1.0000000000 -0.1196242139
288.21670 9.624 1.0000000000 0.0875449105
190.92833 2.326 1.0000000000 -0.0648571172
384.12233 6.947 1.0000000000 0.0399784294
270.08905 11.955 1.0000000000 0.0084139362
141.06581 4.488 1.0000000000 -0.0238736196
432.04721 8.318 1.0000000000 0.0278925994
245.21099 11.725 1.0000000000 0.4065395951
328.10279 10.232 1.0000000000 -0.0044850304
233.00668 11.007 1.0000000000 0.0450379925
153.06571 9.803 1.0000000000 0.0525208984
232.93500 9.648 1.0000000000 0.0573860145
349.10883 0.973 1.0000000000 0.0073755584
487.62840 3.778 1.0000000000 0.0219005511
156.07664 1.417 1.0000000000 0.0391862828
647.41104 12.469 1.0000000000 -0.0033476072
783.57184 12.247 1.0000000000 0.4409296480
290.26883 12.224 1.0000000000 0.5434355684
250.18018 7.42 1.0000000000 -0.0041278111
345.07272 11.44 1.0000000000 0.0140484706
226.95144 0.643 1.0000000000 -0.0349187252
90.05492 0.83 1.0000000000 -0.1017621488
231.93157 9.376 1.0000000000 -0.0246451587
260.16772 11.756 1.0000000000 -0.0787585119
307.85583 8.541 1.0000000000 -0.0704620958
269.08932 8.607 1.0000000000 0.0027010613
372.25891 11.165 1.0000000000 0.0821240053
725.33099 11.1 1.0000000000 0.0109073199
699.36720 0.627 1.0000000000 0.0204185797
88.07560 1.067 1.0000000000 0.0307710816
