"m.z" "r.t" "p.value" "t.score"
172.09669 9.97 0.0000000075 0.3142359957
233.16465 9.864 0.0000000075 0.2198717730
288.00378 4.675 0.0000000075 1.3120825214
251.17527 9.996 0.0000000075 0.1283957261
172.07175 9.946 0.0000000075 0.1928522756
289.22728 9.974 0.0000000075 0.4122022370
349.24438 10.041 0.0000000149 0.1036803109
275.21163 9.852 0.0000000149 0.6834693046
188.06636 9.702 0.0000000373 0.0998368988
207.12252 10.344 0.0000000373 0.3427788612
111.08028 10.089 0.0000000522 0.1955755712
289.15454 10.891 0.0000000522 0.5941588905
245.12827 10.024 0.0000000745 0.0988795426
291.20673 10.714 0.0000000745 1.2093556254
191.99763 10.928 0.0000000745 0.2662537653
371.17238 10.818 0.0000000745 0.3013326489
317.14938 10.984 0.0000001043 0.0947002426
172.09674 10.106 0.0000001416 0.4252964871
253.05434 6.017 0.0000001416 0.2913832224
287.10956 8.45 0.0000001416 0.1446271028
273.15962 10.88 0.0000002459 0.4881502165
286.20099 9.676 0.0000003204 0.3024263632
158.11745 10.092 0.0000003204 0.4600966048
174.04068 9.047 0.0000003725 0.4342229909
264.19561 6.634 0.0000004098 0.1493985509
335.22869 10.076 0.0000004098 0.4161793447
207.14907 8.611 0.0000005215 0.1728229867
128.04530 10.421 0.0000006557 0.0796393988
191.10249 10.256 0.0000006557 0.1770703799
219.13381 10.095 0.0000008196 0.6825668706
305.06317 10.048 0.0000008196 0.0830978763
286.20103 9.535 0.0000008196 0.2698033732
272.20084 10.484 0.0000008196 0.0886867703
116.92850 12.983 0.0000008196 0.5174880208
269.08780 10.595 0.0000010207 0.1401033815
264.12424 11.817 0.0000012591 4.1935986493
297.09353 5.148 0.0000015423 0.7554466013
440.22751 8.348 0.0000015423 0.2606735985
207.07621 8.806 0.0000018850 0.4623904927
230.08427 9.943 0.0000018850 0.0775119059
272.13379 2.368 0.0000018850 0.1772623931
279.11602 12.082 0.0000018850 0.4064405388
261.18080 11.062 0.0000022873 1.0226499854
229.05791 5.313 0.0000025183 0.1915022807
324.99643 2.073 0.0000025183 0.4788141242
328.16675 10.866 0.0000025183 0.1156378690
344.20657 10.379 0.0000033304 0.1604310072
176.12800 11.055 0.0000033304 0.4566398610
186.11234 2.243 0.0000039935 0.5380034428
291.20654 9.885 0.0000039935 0.0560111794
445.81506 12.734 0.0000039935 0.0000000000
208.09662 10.549 0.0000039935 0.1428305686
242.98246 7.374 0.0000039935 0.3736124737
161.09203 4.717 0.0000039935 0.3434561691
276.10116 7.893 0.0000047684 0.4535529686
305.14947 10.889 0.0000047684 0.1540586973
147.05113 9.687 0.0000047684 0.1218442366
217.11826 7.86 0.0000047684 0.3516064033
91.05396 10.004 0.0000056773 0.0737756641
263.12129 11.682 0.0000056773 3.6984494598
101.01674 5.642 0.0000067353 0.4401711261
114.09122 5.331 0.0000067353 0.2450967668
349.08928 10.373 0.0000067353 0.2023057474
363.16229 10.301 0.0000067353 0.2228121708
305.22233 11.03 0.0000079647 0.1532772688
302.01938 5.534 0.0000079647 0.5788538258
572.35541 12.497 0.0000079647 0.9374025382
226.09353 10.051 0.0000079647 0.0871769320
91.05396 9.695 0.0000079647 0.0688848002
233.09932 6.804 0.0000079647 0.1957217875
272.16433 10.137 0.0000079647 0.1569985225
256.16943 9.741 0.0000093952 0.1733263160
128.04539 9.945 0.0000093952 0.0911373366
361.18300 10.229 0.0000110492 0.4483612742
604.13812 8.48 0.0000129491 0.7333813387
196.09662 9.84 0.0000129491 0.1139052096
168.07661 2.356 0.0000151396 1.0332344560
119.52785 7.619 0.0000151396 -0.2600082836
154.12262 4.195 0.0000151396 0.0624105695
243.13377 10.443 0.0000151396 0.2669727349
295.07913 5.605 0.0000159293 0.1334050583
345.07272 11.44 0.0000159293 0.0755323932
220.14418 9.691 0.0000176504 0.0808408315
187.08647 12.053 0.0000205189 0.2455317415
219.12255 11.03 0.0000205189 0.5420898672
506.20748 7.308 0.0000205189 0.4944066766
317.14536 3.942 0.0000205189 0.2254838647
119.08140 9.653 0.0000238046 0.2001225264
324.19171 10.394 0.0000317991 0.1756624829
450.01277 1.949 0.0000317991 0.2780978208
178.09029 4.179 0.0000317991 0.1376684229
345.07263 11.048 0.0000352263 0.2388996726
310.11444 1.459 0.0000352263 0.1903648803
310.11444 1.452 0.0000352263 0.1896574863
263.17526 10.779 0.0000366345 0.2193225333
131.54204 0.971 0.0000366345 0.2854562944
617.28564 8.799 0.0000366345 0.1892506265
332.24300 9.924 0.0000421107 0.1891330791
204.12289 1.12 0.0000421107 0.3707483080
134.04472 2.01 0.0000483021 0.3501658461
286.17993 9.975 0.0000483021 0.0726251995
229.15463 3.876 0.0000552982 0.1833607700
346.08652 8.44 0.0000633150 -0.4633105882
261.14835 12.903 0.0000631809 0.5495279737
99.09158 0.871 0.0000631809 -0.5512200562
401.24885 9.151 0.0000631809 0.1194901978
793.36499 8.806 0.0000631809 0.2450122277
159.05110 3.693 0.0000631809 0.3222081243
247.18027 8.894 0.0000720471 0.1511517248
170.11762 6.354 0.0000820160 0.0525346883
180.10164 9.656 0.0000820160 0.0781794529
343.12322 5.46 0.0000931919 0.3256931955
174.12357 5.985 0.0001057014 0.2683900936
348.10080 8.211 0.0001057014 -27.0811037227
88.03921 2.029 0.0001197010 0.2508946458
216.06872 8.046 0.0001197010 0.1019616664
309.12663 11.904 0.0001353249 0.1549898601
706.32819 8.954 0.0001353249 1.0156198468
139.03992 10.477 0.0001427829 0.1346846848
333.11538 10.392 0.0001527369 1.1434417569
694.92303 12.344 0.0001527369 0.1091711721
311.15530 10.615 0.0001527369 0.0515905597
321.89751 4.849 0.0001623929 0.4086778621
209.03017 5.657 0.0001623929 1.5161364140
255.09499 7.907 0.0001721308 0.1161021464
567.39009 0.618 0.0001936853 -0.1986486392
276.00377 4.139 0.0001936853 0.1444164051
557.34613 12.217 0.0001936853 0.0778567151
302.01923 4.916 0.0001936853 0.4858892646
242.98224 6.978 0.0002441406 0.3830932096
480.15680 12.825 0.0002441406 0.3772337858
259.09244 5.411 0.0002441406 0.3762299573
152.05663 10.045 0.0002441406 0.1534635457
229.11827 0.988 0.0002441406 0.5502935927
203.04007 4.18 0.0002441406 0.2902993194
422.92822 10.675 0.0002735108 0.2416739145
756.24129 8.822 0.0002735108 0.2057112047
524.15241 10.436 0.0003059804 0.1300462180
407.18846 10.548 0.0003059804 0.4151066646
186.11247 5.226 0.0003059804 0.0614819157
406.07755 8.931 0.0003418475 0.1416414643
409.08652 10.494 0.0003418475 0.1744891915
705.32528 9.119 0.0003418475 0.2045274742
133.09701 9.684 0.0003814027 0.2011536493
439.28392 12.663 0.0003814027 0.3633066674
281.02414 3.841 0.0003814027 0.0325612310
165.07559 2.494 0.0003814027 -0.3557900472
145.09707 0.931 0.0003814027 0.4166136758
480.00681 6.217 0.0003814027 0.2506024648
393.11557 10.785 0.0004249662 0.1396529402
242.98245 7.562 0.0004249662 0.2953227681
705.32525 9.166 0.0004729033 0.2318987003
191.06606 11.966 0.0004729033 0.1043450509
276.00379 4.592 0.0004729033 0.1536429185
304.15421 10.089 0.0004729033 0.0820013606
277.08920 2.364 0.0005255789 0.0387726036
793.36467 9.087 0.0005833879 0.2641078529
115.07521 4.193 0.0005833879 0.1511017563
206.02797 12.026 0.0005984902 0.1530036814
177.10193 10.234 0.0006467849 0.0525392398
307.16514 10.397 0.0006467849 0.2357244547
158.09236 9.95 0.0007162094 0.0533564096
437.21277 12.146 0.0007162094 0.1319490592
141.01566 3.755 0.0007162094 0.0818261897
309.18085 10.921 0.0007162094 0.1272764535
258.11248 9.938 0.0007162094 0.0296106856
203.04026 4.626 0.0007162094 0.3403080604
132.03019 2.166 0.0007440150 0.4078361747
358.25885 9.566 0.0007921457 0.2057552605
211.10753 8.605 0.0007921457 0.2661157213
195.11263 6.089 0.0008751452 0.1127000956
310.17598 10.833 0.0008751452 0.4534026818
640.16271 9.119 0.0008751452 0.2126159060
370.07339 6.623 0.0008751452 0.0959239740
370.07357 5.901 0.0008751452 0.4092405629
113.03078 1.938 0.0009657368 0.7185330355
738.44891 12.651 0.0009657368 0.2008027096
299.01967 4.218 0.0010645166 0.3708321586
170.15375 8.756 0.0010645166 0.0469252533
113.03080 1.937 0.0010645166 0.7355772451
226.95144 0.643 0.0010645166 -0.1319456924
177.08678 6.573 0.0010645166 0.1045670078
296.95007 11.91 0.0011315495 -0.7368161834
102.05483 8.933 0.0011721328 0.2490556616
204.12297 0.92 0.0011721328 0.3762785597
298.18579 10.238 0.0011721328 0.4609892202
242.13058 8.916 0.0011721328 -28.0009474264
320.13331 1.017 0.0011721328 -0.3159171144
189.08795 4.9 0.0012526363 0.9846937206
202.01221 0.86 0.0012526363 0.2016269820
583.16022 8.649 0.0012892336 0.1668964940
235.12873 7.948 0.0012892336 0.1518382667
202.17990 9.685 0.0012892336 0.0194058247
203.01723 1.563 0.0013849586 -0.3079263826
266.06696 10.05 0.0013849586 -0.5972311013
582.15788 10.23 0.0014165267 0.1916936328
328.24829 9.581 0.0014165267 0.1082504656
159.07624 9.146 0.0014165267 0.2145882686
158.08099 7.879 0.0014165267 0.0777638683
131.08129 8.998 0.0014165267 0.1798330528
307.11085 12.348 0.0014165267 0.1611917473
225.04926 4.79 0.0015294105 0.2138495085
258.10995 0.974 0.0015547872 -0.4866582674
159.07617 9.025 0.0015547872 0.2112346312
188.16425 9.634 0.0017047897 0.0614290979
245.16055 5.096 0.0017047897 -0.1651982450
87.04396 1.983 0.0017047897 0.2453235499
582.15729 9.277 0.0017047897 0.1659742896
408.08248 9.042 0.0017047897 0.1247108675
508.01346 5.713 0.0018585771 0.0885598284
214.08938 9.197 0.0018673688 0.0851401610
432.14178 9.674 0.0018673688 0.0666388374
377.91489 4.919 0.0018585771 0.2128703412
336.85871 2.805 0.0020453036 -0.0382463753
162.07595 3.034 0.0020434409 0.2669956199
145.08582 10.901 0.0020434409 0.8783361971
178.09031 10.06 0.0020434409 0.2281014438
160.84199 11.608 0.0020453036 0.0877166112
177.08682 8.887 0.0020434409 0.2360539834
249.10805 2.365 0.0022339225 0.2212545129
227.89438 8.954 0.0022483021 -0.1457065978
276.14394 5.173 0.0024397895 0.2805593443
135.10161 5.036 0.0024397895 0.0196573334
451.21470 10.875 0.0024397895 0.1354556088
178.08377 9.047 0.0024397895 0.1751052091
335.19002 11.609 0.0024397895 0.2078842335
322.12982 12.527 0.0026621222 0.1887767444
257.11322 8.472 0.0026621222 0.0322495783
237.08673 7.957 0.0026621222 0.0448620571
290.15961 6.066 0.0026621222 0.4053755268
356.24314 11.873 0.0026621222 0.0178355400
582.15797 10.491 0.0026621222 0.2130316914
179.09099 9.09 0.0026621222 0.1804080195
428.05961 8.554 0.0026621222 0.7658420868
237.08701 10.015 0.0029019862 -0.3164187765
219.07643 9.969 0.0029019862 -0.3431321467
179.09351 9.273 0.0029019862 0.1889553249
88.07559 0.78 0.0029019862 -0.2883802587
155.15427 5.154 0.0029019862 -0.1140135484
279.17010 9.088 0.0029019862 0.1001565689
642.31799 0.711 0.0029019862 0.0244221821
349.10883 0.973 0.0029019862 0.1827634056
103.04006 2.128 0.0029667914 0.5513236747
181.05831 4.499 0.0031605288 0.3711545624
171.02739 2.092 0.0032471865 0.4225138784
189.08695 10.311 0.0034389943 0.1721641720
191.06619 1.892 0.0034389943 0.1930844948
377.14150 10.798 0.0034389943 5.6290707331
183.11264 6.732 0.0034389943 0.3564832072
147.11269 2.171 0.0034389943 0.1727873941
231.07733 11.943 0.0035503954 0.0565691635
264.09794 10.479 0.0037386194 -0.2626083744
225.93234 3.726 0.0040607378 0.0278411189
288.21670 9.624 0.0040607378 0.3361884606
582.15784 9.692 0.0040607378 0.1953581724
189.04672 0.935 0.0040607378 0.4426898844
160.07973 4.375 0.0040607378 0.2618645792
307.11092 12.054 0.0040607378 -0.4791134232
207.14903 10.244 0.0040607378 0.0649145387
135.02986 1.549 0.0042315274 -0.2354999308
232.05761 9.265 0.0042315274 0.2298044191
321.89743 5.763 0.0042315274 -0.0310653461
187.04184 1.45 0.0042315274 0.2301580611
640.16250 9.308 0.0044067726 0.1513710274
250.03838 8.012 0.0044067726 0.0588684794
199.06892 9.647 0.0044067726 0.1520279387
691.06024 9.046 0.0046126992 0.1421158610
435.19839 11.83 0.0046126992 0.0619176617
434.21735 8.685 0.0047781542 0.0664472870
212.11807 9.798 0.0047781542 0.3619053664
635.06921 9.54 0.0047781542 0.0832354654
365.10535 5.437 0.0047781542 0.3866363982
490.28535 11.201 0.0047781542 0.8943631876
289.06771 9.654 0.0050233454 -2.2676442085
199.06869 9.063 0.0051764026 0.1612939887
131.08142 4.505 0.0051764026 0.2625780506
147.07632 5.289 0.0056031495 0.1218204472
374.59629 1.031 0.0056031495 -0.4097603877
340.26912 12.54 0.0056031495 0.1222728326
382.34265 11.093 0.0056031495 0.0576067363
397.17136 10.833 0.0059403479 0.1101283009
172.20593 8.813 0.0060600266 0.0485859545
449.30468 12.874 0.0060600266 0.1539431068
220.11785 6.676 0.0060600266 0.4789969137
149.08072 5.991 0.0060600266 0.1586561454
635.06930 10.43 0.0065487623 0.0620935672
690.50885 12.897 0.0065487623 0.1648478694
219.07628 10.787 0.0065487623 -0.3232416144
780.21936 9.632 0.0065487623 0.0835143048
239.01644 1.016 0.0064507574 0.2609070288
133.08570 7.047 0.0065487623 0.2078868251
313.01459 8.756 0.0065487623 0.0482437008
388.87366 2.809 0.0064507574 -0.0329871549
310.21667 9.245 0.0065487623 0.0062477214
287.07730 9.604 0.0069984943 0.2976302107
382.14517 12.078 0.0069984943 -0.0849160736
174.14874 8.541 0.0070711970 -0.3073332850
432.27996 10.695 0.0070711970 -27.2832868909
780.21934 9.608 0.0076291859 0.0889062873
239.01650 0.999 0.0075858086 0.2607381459
105.05448 1.968 0.0076291859 0.5552098272
206.10211 8.266 0.0082246661 0.0811076746
156.07664 1.417 0.0082246661 0.0950429104
458.98352 1.44 0.0082150549 0.1074228928
297.98584 10.886 0.0082246661 0.1362808639
101.07896 2.801 0.0082246661 -0.5894530384
333.14431 9.911 0.0082246661 0.1157639237
146.08105 6.033 0.0088597164 0.2145632083
257.09938 9.828 0.0088597164 0.1038245137
137.04564 10.098 0.0088597164 0.3031922646
509.38014 12.432 0.0088597164 0.0651508543
285.97708 9.15 0.0088885427 0.2822447861
667.32529 0.715 0.0095364079 0.1613107057
705.82720 8.883 0.0095364079 0.5172473680
336.85849 10.106 0.0096087903 -0.0430410955
149.11722 7.029 0.0102569088 0.0315159052
379.19346 9.538 0.0102569088 0.1006113263
247.07118 11.161 0.0102569088 -0.4194026006
201.03806 1.449 0.0103784502 0.1537356852
368.27930 10.977 0.0110235289 0.3193007260
412.30566 11.373 0.0110235289 0.0784822091
219.96644 7.563 0.0110235289 0.1316652969
652.33835 11.955 0.0110235289 0.0586427412
377.91455 5.802 0.0112001151 -0.0325331291
220.98079 11.494 0.0112001151 -1.1139913024
213.12320 2.188 0.0118385702 0.1545027886
421.20414 10.379 0.0118385702 0.1068473480
100.07559 2.81 0.0118385702 -0.5014005392
146.05992 10.774 0.0118385702 -0.2109271703
493.13580 8.792 0.0127044469 0.2099693959
256.01510 9.976 0.0127044469 -0.1095132798
141.06581 4.488 0.0127044469 0.2705076056
157.06169 4.523 0.0130108446 0.1294329013
265.15854 9.744 0.0136236995 0.1080611711
353.26603 0.658 0.0136236995 -0.0787766239
257.09930 9.85 0.0136236995 0.1502878293
160.13321 5.706 0.0145988688 0.1981839869
191.13902 0.914 0.0145988688 0.0948748851
144.06544 5.699 0.0145988688 -0.2004515134
252.12307 9.556 0.0145988688 0.1873144861
243.11284 11.056 0.0145988688 0.0563536703
584.16293 9.677 0.0145988688 0.0947306264
253.09279 5.964 0.0150643736 0.1414487979
352.16861 12.568 0.0156326070 0.1096218505
453.18585 12.336 0.0156326070 0.1121154761
132.06535 4.662 0.0156326070 0.2069466176
309.18077 10.914 0.0156326070 0.1408278464
551.22836 9.747 0.0156326070 0.0677444359
635.06932 10.199 0.0156326070 0.0710361587
318.05966 8.714 0.0156326070 0.0885386566
102.01944 2.648 0.0161900222 0.1981435187
441.19742 11.281 0.0161900222 0.0816743699
553.88232 12.299 0.0167276934 0.0773246600
237.08688 10.308 0.0167276934 -0.4873081484
200.07205 9.032 0.0178869143 0.1217745894
213.03271 11.009 0.0191131458 0.0565621646
204.15923 8.684 0.0191131458 0.0310519327
196.14204 0.68 0.0191131458 -0.0618803176
427.09502 6.181 0.0191131458 0.1933905047
635.06859 9.138 0.0191131458 0.0601631296
226.08222 7.649 0.0191131458 0.0722585477
158.04011 0.897 0.0191131458 0.4034238416
125.87298 8.404 0.0200017542 -0.0749861476
255.13494 9.538 0.0200017542 0.2780145440
157.01166 1.778 0.0200017542 0.1208321932
319.20160 9.052 0.0204094127 0.0982277075
279.01201 9.316 0.0204094127 0.1040234978
612.36945 9.954 0.0204094127 0.0967943611
307.11093 11.428 0.0204094127 0.0915048490
201.01679 2.458 0.0214288384 0.7821796440
89.02439 1.449 0.0214288384 0.2168751685
264.17474 9.936 0.0217787325 0.1024041223
182.08107 8.577 0.0217787325 0.1140531946
179.08727 9.381 0.0217787325 0.1819318902
231.06209 9.352 0.0229402035 0.6711778827
486.24869 9.759 0.0232242122 0.0736544412
284.17015 9.68 0.0232242122 0.1808493879
695.42517 12.546 0.0232242122 0.1125621761
151.09639 3.899 0.0247491151 0.0693325345
187.07130 10.882 0.0263566673 0.1288432479
233.07664 7.143 0.0263566673 0.0723448951
85.07597 9.659 0.0263566673 0.1431809434
235.07137 9.931 0.0263566673 -0.1564166394
193.09709 3.414 0.0263566673 0.0142078390
698.16849 9.637 0.0263566673 0.1056508163
221.05066 7.947 0.0263566673 0.1948216175
437.23540 10.424 0.0280501992 0.3351074395
551.22772 8.55 0.0280501992 0.0480575427
96.04426 4.377 0.0280501992 -0.1410094110
168.12286 3.898 0.0280501992 0.1573446457
440.29200 12.712 0.0280501992 0.2648792594
200.23726 9.743 0.0280501992 0.0476284781
297.98553 8.106 0.0298331901 0.1873246164
423.12576 9.396 0.0299049914 0.0577078401
150.12764 10.599 0.0298331901 0.0700774892
138.05490 5.226 0.0298331901 -0.5475774725
564.35886 10.759 0.0298331901 0.0037692082
173.09203 1.034 0.0317090750 -0.1867673571
632.05529 1.0 0.0317090750 -0.3981553262
144.06298 0.713 0.0317090750 -0.0638116388
386.29016 12.02 0.0317090750 -0.0276586111
200.07224 9.616 0.0317090750 0.1208538455
340.13251 6.956 0.0317090750 0.0582873084
241.03105 1.001 0.0317090750 0.1790988339
276.19543 8.459 0.0317090750 0.0231762189
83.53570 0.571 0.0336813927 0.0714087938
487.28036 11.49 0.0336813927 -0.0562386787
349.60466 1.028 0.0336813927 -0.1469177720
387.28674 11.884 0.0339947641 -0.0727169769
129.06566 9.317 0.0357538089 0.1452025490
227.03508 9.688 0.0357538089 0.0668295564
73.06475 7.028 0.0357538089 0.0548014152
166.05314 0.939 0.0357538089 -0.1562668053
221.05068 9.929 0.0357538089 0.1243900029
217.05670 5.627 0.0357538089 0.0638557426
255.04329 11.107 0.0357538089 0.1093060003
310.20133 9.1 0.0357538089 0.0562933324
190.92833 2.326 0.0362061262 -0.0803856961
464.08922 11.123 0.0362061262 -0.3193992529
328.24808 10.663 0.0379299521 0.4510264485
317.05589 8.206 0.0379299521 0.0676084802
191.08138 10.787 0.0379299521 -0.2258095345
126.10252 0.936 0.0379299521 0.1306152214
439.68412 3.58 0.0385341197 -0.0795947419
199.96928 8.234 0.0385341197 -0.0193082240
327.93213 5.808 0.0385341197 -0.0164286163
233.10721 6.699 0.0402135327 -0.1003793282
314.23240 10.038 0.0402135327 0.2589384329
454.24306 9.525 0.0402135327 0.0541451803
219.19531 12.438 0.0402135327 0.3430393752
247.08243 10.759 0.0409831852 -0.0833528932
257.02774 4.803 0.0409831852 0.7091405243
699.36720 0.627 0.0409831852 -0.0889489665
434.15768 9.106 0.0426083878 0.0574497861
140.07022 1.01 0.0426083878 -0.2888695758
168.12290 3.516 0.0426083878 0.1126594242
707.35472 0.668 0.0435578823 -0.2586624411
308.18542 9.698 0.0451183096 0.0111463797
548.29046 12.305 0.0451183096 0.1815876735
269.02976 10.317 0.0451183096 0.0377848275
83.03866 0.637 0.0477471501 0.0742236958
206.10229 7.942 0.0477471501 0.3904537017
199.09645 9.587 0.0504988879 0.1563771230
175.04773 9.931 0.0504988879 0.1055537185
140.07021 1.019 0.0504988879 -0.2762097985
269.13839 11.789 0.0504988879 0.0056660917
177.10207 3.9 0.0504988879 0.0142269828
104.07053 0.875 0.0504988879 0.2196193259
342.26364 10.588 0.0504988879 0.2135330033
414.30011 11.739 0.0504988879 -0.0889151101
199.10770 8.742 0.0533774346 0.1310504005
647.41104 12.469 0.0533774346 -0.0727979400
294.20617 9.687 0.0533774346 0.0132026380
183.07790 9.596 0.0533774346 0.1365556168
303.20673 9.547 0.0533774346 0.0864098941
426.21226 8.517 0.0533774346 0.0223789691
296.20090 9.244 0.0533774346 0.0212290830
187.87337 8.733 0.0552030951 -0.0788345130
175.05762 0.989 0.0563867539 0.1646033294
632.05540 0.993 0.0563867539 -0.3665156348
245.09525 8.796 0.0563867539 0.2195572734
471.19640 11.271 0.0563867539 -0.2410023212
189.12329 3.624 0.0563867539 -0.1401730219
200.10289 1.337 0.0563867539 -0.2333794411
663.43469 12.755 0.0563867539 0.6355636846
504.99520 10.63 0.0595309287 0.0410575442
143.10651 6.511 0.0595309287 0.0450189412
187.87340 8.427 0.0618988276 -0.0865156578
440.02592 5.068 0.0618988276 0.0533243836
162.83902 11.979 0.0618988276 -0.2194975070
323.19003 11.58 0.0628139451 0.1260790564
169.09472 0.91 0.0662398338 0.0609190067
108.94851 0.711 0.0662398338 0.0825210821
398.32649 11.304 0.0662398338 0.2463190574
146.06332 5.783 0.0662398338 -1.5352734309
165.01160 11.331 0.0662398338 0.1484888449
191.08147 10.173 0.0662398338 -0.1090742634
115.03881 4.262 0.0662398338 -0.0472518255
194.92729 4.977 0.0654814541 -0.0640520333
310.99992 9.847 0.0654814541 0.0479392477
242.28430 9.88 0.0698127374 0.0694271139
129.05452 7.943 0.0698127374 0.0996957795
233.00668 11.007 0.0698127374 0.1035491027
331.95245 4.82 0.0692269504 -0.0706751935
235.96117 3.8 0.0698127374 0.1049366641
153.06584 9.4 0.0698127374 0.0348882311
73.07600 9.618 0.0735366717 0.0814898324
317.05597 8.648 0.0735366717 0.0561982317
150.05492 9.579 0.0735366717 0.1279405129
255.82195 4.296 0.0772257745 0.0592437194
279.13378 10.427 0.0774156973 0.0771715915
145.06186 0.91 0.0772257745 0.0762847296
215.86845 7.975 0.0772257745 -0.0927623267
326.23230 10.263 0.0774156973 -0.6275077894
371.12243 11.684 0.0774156973 -0.1048743518
444.99817 11.416 0.0814885646 0.0092054462
489.16273 12.42 0.0814539492 0.0740458671
231.17020 3.973 0.0814539492 -0.0738830466
780.21894 9.092 0.0814539492 0.0159091283
185.11830 12.558 0.0814885646 -0.0746809631
318.22760 10.422 0.0814539492 0.0390142817
247.03088 1.446 0.0814885646 0.1774999959
173.10430 1.503 0.0814885646 -0.1573237038
409.06754 1.095 0.0859334022 -0.2887714171
761.58417 12.508 0.0856554285 0.0000000000
312.21699 8.835 0.0856554285 0.0955707097
175.10759 1.012 0.0856554285 0.2481609279
321.89737 5.269 0.0859334022 0.0678821063
134.89444 9.219 0.0859334022 -0.1706783814
181.07165 0.988 0.0859334022 0.2587857773
196.09682 7.784 0.0856554285 0.0646866837
330.91568 12.664 0.0856554285 0.0874060368
146.96129 2.582 0.0945641994 0.1426875142
160.13313 0.929 0.0945641994 0.1457562901
189.15960 1.36 0.0945641994 0.0697566803
111.52172 12.498 0.0945641994 -0.1755178892
272.94442 0.605 0.0945641994 0.0416852786
223.14409 9.125 0.0945641994 0.1063979493
102.95671 8.75 0.0953876674 -0.1905885492
258.91731 1.113 0.0953876674 0.0931976579
471.24462 10.798 0.0953876674 0.0406488396
308.20098 9.244 0.0992795080 0.0541031035
307.14011 10.363 0.0992795080 -0.1372545200
659.33848 0.69 0.0992795080 -0.1191804004
197.06686 8.384 0.0992795080 -0.0178217401
383.24276 12.069 0.0992795080 -0.0111733093
269.05336 10.389 0.0992795080 -0.3093261913
258.12554 8.709 0.0992795080 0.0321813877
144.10184 1.135 0.0992795080 0.2341838098
308.20093 9.228 0.0992795080 0.0895964752
333.09137 11.511 0.1004066169 -0.0912216963
130.05081 0.9 0.1004066169 0.1160665692
97.02825 1.049 0.1041739881 -0.1335886382
241.15468 4.688 0.1041739881 -0.0052937617
418.95567 10.153 0.1041739881 0.0611600489
97.02831 0.999 0.1041739881 -0.1252938497
281.15950 9.565 0.1041739881 0.0191539646
384.11905 1.015 0.1041739881 -0.1715232296
104.03526 0.832 0.1056261361 -0.0457957911
324.09111 12.039 0.1056261361 0.0668943753
264.07714 0.994 0.1056261361 0.1001986644
205.10695 10.206 0.1092516035 0.1162222062
248.16462 9.682 0.1092516035 0.0809437655
325.17107 10.465 0.1092516035 0.0118477228
185.12834 7.4 0.1092516035 0.1427715259
140.07027 1.006 0.1092516035 -0.1399005571
174.95605 1.643 0.1110508293 -0.0975088440
118.05098 0.862 0.1110508293 -0.0069039793
195.99212 3.004 0.1110508293 0.1570458866
200.54568 1.004 0.1145161539 -0.1656780421
379.14947 11.1 0.1145161539 -0.1034558334
205.08168 1.646 0.1145161539 0.0644932690
209.13823 7.93 0.1145161539 0.0437836991
420.92733 9.22 0.1166852713 -0.0562632984
166.94304 3.234 0.1199713722 0.0773630313
476.30655 10.048 0.1199713722 -0.0031377760
136.04800 1.494 0.1199713722 0.1408898438
268.15443 8.687 0.1199713722 0.0000000000
210.05015 7.025 0.1199713722 -0.0802181310
421.16730 12.055 0.1199713722 0.0238685300
210.05010 7.041 0.1199713722 -0.0801893224
282.11969 8.251 0.1199713722 0.0075765810
363.06231 1.036 0.1225336790 -0.1938455477
102.95673 6.96 0.1225336790 0.0401440309
290.13862 11.042 0.1256210655 -0.3581987671
348.89496 2.036 0.1286004484 0.0256002605
487.03583 1.444 0.1286004484 0.0882993332
99.51218 7.619 0.1314688027 -0.0393699462
306.08103 11.419 0.1314688027 -0.0313931354
188.93295 2.197 0.1348898709 -0.0314798905
127.05112 0.93 0.1348898709 0.0889524828
193.03524 2.468 0.1348898709 0.0918121225
225.07557 11.622 0.1375181004 -0.0547848125
207.01410 0.908 0.1375181004 0.1010160088
323.14249 11.965 0.1375181004 0.0849095124
161.96956 5.914 0.1375181004 0.0293427210
388.25419 9.449 0.1375181004 -0.0035685046
244.07913 1.192 0.1375181004 0.0693399184
132.99174 11.641 0.1414058656 0.0141417083
526.33502 11.108 0.1414058656 0.1005046681
277.15562 9.231 0.1414058656 0.0344239670
102.95672 6.736 0.1414058656 0.0462229594
185.03049 9.821 0.1437725052 -0.0270629750
307.85583 8.541 0.1481524706 -0.0582255003
317.05572 7.921 0.1502353102 0.0758905536
179.05488 1.986 0.1502353102 0.1137324055
412.19637 8.44 0.1502353102 -0.0862704238
118.08623 0.915 0.1502353102 -0.0693838764
108.04423 11.408 0.1502353102 0.1159216927
113.09592 6.146 0.1502353102 0.4654257399
294.20602 6.275 0.1502353102 0.0158588408
129.93629 10.623 0.1481524706 -0.0734229281
250.18018 7.42 0.1502353102 -0.0388007202
90.05492 0.83 0.1502353102 0.0948607507
75.00862 7.446 0.1551336348 -0.0168260205
217.06176 9.907 0.1551336348 0.0051520755
463.48311 1.347 0.1569097415 0.1369014517
190.15486 1.3 0.1569097415 -0.0699178603
783.81581 0.699 0.1569097415 0.0624064660
311.00842 7.066 0.1569097415 -0.0991029507
189.14840 10.117 0.1569097415 0.2410156130
297.98564 9.851 0.1637990102 0.0482133395
347.84913 2.085 0.1637990102 0.0224383554
175.11892 1.026 0.1637990102 0.0553919146
348.98978 11.448 0.1637990102 -0.1257709071
85.02833 1.167 0.1637990102 -0.1500138602
146.93845 2.351 0.1623528898 -0.0184560186
120.06550 0.875 0.1637990102 0.1355010909
99.04488 1.009 0.1698138565 -0.0981024376
446.29603 10.761 0.1709060669 -0.0323269217
522.08875 9.141 0.1709060669 0.0386573708
331.17529 11.712 0.1709060669 -0.0279460628
210.13344 8.407 0.1709060669 0.1015025072
190.92835 1.975 0.1698138565 -0.0184320504
726.82403 0.698 0.1709060669 -0.1166470826
447.08203 1.032 0.1782337651 -0.2182086974
179.08471 6.26 0.1782337651 -0.4566236254
356.24298 12.717 0.1782337651 0.0206567302
608.38342 11.87 0.1782337651 0.0654202238
173.92616 11.435 0.1775200218 -0.0445130928
191.98266 0.935 0.1782337651 -0.0830749793
258.15450 8.641 0.1782337651 0.2092770584
178.08624 9.139 0.1857849211 0.0703932590
272.17023 7.569 0.1857849211 -0.0282205945
187.94177 12.093 0.1854744256 -0.0658497419
612.88161 0.614 0.1857849211 0.0613487665
721.86372 0.651 0.1854744256 0.0626556574
504.99519 10.333 0.1857849211 0.0528171269
156.96584 6.254 0.1857849211 0.0241571033
110.54134 1.31 0.1857849211 0.0805566038
388.25410 9.464 0.1857849211 -0.0081839007
612.85868 0.702 0.1854744256 0.0127090716
256.10980 7.843 0.1935620755 0.0062137781
205.06813 0.998 0.1935620755 0.1303302311
119.07014 6.478 0.1935620755 0.0821644972
316.04492 9.022 0.1936801672 0.0676170966
208.10014 4.098 0.1935620755 0.0100868396
305.09646 11.916 0.2021402270 -0.0686694873
225.06165 1.205 0.2021402270 -0.1519655971
372.25923 10.504 0.2015676275 -0.0235133478
189.12341 0.99 0.2015676275 0.1238599746
160.93532 9.172 0.2021402270 -0.0422765036
132.99174 11.311 0.2021402270 0.0276898279
190.92843 10.84 0.2021402270 -0.0692013970
417.30441 12.205 0.2015676275 -0.2301783739
78.91870 3.875 0.2021402270 -0.0482607531
145.12218 6.4 0.2015676275 0.4357820512
72.08071 0.917 0.2015676275 -0.0509859419
665.37395 0.645 0.2021402270 -0.0823103390
157.14146 7.82 0.2098039389 0.0240594993
384.12233 6.947 0.2098039389 -0.0491518846
176.12802 0.894 0.2098039389 0.1048765476
396.31046 11.517 0.2098039389 0.0902499326
190.11859 1.167 0.2098039389 0.0912199471
232.15429 4.856 0.2098039389 -0.0913905637
171.14906 0.951 0.2098039389 0.0340037896
131.08252 0.985 0.2108570337 0.1786808450
173.92615 11.13 0.2108570337 -0.1317256979
79.51944 1.507 0.2182730585 -0.0427996289
269.12445 6.202 0.2182730585 0.0160370738
111.02004 12.395 0.2182730585 0.2077669125
204.05581 1.036 0.2182730585 -0.1330255288
193.10697 8.321 0.2182730585 0.0651859050
258.15462 8.299 0.2182730585 0.0048362044
83.03560 0.578 0.2182730585 -0.0047710199
310.14136 10.22 0.2182730585 0.0095582172
206.10331 0.816 0.2198331058 -0.0278384421
209.06651 1.5 0.2198331058 -0.1201984056
127.03885 1.001 0.2269768715 -0.1014504403
145.04935 0.994 0.2269768715 -0.1201367069
267.17197 12.682 0.2269768715 0.1451221506
145.04945 1.0 0.2269768715 -0.1201367069
295.12886 9.271 0.2269768715 -0.0308100405
466.81659 1.86 0.2290707678 -0.0283906254
316.94798 0.643 0.2290707678 -0.0208398983
246.04396 9.126 0.2290707678 0.0396613431
206.10339 0.808 0.2290707678 -0.0288420854
111.02003 12.66 0.2359172255 0.0000000000
217.04941 1.246 0.2359172255 0.1240070065
401.15295 10.707 0.2359172255 0.0347289616
281.07666 10.459 0.2359172255 -0.0548291268
672.85934 0.671 0.2385717928 -0.0185190267
427.21881 10.726 0.2385717928 -0.0502495632
438.97194 1.517 0.2385717928 0.1014240469
87.00860 1.205 0.2385717928 0.0586046906
376.21774 9.262 0.2450956032 -0.0170439536
116.07055 0.913 0.2450956032 0.0389713129
418.95567 10.374 0.2450956032 0.0382146680
230.24769 11.321 0.2450956032 0.0206375561
520.33185 10.388 0.2450956032 -0.0113784739
89.05968 2.623 0.2450956032 -0.0474371734
215.17541 7.058 0.2450956032 0.0240696974
426.21209 8.442 0.2450956032 0.0169221307
181.06275 0.995 0.2483380288 -0.1851834867
367.10526 0.978 0.2483380288 0.1699485936
249.02274 11.666 0.2483380288 0.0707299162
367.10513 0.988 0.2483380288 0.1699082505
161.12841 1.01 0.2545133233 0.1071546663
146.11750 0.877 0.2545133233 0.1657695969
132.10186 1.065 0.2545133233 -0.0996911256
138.05484 4.812 0.2545133233 -0.0548087986
465.12645 12.602 0.2545133233 0.0841216947
272.07651 7.249 0.2545133233 -0.0095784632
360.02505 8.292 0.2545133233 -0.0512232701
237.89749 2.487 0.2583710700 0.0271299793
267.84787 4.643 0.2583710700 -0.0626056154
419.04828 1.448 0.2583710700 0.1046806381
128.03523 4.581 0.2583710700 0.0257184190
174.08828 0.997 0.2583710700 0.1056695182
188.94906 1.465 0.2583710700 0.0156183505
179.05607 7.974 0.2583710700 -0.0732562548
180.08652 1.003 0.2641716376 -0.1009425814
171.09920 7.29 0.2641716376 0.0093319759
418.16272 8.633 0.2641716376 0.0389423129
238.09924 7.85 0.2641716376 0.0094105673
289.06943 3.383 0.2686719596 0.0225160479
188.94916 1.43 0.2686719596 0.0157476495
379.97192 3.482 0.2686719596 0.0341004032
204.01919 9.981 0.2740714177 0.0087976765
356.27935 11.065 0.2740714177 0.0397739712
477.00025 10.29 0.2740714177 0.0388511142
130.08616 0.963 0.2740714177 0.0404191548
117.06976 7.935 0.2740714177 0.0125600439
698.16820 9.398 0.2740714177 0.0077363358
241.08692 11.965 0.2792417556 -0.1096654250
353.14236 11.998 0.2792417556 -0.0248347225
165.11209 5.944 0.2842133492 0.1131889009
153.12730 10.118 0.2842133492 0.0875898142
118.06085 1.015 0.2842133492 0.0739504347
231.08377 4.726 0.2842133492 0.0126151243
583.15175 9.301 0.2900812775 0.7410380817
146.08114 0.943 0.2945980281 0.0530417120
270.19113 8.84 0.2945980281 0.0107940935
360.96807 11.999 0.2945980281 0.0090870795
515.56788 1.001 0.2945980281 -0.0956805150
507.57935 0.991 0.2945980281 0.0797076976
133.10515 1.114 0.2945980281 -0.0298314547
248.96050 0.661 0.3011907488 -0.0164179508
102.95662 5.572 0.3011907488 0.0132386040
165.06909 3.268 0.3052256629 -0.0609855959
269.08932 8.607 0.3052256629 -0.1231230773
284.17018 9.876 0.3052256629 0.1023151218
549.21370 9.63 0.3125704080 -0.2130514757
165.01913 9.687 0.3125704080 0.0502408131
186.07591 5.789 0.3160962611 0.0216005601
480.85041 0.749 0.3160962611 0.0128143608
290.26883 12.224 0.3160962611 0.1919763860
283.16937 12.138 0.3160962611 -0.0878190019
480.15680 12.579 0.3160962611 0.0775724084
117.09095 7.027 0.3160962611 0.0044125773
396.03459 4.792 0.3160962611 0.0500117102
137.04578 8.857 0.3160962611 -0.0523702104
190.92831 11.975 0.3242202103 -0.0006002120
96.96958 2.479 0.3242202103 0.0675082735
266.08820 1.001 0.3242202103 0.0753671030
107.04896 8.69 0.3272097111 0.0649477276
85.02830 0.999 0.3272097111 -0.0622860200
203.05260 0.997 0.3272097111 -0.0829969468
203.05251 1.003 0.3272097111 -0.0829969468
283.01366 7.055 0.3272097111 -0.0128270721
231.93170 11.761 0.3361395001 -0.0361423638
180.05942 1.204 0.3361395001 -0.0992803406
575.39459 12.631 0.3385655209 0.0142824766
212.07631 2.342 0.3501629606 0.1850457163
307.24774 12.579 0.3501629606 -0.0819998111
315.04155 8.621 0.3483276069 0.0963989039
164.95691 2.482 0.3483276069 0.0622766680
272.95899 0.639 0.3483276069 0.1162558973
397.15988 10.063 0.3501629606 0.0465463156
229.91606 11.99 0.3483276069 -0.0368175624
86.05991 1.918 0.3501629606 -0.0864288898
114.06612 1.012 0.3501629606 0.0069051930
360.23904 9.879 0.3483276069 0.0492322871
221.15347 12.88 0.3501629606 -0.1467517224
240.11491 9.07 0.3620011881 -0.0196612325
244.15546 11.136 0.3607836217 0.0218986500
150.02283 0.922 0.3607836217 -0.1948285275
265.11811 10.779 0.3620011881 0.6644226988
269.08792 0.988 0.3607836217 0.0367406960
575.39471 12.566 0.3620011881 0.0124723932
100.07559 1.37 0.3620011881 -0.1184325613
518.83193 1.289 0.3735059351 0.0070614079
92.04305 1.438 0.3735059351 -0.0342615477
239.09126 11.735 0.3740789592 -0.0264606599
387.11466 5.628 0.3735059351 0.1063501579
419.14191 9.659 0.3735059351 -0.1516793353
389.16269 10.288 0.3740789592 0.0148523009
208.06134 11.426 0.3735059351 0.0181135767
71.01366 1.245 0.3864929676 -0.1460931739
410.56647 0.991 0.3863947764 0.0664995432
161.04539 1.564 0.3864929676 -0.0677080843
111.02019 7.619 0.3863947764 0.0060940141
102.12759 12.537 0.3863947764 0.2301707250
437.93057 3.589 0.3864929676 0.0733378553
311.00024 10.987 0.3997428268 -0.0100635914
379.17993 11.998 0.3989470452 0.0351986819
175.09635 5.995 0.3989470452 -0.0658338669
311.00019 10.587 0.3997428268 -0.0124555807
379.14916 11.813 0.3989470452 -0.0451531363
201.98379 6.282 0.3989470452 0.0113581738
231.93167 11.489 0.3997428268 -0.0402218771
293.09537 12.356 0.3989470452 0.0187106866
233.12847 10.953 0.3989470452 0.0401470896
247.14414 10.417 0.3989470452 -0.0153620851
255.82197 4.751 0.3997428268 0.0928937814
322.94348 10.845 0.4132529646 0.0202796793
195.05092 2.207 0.4132529646 -0.0007504787
412.86265 1.253 0.4117337391 0.0598695674
198.09718 1.002 0.4117337391 -0.0802164605
354.93174 12.592 0.4117337391 -0.0461049619
416.37491 11.688 0.4132529646 -0.0003308161
307.11091 10.806 0.4117337391 -0.0613142920
98.98413 2.329 0.4247525781 0.0586612513
525.28825 10.405 0.4247525781 0.0012051696
128.95069 2.586 0.4247525781 0.0151512173
90.52578 1.842 0.4247525781 0.0306704412
228.99393 11.618 0.4270208329 -0.0111942166
214.03322 0.96 0.4270208329 0.0664745557
110.54142 0.75 0.4380011931 0.0029169470
223.96317 2.425 0.4380011931 0.0469759993
290.13863 10.97 0.4380011931 -0.2465475162
421.20432 9.899 0.4380011931 0.0616222312
198.12756 10.512 0.4380011931 0.0126335657
233.87537 2.909 0.4380011931 0.0157804360
253.11829 6.707 0.4380011931 0.0196511333
182.98867 11.912 0.4410435855 0.0214423885
210.06989 1.178 0.4410435855 0.0372965330
275.05621 0.754 0.4410435855 -0.0442886666
199.03354 0.882 0.4410435855 -0.1475018981
118.04970 3.758 0.4514767528 0.0492467988
178.05854 1.363 0.4514767528 0.0398068451
303.22939 0.639 0.4514767528 -0.0080953691
783.57184 12.247 0.4514767528 0.1092921000
278.17495 7.936 0.4514767528 -0.0260889633
149.04539 1.234 0.4553176910 -0.1088880882
396.45639 11.969 0.4651762098 -0.0237467534
447.89196 1.202 0.4651762098 -0.0422915805
105.03673 2.076 0.4651762098 0.0784052511
197.15340 12.767 0.4651762098 0.0678798184
261.94159 4.797 0.4698396325 -0.1220450836
209.83377 4.275 0.4698396325 -0.0238221776
445.07303 5.714 0.4698396325 0.0359290505
258.91571 10.016 0.4698396325 -0.0129470190
195.12266 6.237 0.4790963829 0.0104812931
176.06577 1.113 0.4790963829 0.1242282007
300.20181 8.715 0.4790963829 0.0049771259
88.07560 1.067 0.4790963829 0.0553945282
508.35937 12.585 0.4790963829 0.0828622257
91.00367 9.096 0.4846055657 0.0103999404
242.02522 10.323 0.4846055657 0.0032828887
315.04150 8.971 0.4846055657 0.0258927374
190.92841 8.648 0.4846055657 -0.0225126310
320.20668 12.357 0.4932336658 0.0291494290
229.56251 1.002 0.4932336658 -0.0302360304
91.50454 9.41 0.4932336658 -0.0094511190
785.50444 12.594 0.4932336658 0.0330394816
205.06814 1.161 0.4932336658 0.0712492779
346.00940 8.557 0.4932336658 -0.0052834099
187.99651 0.829 0.4996110201 -0.0001399491
255.82207 3.971 0.4996110201 -0.0064073028
487.30560 11.514 0.4996110201 -0.0265672103
228.99405 11.33 0.4996110201 -0.0035368447
426.35752 12.401 0.5075842142 -0.0198348744
223.11742 8.987 0.5075842142 0.0415842032
89.05965 3.335 0.5075842142 0.0141839595
130.08608 3.859 0.5075842142 -0.0425167067
88.11195 0.79 0.5075842142 -0.1431035824
189.13456 6.238 0.5075842142 -0.0276170871
126.97144 0.943 0.5075842142 0.0362876892
126.97134 0.92 0.5075842142 0.0366208435
162.07700 0.889 0.5148514956 0.1086085597
229.56254 1.202 0.5221440718 -0.0177491783
136.04808 1.003 0.5221440718 0.0747164940
243.75525 3.939 0.5303222090 -0.0320623375
146.96100 1.206 0.5303222090 -0.0963193145
689.95621 12.574 0.5369088650 0.1051999366
169.97727 2.61 0.5369088650 0.0204718488
197.12923 6.244 0.5369088650 0.0144063172
302.23231 9.527 0.5369088650 -0.0276770671
184.04007 6.249 0.5369088650 -0.0501111686
183.09899 6.515 0.5369088650 0.0760564598
165.04176 12.772 0.5460176915 -0.0391832576
190.92842 8.022 0.5460176915 -0.0154812893
226.92738 2.457 0.5460176915 0.0589932522
276.11887 5.255 0.5518739671 0.0143461436
397.11301 1.167 0.5518739671 -0.0527577874
199.10043 1.206 0.5518739671 0.0401423977
569.31421 11.238 0.5518739671 0.0166535046
237.12318 6.91 0.5518739671 -0.0318553105
314.18100 9.212 0.5670346618 -0.0881687085
449.11725 0.993 0.5670346618 0.0266970299
245.21100 12.02 0.5670346618 0.0559970967
281.24847 0.429 0.5619325191 0.0000318900
147.07643 0.914 0.5670346618 0.0421909268
338.11688 6.931 0.5670346618 0.0025305731
101.02426 1.2 0.5619325191 -0.0854913576
256.93816 2.426 0.5670346618 0.0443968988
190.92839 9.84 0.5619325191 -0.0417189645
260.16772 11.756 0.5670346618 -0.0898705930
211.14407 9.009 0.5670346618 -0.0936553125
314.34186 10.586 0.5670346618 0.0394341326
115.03993 0.99 0.5780609846 0.0185175057
217.03298 1.411 0.5780609846 -0.0107459250
302.06729 10.869 0.5823858306 -0.0133266902
163.06002 1.001 0.5823858306 -0.0436887120
172.13321 4.594 0.5823858306 0.0137554722
314.18103 9.232 0.5823858306 -0.0844829356
236.22177 12.503 0.5823858306 0.1205573826
365.10514 4.803 0.5823858306 0.0181407846
116.07153 0.909 0.5943967104 -0.2256944030
105.01920 1.397 0.5943967104 0.1073522901
177.11198 6.256 0.5979221016 0.0070029891
130.04974 4.011 0.5979221016 0.0184550733
793.31830 11.544 0.5979221016 0.0129463791
240.15945 8.688 0.6136380509 -0.1140842847
390.87042 6.254 0.6109333634 -0.0949414895
147.11266 1.298 0.6136380509 -0.0539404078
212.11265 2.743 0.6136380509 -0.0522925812
270.08905 11.955 0.6136380509 -0.0491657092
81.52054 0.787 0.6136380509 0.0537742125
190.92841 8.49 0.6109333634 -0.0138334675
364.09756 6.636 0.6109333634 -0.0064847646
459.28007 10.076 0.6136380509 -0.0018518437
314.18103 9.221 0.6295278296 -0.0915800941
129.06569 0.987 0.6295278296 0.0864945861
146.93846 9.294 0.6276643574 -0.0135512561
90.50687 7.619 0.6295278296 -0.0279444362
226.12834 4.744 0.6295278296 -0.0173940095
255.04659 1.162 0.6295278296 0.0175998019
149.04551 1.551 0.6276643574 0.1597432164
102.95674 5.952 0.6276643574 -0.0185315679
146.96114 0.743 0.6276643574 -0.0200765692
209.83365 4.953 0.6445824355 0.0306100343
104.10691 0.751 0.6455853805 -0.0580642653
195.05086 2.523 0.6445824355 -0.0201498273
180.01162 0.852 0.6455853805 0.0505711928
182.10223 1.084 0.6455853805 0.1116761933
196.09681 9.124 0.6455853805 0.0279203323
193.09712 6.272 0.6455853805 0.0077310168
261.21717 11.699 0.6455853805 -0.0100908455
569.26508 11.514 0.6445824355 -0.0851420640
131.07020 9.176 0.6455853805 -0.0019736846
228.12846 0.972 0.6618045941 0.0078899804
205.08172 2.444 0.6618045941 0.0556829598
652.35148 0.688 0.6618045941 -0.1147418601
261.09446 1.214 0.6618045941 0.0090810258
71.06032 9.925 0.6618045941 0.0818692927
80.97482 3.003 0.6789510101 -0.0191814538
487.62840 3.778 0.6789510101 -0.0124044332
190.92842 5.012 0.6789510101 -0.0162121122
331.09246 10.166 0.6781789660 -0.0080733149
209.10183 7.667 0.6781789660 0.0801234871
271.09953 11.391 0.6781789660 0.0022659432
205.12233 10.874 0.6781789660 0.0385883862
150.05495 10.804 0.6781789660 0.0455798673
259.18052 10.234 0.6781789660 -0.3547143664
111.02000 9.054 0.6781789660 -0.0000518225
279.13399 9.833 0.6947018132 0.0609848940
102.95673 5.012 0.6963860542 0.0115456602
315.04161 9.833 0.6963860542 -0.0031608850
315.04162 10.418 0.6963860542 0.0009064007
432.04721 8.318 0.6947018132 0.1340566959
198.04960 1.023 0.6963860542 -0.2569761210
127.03890 1.207 0.6947018132 -0.0397783976
414.33618 10.38 0.7113664001 -0.0570593780
185.09192 7.552 0.7113664001 -0.0069152825
230.98854 11.635 0.7113664001 -0.0189944178
228.07861 8.707 0.7113664001 -0.1239754462
223.09228 0.991 0.7113664001 0.1549555426
317.18723 11.592 0.7139776796 0.0584703685
309.11905 9.619 0.7139776796 0.0000610247
159.07629 1.01 0.7281656340 -0.0500768489
93.07378 0.817 0.7281656340 0.0030387734
90.50677 12.471 0.7281656340 0.1432666198
210.13340 6.021 0.7281656340 0.0185096713
375.16199 11.717 0.7281656340 0.0065344714
522.20241 6.584 0.7281656340 0.0432718781
328.10279 10.232 0.7281656340 0.0188468312
360.99793 9.63 0.7317177355 -0.0089041152
182.98610 9.194 0.7317177355 0.0116403576
319.00836 0.533 0.7317177355 0.0064337194
725.33091 10.798 0.7450922579 -0.0395083290
111.02014 10.424 0.7450922579 -0.0024967086
241.10289 0.989 0.7450922579 0.1717284660
139.53088 1.201 0.7450922579 0.0175772990
294.14084 3.52 0.7450922579 -0.0539966235
326.70016 9.515 0.7450922579 0.0343693032
250.17998 6.152 0.7450922579 -0.0230805822
92.52214 1.525 0.7450922579 0.0339045412
117.08494 1.011 0.7450922579 -0.0347887116
245.21099 11.725 0.7450922579 0.0174502591
332.19155 8.904 0.7450922579 -0.0118802021
173.09307 1.007 0.7495975196 -0.0117415691
130.06211 1.029 0.7495975196 0.0237713782
180.06885 1.005 0.7621390000 0.0229663291
197.12844 8.684 0.7621390000 -0.0376220063
177.14837 10.693 0.7621390000 -0.0399162653
124.00731 0.904 0.7676084340 0.1160239254
473.97051 0.82 0.7676084340 -0.0157517226
95.01369 0.988 0.7676084340 0.0113881404
530.20775 7.351 0.7792982534 -0.0049970154
430.36731 0.756 0.7792982534 0.0016034942
246.16996 5.941 0.7792982534 0.0079170835
76.03924 0.818 0.7792982534 0.0241577524
203.05259 1.204 0.7792982534 0.0478512657
106.04982 0.84 0.7792982534 0.0531086342
725.33099 11.1 0.7792982534 0.0025252997
151.06264 11.301 0.7792982534 0.0938016045
209.09206 9.067 0.7792982534 -0.0028016559
316.04490 10.475 0.7857417166 -0.0006039991
269.08778 1.414 0.7857417166 -0.0615518816
315.04139 9.462 0.7857417166 0.0217988314
125.02431 1.208 0.7857417166 0.0220402398
211.08237 1.037 0.7857417166 -0.0762196889
168.09294 7.024 0.7965622619 0.0016330850
271.18060 10.852 0.7965622619 -0.0418432694
101.07077 0.99 0.7965622619 0.0304654335
90.52582 0.761 0.7965622619 0.0329593783
445.11963 12.49 0.7965622619 0.0653462974
203.00457 1.459 0.8039880395 0.0276353821
197.80798 4.227 0.8039880395 0.0433512992
209.83376 3.865 0.8039880395 -0.0016050215
88.98779 8.834 0.8039880395 0.0000000000
209.94902 5.841 0.8039880395 -0.0265424926
778.20494 9.657 0.8039880395 0.0021369925
379.28156 0.626 0.8139232919 -0.0057522529
101.05956 10.514 0.8139232919 0.0419287424
152.03747 0.922 0.8139232919 0.0332009697
162.07594 1.02 0.8139232919 -0.0017763206
222.99521 11.996 0.8139232919 -0.0174036634
416.35181 10.38 0.8139232919 -0.0371429574
415.54919 1.007 0.8139232919 0.1212325461
236.58849 1.017 0.8139232919 0.0091104117
417.03007 9.815 0.8139232919 -0.0032535443
321.13092 8.71 0.8139232919 -0.0145093002
725.29382 9.519 0.8223382682 0.0111389972
434.87184 1.655 0.8223382682 0.1367239997
353.16799 1.006 0.8223382682 0.0436393254
297.04541 6.041 0.8223382682 0.0052667020
148.06036 0.977 0.8313733190 0.1177689339
239.12775 12.444 0.8313733190 0.0058810483
223.98822 12.487 0.8313733190 0.1085033804
283.10376 10.507 0.8313733190 -0.0156587004
145.07600 11.109 0.8313733190 0.0256552117
133.06070 0.894 0.8313733190 -0.0504059401
87.05520 0.896 0.8313733190 -0.0129723169
399.49400 1.286 0.8313733190 0.0803474732
201.02649 10.16 0.8407831341 0.0183738660
344.22801 9.105 0.8489041775 -0.0011623939
107.07014 1.305 0.8489041775 -0.0188278887
153.06571 9.803 0.8489041775 -0.0694324090
298.05252 1.172 0.8489041775 0.0117735805
88.04027 1.037 0.8593128324 -0.1066712191
180.97290 1.07 0.8593128324 0.0235608792
325.20100 11.795 0.8665077835 -0.0015361197
278.19036 9.315 0.8665077835 -0.0261795028
344.22784 9.107 0.8665077835 -0.0026431629
279.18024 10.347 0.8665077835 -0.0030392781
508.08591 1.012 0.8841757625 0.0491618915
311.12905 0.991 0.8779177964 -0.1266397526
180.08653 1.783 0.8841757625 0.0025232033
161.04543 0.992 0.8779177964 -0.0217824485
231.93157 9.376 0.8779177964 0.0054156094
189.95895 3.192 0.8841757625 -0.0099024524
261.12341 10.988 0.8841757625 -0.0226741124
275.03886 11.955 0.8841757625 0.0075848362
461.80297 1.263 0.8841757625 0.0500576929
246.97734 4.126 0.8841757625 0.0009517026
145.07600 10.718 0.8841757625 0.0349201706
85.02931 0.991 0.8779177964 0.0745642613
366.11176 6.382 0.9018996507 -0.0465822408
132.07667 1.015 0.9018996507 -0.0029996792
81.52049 1.948 0.9018996507 -0.0187963734
86.09634 1.065 0.9018996507 0.0104295848
168.07780 1.032 0.8965883553 -0.0132912266
167.08539 12.572 0.9018996507 -0.0570602186
249.15572 1.016 0.9018996507 0.0367417387
276.13611 4.661 0.9018996507 -0.0083741285
329.08807 11.946 0.8965883553 0.0112631201
86.09628 1.047 0.9196710959 0.0083565109
416.28513 11.536 0.9196710959 -0.0862953149
217.04958 0.799 0.9374814853 -0.0965542444
131.03477 0.991 0.9340859354 0.0103731465
88.07557 0.874 0.9374814853 -0.0288397434
180.13815 10.712 0.9374814853 -0.0076267740
719.96772 12.469 0.9374814853 0.0552248982
502.85944 1.678 0.9340859354 0.0560643934
303.91345 1.715 0.9340859354 0.0932225510
382.58487 0.991 0.9374814853 0.0171019995
185.00655 4.81 0.9340859354 0.0219878053
277.11832 10.94 0.9553221688 0.0316543075
166.08610 7.964 0.9553221688 0.0297793275
385.90170 1.566 0.9553221688 0.0335409089
232.93500 9.648 0.9528931677 0.0148414876
119.03487 0.991 0.9528931677 0.0094732714
711.06927 2.468 0.9553221688 -0.0118095299
279.11598 10.313 0.9553221688 -0.0465181655
372.25891 11.165 0.9553221688 0.0477891757
131.04616 0.888 0.9528931677 0.0257423977
113.02429 0.991 0.9528931677 -0.0045967502
334.12581 1.044 0.9528931677 -0.0007889184
311.00018 10.361 0.9528931677 -0.0027904656
262.18017 8.577 0.9553221688 -0.0031531634
116.92850 11.957 0.9717257023 -0.0146394151
154.06217 1.055 0.9717257023 -0.0375183180
101.02432 0.988 0.9717257023 0.0105771480
437.23557 9.826 0.9731846228 -0.0035716780
167.09123 2.306 0.9731846228 -0.0034312422
176.10292 0.994 0.9731846228 0.0358190860
245.07683 8.42 0.9731846228 -0.0071647451
227.17524 7.949 0.9731846228 -0.0034617660
143.03485 0.992 0.9905734956 -0.0095995966
239.14878 8.324 0.9910601079 -0.0459617056
133.08579 6.236 0.9910601079 -0.0154845766
112.98560 0.672 0.9905734956 0.0077888530
405.01419 1.275 0.9905734956 -0.0241596735
120.08070 7.05 0.9910601079 -0.0077298372
415.25378 9.765 0.9910601079 -0.0098601505
209.06660 1.251 0.9905734956 0.0005975915
250.17998 7.782 0.9910601079 0.0348676440
143.03486 0.991 0.9905734956 -0.0095995966
143.03486 0.991 0.9905734956 -0.0095995966
261.14441 5.814 1.0000000000 0.0189278797
437.29077 11.98 1.0000000000 0.0168230422
180.06532 8.396 1.0000000000 -0.0098180293
163.09646 8.511 1.0000000000 -0.0012339461
76.07560 0.762 1.0000000000 0.0648753708
