"m.z" "r.t" "p.value" "t.score"
297.09353 5.148 0.0000000002 1.4900628744
343.12322 5.46 0.0000000011 1.3238386834
263.12129 11.682 0.0000000008 28.8028098514
348.10080 8.211 0.0000000013 -0.6474562642
295.07913 5.605 0.0000000004 0.2053003649
264.12424 11.817 0.0000000013 27.3697443996
365.10535 5.437 0.0000000009 0.5498341258
253.05434 6.017 0.0000000023 0.4589510581
276.10116 7.893 0.0000000046 0.7150058750
604.13812 8.48 0.0000000046 1.5923727503
101.01674 5.642 0.0000000054 0.8047129203
291.20673 10.714 0.0000000117 29.4270141721
174.14874 8.541 0.0000000136 -0.4945847158
168.07661 2.356 0.0000000181 1.4321037426
261.18080 11.062 0.0000000240 0.8959231571
691.06024 9.046 0.0000000314 0.2720296376
116.92850 12.983 0.0000000633 1.1527524953
288.00378 4.675 0.0000000696 3.4621757550
289.15454 10.891 0.0000000696 0.8693607619
279.11602 12.082 0.0000000789 0.5404029939
275.21163 9.852 0.0000000894 1.0937363020
307.11092 12.054 0.0000001143 -0.5613082908
242.13058 8.916 0.0000001290 -28.0094252540
139.03992 10.477 0.0000001390 0.1655719178
229.05791 5.313 0.0000002282 0.1785365572
174.12357 5.985 0.0000002601 0.2785925057
207.14907 8.611 0.0000004063 0.2300388922
321.89751 4.849 0.0000004627 0.5644868103
371.17238 10.818 0.0000005184 0.3901788074
450.01277 1.949 0.0000006941 0.3568483990
289.22728 9.974 0.0000008545 0.5944436448
191.99763 10.928 0.0000008545 0.3809879601
305.22233 11.03 0.0000008545 0.3273897894
326.23230 10.263 0.0000009468 -1.2766927662
464.08922 11.123 0.0000011171 -0.3987425449
307.11093 11.428 0.0000011597 0.1450618796
335.19002 11.609 0.0000011597 0.4404931313
257.11322 8.472 0.0000014158 0.0488746477
428.05961 8.554 0.0000020906 1.5344619469
187.08647 12.053 0.0000023003 0.2898457333
706.32819 8.954 0.0000030509 1.7444522954
220.98079 11.494 0.0000030936 -0.5513369994
506.20748 7.308 0.0000036700 1.0507081086
480.00681 6.217 0.0000048179 0.2970960728
176.12800 11.055 0.0000052685 0.4558057015
253.09279 5.964 0.0000054851 0.2411651806
119.52785 7.619 0.0000062881 -0.2742015691
170.11762 6.354 0.0000068633 0.0571726204
285.97708 9.15 0.0000094782 0.2160340423
213.12320 2.188 0.0000114582 0.2301117733
793.36499 8.806 0.0000146905 0.2514778196
186.11247 5.226 0.0000172897 0.0779508243
290.15961 6.066 0.0000172897 0.6323575888
302.01938 5.534 0.0000219874 0.3142332322
255.13494 9.538 0.0000223980 0.3836110532
226.09353 10.051 0.0000237967 0.0666144012
317.14536 3.942 0.0000237967 0.1932637051
377.91489 4.919 0.0000243291 0.2389079692
206.02797 12.026 0.0000264116 0.2459532986
154.12262 4.195 0.0000257416 0.0773972734
273.15962 10.88 0.0000257416 0.5774744914
321.89737 5.269 0.0000264116 0.1116624768
226.08222 7.649 0.0000278313 0.0422032833
440.22751 8.348 0.0000278313 0.2576018548
212.11807 9.798 0.0000278313 0.4060393040
490.28535 11.201 0.0000300757 0.4598035236
647.41104 12.469 0.0000300757 -0.1724671911
323.19003 11.58 0.0000300757 0.3496845799
309.12663 11.904 0.0000324848 0.2115968018
324.99643 2.073 0.0000336779 0.4451759656
302.01923 4.916 0.0000350698 0.5114270342
282.11969 8.251 0.0000378420 0.0320331734
219.13381 10.095 0.0000408137 0.8593071842
617.28564 8.799 0.0000408137 0.1901979884
209.03017 5.657 0.0000499531 2.0566795271
508.01346 5.713 0.0000499531 0.1268829506
287.07730 9.604 0.0000539664 0.4193681240
266.06696 10.05 0.0000628904 -0.7026565448
360.02505 8.292 0.0000636093 -0.1046286488
144.06298 0.713 0.0000683826 -0.1028045812
172.09674 10.106 0.0000734814 0.8644438903
434.21735 8.685 0.0000789255 0.0879574451
174.04068 9.047 0.0000849018 0.4464525573
335.22869 10.076 0.0000909348 0.8059111202
158.11745 10.092 0.0000975452 0.7649751773
289.06771 9.654 0.0000983612 -1.5552346977
99.51218 7.619 0.0001045916 -0.0650540325
328.16675 10.866 0.0001057961 0.1134724030
344.22784 9.107 0.0001286110 -0.0048294968
219.07628 10.787 0.0001286110 -0.2169032074
172.07175 9.946 0.0001376722 0.2380132728
255.09499 7.907 0.0001376722 0.1660521117
172.09669 9.97 0.0001376722 0.4968521951
229.11827 0.988 0.0001473119 0.4779521604
445.81506 12.734 0.0001473119 -24.9923669244
221.15347 12.88 0.0001575629 -0.2741541887
640.16250 9.308 0.0001684598 0.1866739767
279.11598 10.313 0.0001923379 -0.0987514179
233.16465 9.864 0.0001923379 0.2069879008
111.08028 10.089 0.0002053970 0.2517348745
307.11091 10.806 0.0002053970 -0.0822986498
259.09244 5.411 0.0002339639 0.2937120427
160.84199 11.608 0.0002799412 0.1391934704
235.12873 7.948 0.0002836235 0.2112047198
256.01510 9.976 0.0003021910 -0.1764793889
245.16055 5.096 0.0003218550 -0.1877833323
290.13862 11.042 0.0003426728 -1.0455909839
246.04396 9.126 0.0003411270 0.0808741548
407.18846 10.548 0.0003880122 0.4487520123
290.13863 10.97 0.0004387204 -0.7642700702
278.19036 9.315 0.0004387204 -0.0680801845
118.05098 0.862 0.0004704663 0.1649831995
111.52172 12.498 0.0004953546 -0.3173443051
640.16271 9.119 0.0005260814 0.2034893894
155.15427 5.154 0.0005260814 -0.1392110775
331.09246 10.166 0.0005260814 -0.1063482058
294.20617 9.687 0.0005260814 -0.0695795508
189.08795 4.9 0.0005335692 2.1144953547
260.16772 11.756 0.0005585208 -0.2044347874
346.08652 8.44 0.0005679024 -0.1829059382
445.07303 5.714 0.0006042167 0.1071490103
572.35541 12.497 0.0006288770 0.3022421146
705.82720 8.883 0.0006288770 0.5113016973
423.12576 9.396 0.0006426126 0.0851652820
583.15175 9.301 0.0006831945 0.9846283400
317.14938 10.984 0.0007071368 0.1217294020
417.30441 12.205 0.0007071368 -0.3738713992
793.36467 9.087 0.0007494699 0.2535956113
349.08928 10.373 0.0008410544 0.2346022369
281.07666 10.459 0.0008410544 -0.2739915232
177.14837 10.693 0.0008905233 -0.5760082182
432.27996 10.695 0.0008905233 -27.1114338294
284.17015 9.68 0.0008905233 -0.2371502725
305.14947 10.889 0.0008905233 0.1668261714
387.11466 5.628 0.0009228690 0.4309419090
165.06909 3.268 0.0009425950 -0.0620827568
237.08701 10.015 0.0009973891 -0.1011829611
217.05670 5.627 0.0009973891 0.0496135739
344.22801 9.105 0.0010550297 -0.0021134322
277.08920 2.364 0.0011793699 0.0496446099
217.11826 7.86 0.0011793699 0.1996997813
205.06813 0.998 0.0011793699 0.2137940838
276.00379 4.592 0.0011793699 0.1165718013
305.09646 11.916 0.0012355828 -0.1116694675
761.58417 12.508 0.0013167041 0.0000000000
202.01221 0.86 0.0013084775 0.1616982986
356.24314 11.873 0.0013167041 0.0219430066
146.05992 10.774 0.0013167041 -0.1662554584
207.12252 10.344 0.0013906064 0.3229162696
208.09662 10.549 0.0013906064 0.1481115933
206.10229 7.942 0.0013906064 0.7704189263
201.01679 2.458 0.0015508287 0.6307049402
269.08780 10.595 0.0016351219 0.1345633326
165.01160 11.331 0.0016351219 0.2076660117
207.07621 8.806 0.0017247817 0.3079996408
193.09709 3.414 0.0017247817 0.0203780586
412.30566 11.373 0.0018188091 0.1181367277
194.92729 4.977 0.0018325389 0.1799530702
250.17998 6.152 0.0019173874 -0.0510629558
270.08905 11.955 0.0021289617 -0.0993690676
333.11538 10.392 0.0022423560 1.6877640827
237.08688 10.308 0.0022423560 -0.2573447846
232.05761 9.265 0.0022788420 0.3620356796
333.09137 11.511 0.0024045278 -0.1442654007
242.98224 6.978 0.0024854051 0.3757872761
486.24869 9.759 0.0024854051 -0.1189174722
426.21209 8.442 0.0026154990 0.0449208950
186.11234 2.243 0.0026154990 0.3878905039
345.07263 11.048 0.0026745298 0.2197648520
738.44891 12.651 0.0027516103 0.2464447428
297.98553 8.106 0.0027516103 0.2540832137
175.05762 0.989 0.0027516103 0.2739006855
148.06036 0.977 0.0028939765 0.3393315218
363.16229 10.301 0.0028939765 0.2166722466
196.09662 9.84 0.0028939765 0.0844860750
309.18077 10.914 0.0030428424 0.2293395671
216.06872 8.046 0.0033610916 0.0911868994
272.13379 2.368 0.0033610916 0.1123951326
167.08539 12.572 0.0033610916 -0.3043527167
287.10956 8.45 0.0035310032 0.0977670120
414.33618 10.38 0.0035310032 -0.1564341331
416.35181 10.38 0.0035310032 -0.0954688804
146.08105 6.033 0.0038937821 0.0778735614
393.11557 10.785 0.0040872264 0.1812856812
203.00457 1.459 0.0042517307 0.1603559650
247.07118 11.161 0.0042891064 -0.2525758375
340.26912 12.54 0.0044997316 0.0863451013
451.21470 10.875 0.0049485022 0.1413087238
520.33185 10.388 0.0049485022 -0.0144715050
249.10805 2.365 0.0051873118 0.2061965759
157.14146 7.82 0.0051873118 0.0351578265
116.07153 0.909 0.0051837362 -0.3301229350
377.14150 10.798 0.0054361957 26.6596647015
276.14394 5.173 0.0056955093 0.1798620606
185.12834 7.4 0.0056955093 -0.1788866920
465.12645 12.602 0.0059656172 -0.3575922313
319.00836 0.533 0.0062906500 0.0420823593
265.15854 9.744 0.0068444984 -0.1219205363
397.17136 10.833 0.0069179343 0.1311716867
117.06976 7.935 0.0071616245 0.0649137021
191.10249 10.256 0.0074915152 0.1448817283
276.00377 4.139 0.0074915152 0.1015885930
242.98246 7.374 0.0074915152 0.2722231139
264.19561 6.634 0.0074915152 0.0921921817
90.50687 7.619 0.0074915152 -0.0733333670
372.25891 11.165 0.0081912965 0.1606436005
261.14835 12.903 0.0085620668 0.1938017041
756.24129 8.822 0.0089473604 0.0962366723
353.16799 1.006 0.0091390408 0.2259131280
162.83902 11.979 0.0091390408 -0.1594512949
300.20181 8.715 0.0093476435 0.0064160515
170.15375 8.756 0.0093476435 0.0491609723
91.00367 9.096 0.0095639140 0.0380590869
387.28674 11.884 0.0095639140 -0.0758383904
480.15680 12.825 0.0097633928 0.2673771368
308.18542 9.698 0.0101950958 -0.0401910044
307.24774 12.579 0.0101950958 -0.1587341395
219.12255 11.03 0.0101950958 1.1537640810
277.15562 9.231 0.0104653109 0.1089460025
284.17018 9.876 0.0106432508 -0.1699211973
178.09029 4.179 0.0111083674 0.0778876341
221.05066 7.947 0.0111083674 0.1625007892
414.30011 11.739 0.0115909655 -0.1441721256
211.10753 8.605 0.0115909655 0.2007476090
265.11811 10.779 0.0115909655 1.7824905370
515.56788 1.001 0.0115909655 -0.1350495605
569.26508 11.514 0.0114393428 -0.0997282250
322.12982 12.527 0.0120915767 0.2078933598
210.06989 1.178 0.0124907101 -0.2558893070
363.06231 1.036 0.0124907101 -0.2568611821
243.13377 10.443 0.0126107436 0.2375796795
159.05110 3.693 0.0131490195 0.1858417400
239.12775 12.444 0.0131490195 -0.1142327039
342.26364 10.588 0.0131490195 0.1972958275
217.03298 1.411 0.0130469203 0.1165162481
247.08243 10.759 0.0136243210 -0.1054843937
172.20593 8.813 0.0137069695 0.0495334727
338.11688 6.931 0.0137069695 -0.0302286848
264.09794 10.479 0.0142851696 -0.2118113743
108.04423 11.408 0.0142851696 0.1167039909
179.05607 7.974 0.0142235583 0.1495012072
233.10721 6.699 0.0142851696 -0.1223593954
329.08807 11.946 0.0154901931 0.0846179462
255.04659 1.162 0.0155046802 0.3457748494
344.20657 10.379 0.0155046802 0.1494963265
196.14204 0.68 0.0161471992 -0.0338208146
412.19637 8.44 0.0161471992 -0.0732854792
269.08932 8.607 0.0161471992 -0.1487277622
437.21277 12.146 0.0168123850 0.1487149452
233.09932 6.804 0.0175008698 0.0537826415
310.14136 10.22 0.0175008698 -0.0980193034
272.16433 10.137 0.0182132975 0.1128911500
276.19543 8.459 0.0189503225 0.0481801560
250.18018 7.42 0.0189503225 -0.0485684520
111.02003 12.66 0.0189503225 0.0000000000
133.08570 7.047 0.0189503225 0.1974472980
419.14191 9.659 0.0190866752 -0.1464743823
177.10207 3.9 0.0197126108 0.0309194603
191.13902 0.914 0.0213156968 0.0805278412
258.10995 0.974 0.0213156968 -0.2525412103
242.98245 7.562 0.0213156968 0.1568599109
172.13321 4.594 0.0213156968 0.0169286455
195.05086 2.523 0.0215684704 0.0857130952
213.03271 11.009 0.0221578815 0.0656892758
347.84913 2.085 0.0221578815 -0.1106355153
281.24847 0.429 0.0224543020 0.0323107515
113.03078 1.938 0.0230281037 0.3192272950
525.28825 10.405 0.0230281037 -0.0194783784
440.29200 12.712 0.0230281037 0.2530760809
333.14431 9.911 0.0239270840 -0.1338592980
118.08623 0.915 0.0239270840 -0.1111343323
160.13321 5.706 0.0239270840 0.2848630964
205.08168 1.646 0.0239270840 0.0630154173
426.21226 8.517 0.0248555540 0.0435315488
427.09502 6.181 0.0248555540 0.1182105868
151.06264 11.301 0.0248555540 0.1507139040
111.02014 10.424 0.0258142558 0.0327216746
694.92303 12.344 0.0258142558 0.1115538153
508.35937 12.585 0.0258142558 -0.2530575397
324.09111 12.039 0.0263119315 0.1128113810
435.19839 11.83 0.0273590802 0.0845829673
129.05452 7.943 0.0278253746 0.0698592015
222.99521 11.996 0.0288793278 -0.0250380926
111.02004 12.395 0.0288793278 -28.0864557330
508.08591 1.012 0.0288793278 -0.0851947987
328.10279 10.232 0.0288793278 -0.0593217638
241.08692 11.965 0.0295586675 -0.2444885570
793.31830 11.544 0.0299665839 0.0795015887
237.12318 6.91 0.0299665839 -0.0498744526
113.03080 1.937 0.0299665839 0.3178760939
289.06943 3.383 0.0307128681 0.0326483163
258.12554 8.709 0.0310879360 0.0375167459
461.80297 1.263 0.0310879360 -0.1357230553
158.08099 7.879 0.0310879360 0.0852932415
319.20160 9.052 0.0322441867 0.0846962220
269.12445 6.202 0.0322441867 -0.1756236675
349.24438 10.041 0.0322441867 0.0969454071
665.37395 0.645 0.0331345717 0.1970212672
384.12233 6.947 0.0334361479 -0.0443940570
206.10211 8.266 0.0334361479 0.0773670423
272.20084 10.484 0.0346646407 0.0710841271
278.17495 7.936 0.0346646407 -0.0412187773
311.15530 10.615 0.0359304957 0.0409926025
173.09203 1.034 0.0359304957 0.1445812892
242.28430 9.88 0.0359304957 -0.0784687365
286.20099 9.676 0.0372345517 0.1376819093
415.25378 9.765 0.0372345517 -0.0313974172
396.31046 11.517 0.0372345517 0.1061423083
217.04941 1.246 0.0385776563 -0.1243418602
138.05484 4.812 0.0385776563 0.0873455352
379.19346 9.538 0.0399606656 0.0648071253
231.06209 9.352 0.0398929236 0.7693644537
171.02739 2.092 0.0398929236 0.1844547694
79.51944 1.507 0.0413844432 0.0797121943
128.04539 9.945 0.0413844432 0.0510288936
163.09646 8.511 0.0428498609 -0.0023155115
382.34265 11.093 0.0428498609 0.0852241128
316.94798 0.643 0.0444688425 0.0866541843
134.89444 9.219 0.0444688425 0.1528197377
310.21667 9.245 0.0443577976 0.0032404208
307.16514 10.397 0.0459091394 0.1822830174
314.18103 9.232 0.0459091394 -0.1704673309
298.18579 10.238 0.0459091394 -0.1537145933
250.03838 8.012 0.0459091394 0.0659976187
388.25410 9.464 0.0459091394 -0.0106052454
124.00731 0.904 0.0460868352 -0.1603022817
150.12764 10.599 0.0475047792 0.0423006954
379.14916 11.813 0.0475047792 -0.0652335411
487.62840 3.778 0.0477528366 0.1158717189
255.04329 11.107 0.0491456163 0.1389846376
133.10515 1.114 0.0491456163 -0.4180421503
104.10691 0.751 0.0491456163 0.3080966459
263.17526 10.779 0.0491456163 0.2501605602
86.09628 1.047 0.0508325560 -0.2171559573
145.08582 10.901 0.0508325560 0.3474594562
86.09634 1.065 0.0508325560 -0.2208848714
323.14249 11.965 0.0508325560 0.1548666861
340.13251 6.956 0.0508325560 0.0622148087
417.03007 9.815 0.0525665093 -0.0660377660
389.16269 10.288 0.0525665093 0.0311172195
652.35148 0.688 0.0525665093 -0.1249658827
310.11444 1.459 0.0530490307 0.0710448647
310.11444 1.452 0.0530490307 0.0703950122
212.07631 2.342 0.0543483929 0.1816271132
88.11195 0.79 0.0543483929 0.2919535874
258.15462 8.299 0.0561791278 0.0357775310
314.18100 9.212 0.0561791278 -0.1619090575
140.07027 1.006 0.0561791278 0.2515485853
228.07861 8.707 0.0561791278 -0.0841010496
132.10186 1.065 0.0580596397 -0.1838739863
72.08071 0.917 0.0580596397 -0.1212437847
409.06754 1.095 0.0588140712 -0.2198046581
112.98560 0.672 0.0588140712 0.1019634020
195.05092 2.207 0.0588140712 0.1859114891
147.05113 9.687 0.0599908590 0.0739660426
161.09203 4.717 0.0619737187 0.1791505019
105.01920 1.397 0.0629317544 0.0969035156
705.32528 9.119 0.0640091558 0.0470064798
248.96050 0.661 0.0650760397 0.0678536023
199.96928 8.234 0.0650760397 -0.0699213988
137.04578 8.857 0.0660981099 -0.0897033739
140.07022 1.01 0.0660981099 0.2441133968
190.15486 1.3 0.0660981099 -0.1917937649
256.16943 9.741 0.0660981099 0.0910133760
219.07643 9.969 0.0682415226 -0.0658283661
189.08695 10.311 0.0704403375 -0.0966819731
388.25419 9.449 0.0704403375 -0.0048122781
181.07165 0.988 0.0718633394 0.2264769752
690.50885 12.897 0.0726954996 0.0970810368
140.07021 1.019 0.0726954996 0.2396004498
153.06571 9.803 0.0726954996 -0.1391047419
126.10252 0.936 0.0726954996 0.0397010808
549.21370 9.63 0.0742474514 -0.2588441880
348.89496 2.036 0.0742474514 0.0384959380
86.05991 1.918 0.0773786474 -0.1698418762
307.14011 10.363 0.0773786474 -0.0595321967
302.06729 10.869 0.0773786474 -0.0554133440
286.20103 9.535 0.0773786474 0.2032872851
235.07137 9.931 0.0798085248 -0.0928411315
397.11301 1.167 0.0798085248 -0.0870288534
314.18103 9.221 0.0798085248 -0.1645417843
331.95245 4.82 0.0817796721 -0.0797413753
382.58487 0.991 0.0822985309 -0.0590703191
223.98822 12.487 0.0822985309 -0.1353368084
354.93174 12.592 0.0848496091 -0.0922165324
346.00940 8.557 0.0848496091 0.0180409070
231.07733 11.943 0.0871283155 0.0816995800
85.02833 1.167 0.0874627011 0.0832846552
268.15443 8.687 0.0874627011 0.0000000000
175.04773 9.931 0.0874627011 -0.0546402437
103.04006 2.128 0.0871283155 0.1205263442
199.09645 9.587 0.0874627011 -0.0720221816
102.95671 8.75 0.0899039535 -0.0950620565
575.39459 12.631 0.0901387453 -0.0168152487
522.08875 9.141 0.0901387453 0.0870719160
219.19531 12.438 0.0928786775 -0.1014737466
100.07559 1.37 0.0928786775 0.0925903431
238.09924 7.85 0.0928786775 0.0149781791
324.19171 10.394 0.0928786775 0.1298972077
128.04530 10.421 0.0928786775 0.0627935836
548.29046 12.305 0.0956834300 0.1849424499
672.85934 0.671 0.0986487126 0.0836779069
311.00842 7.066 0.0985539299 -0.1000947580
699.36720 0.627 0.0986487126 0.0510097022
243.11284 11.056 0.0985539299 0.0894208990
271.09953 11.391 0.0985539299 0.0311463909
162.07595 3.034 0.0985539299 0.0915895781
89.05965 3.335 0.1014911001 0.0454189582
349.60466 1.028 0.1014911001 0.1038510391
258.11248 9.938 0.1014911001 -0.0115966565
695.42517 12.546 0.1014911001 0.0704344794
180.06532 8.396 0.1044958579 -0.0962448970
138.05490 5.226 0.1044958579 0.0911262587
575.39471 12.566 0.1075691137 -0.0146153005
257.02774 4.803 0.1080420115 26.9319882797
191.08138 10.787 0.1107117716 -0.1450595782
397.15988 10.063 0.1107117716 -0.0939124497
253.11829 6.707 0.1107117716 -0.0426155133
205.06814 1.161 0.1107117716 0.2041669305
584.16293 9.677 0.1139247283 -0.0060247485
705.32525 9.166 0.1139247283 0.0316392494
210.13344 8.407 0.1139247283 0.0485281753
780.21934 9.608 0.1139247283 -0.0368427126
175.11892 1.026 0.1139247283 0.0719629731
228.99405 11.33 0.1146781312 -0.0504384449
180.97290 1.07 0.1146781312 0.1659042405
130.08616 0.963 0.1172088714 0.0723817069
612.88161 0.614 0.1172088714 -0.0628049596
258.15450 8.641 0.1172088714 -0.1932967304
191.08147 10.173 0.1239942260 -0.1323864323
780.21936 9.632 0.1239942260 -0.0455312192
471.19640 11.271 0.1239942260 -0.1663231851
156.07664 1.417 0.1239942260 0.0621051455
233.12847 10.953 0.1239942260 0.0715672390
76.07560 0.762 0.1239942260 0.1907181515
437.93057 3.589 0.1252131459 0.0830214155
237.08673 7.957 0.1274971667 0.0426241208
652.33835 11.955 0.1274971667 0.0500213384
418.16272 8.633 0.1274971667 0.0285678246
582.15784 9.692 0.1274971667 -0.0691698771
247.18027 8.894 0.1274971667 0.1539812584
328.24808 10.663 0.1274971667 0.1806244187
180.05942 1.204 0.1288836025 0.1663714366
487.03583 1.444 0.1288836025 0.0879369559
439.28392 12.663 0.1310747515 0.2320727544
434.15768 9.106 0.1310747515 0.0321989882
102.95673 5.012 0.1326350391 0.1322416741
149.04551 1.551 0.1326350391 0.0847396656
283.10376 10.507 0.1347278178 -0.0093185735
368.27930 10.977 0.1347278178 0.1130515482
447.89196 1.202 0.1347278178 -0.0601163730
169.09472 0.91 0.1384571900 -0.0262699127
120.06550 0.875 0.1384571900 0.0110598118
202.17990 9.685 0.1384571900 -0.0420590797
251.17527 9.996 0.1384571900 0.1128382757
453.18585 12.336 0.1422636800 0.0662376333
524.15241 10.436 0.1422636800 -0.0340930605
449.30468 12.874 0.1422636800 0.1099155853
229.56251 1.002 0.1422636800 -0.0687401920
248.16462 9.682 0.1422636800 -0.0918118644
209.06651 1.5 0.1443844772 -0.1119502888
242.02522 10.323 0.1443844772 0.0679225067
379.17993 11.998 0.1461480863 0.1396640958
117.08494 1.011 0.1461480863 0.0567376127
187.99651 0.829 0.1484690048 0.0691728778
307.11085 12.348 0.1501111921 0.1114600260
445.11963 12.49 0.1501111921 -0.1983132508
258.91731 1.113 0.1526390173 0.0726792283
288.21670 9.624 0.1541537662 -0.1420917427
114.09122 5.331 0.1541537662 0.0299319653
281.02414 3.841 0.1582765617 0.0333719132
143.10651 6.511 0.1582765617 -0.1138450290
178.05854 1.363 0.1582765617 0.1191257755
92.52214 1.525 0.1582765617 0.0555688562
353.14236 11.998 0.1612388792 0.0251930136
264.17474 9.936 0.1624803144 -0.0743881685
197.15340 12.767 0.1624803144 0.0498418269
132.06535 4.662 0.1624803144 0.1606728594
154.06217 1.055 0.1656703706 0.0465707535
441.19742 11.281 0.1656703706 0.0676108261
101.02426 1.2 0.1656703706 0.1169094179
309.18085 10.921 0.1667657435 0.0888020827
126.97144 0.943 0.1667657435 -0.0915666400
473.97051 0.82 0.1701906298 0.0422923950
276.13611 4.661 0.1711335505 -0.0130445188
223.09228 0.991 0.1755844174 -0.1241431115
283.01366 7.055 0.1755844174 -0.0405955375
365.10514 4.803 0.1755844174 0.0672552692
185.11830 12.558 0.1748004258 -0.0649037418
582.15797 10.491 0.1755844174 -0.0779825969
667.32529 0.715 0.1801190075 -0.1154290445
149.04539 1.234 0.1795005048 0.1280622923
361.18300 10.229 0.1801190075 0.2497459109
314.23240 10.038 0.1801190075 -0.1378469753
725.33099 11.1 0.1847379640 0.0966685548
291.20654 9.885 0.1847379640 0.0220390169
330.91568 12.664 0.1847379640 0.0671280716
96.04426 4.377 0.1847379640 0.0613092420
279.18024 10.347 0.1847379640 -0.0050644778
444.99817 11.416 0.1891743809 -0.0143941193
76.03924 0.818 0.1894419088 0.0586243684
698.16820 9.398 0.1894419088 0.0217170208
698.16849 9.637 0.1942314430 -0.0790524869
226.92738 2.457 0.1941495510 0.0454908757
165.01913 9.687 0.1941495510 0.0305298366
164.95691 2.482 0.1941495510 0.0396807104
199.10770 8.742 0.1942314430 0.1577324370
309.11905 9.619 0.1941495510 0.0204706072
191.06606 11.966 0.1942314430 0.0508306472
126.97134 0.92 0.1942314430 -0.0921777513
150.02283 0.922 0.1941495510 0.1740272936
133.06070 0.894 0.1942314430 -0.0590597478
193.03524 2.468 0.1992177487 0.0877239316
476.30655 10.048 0.2040695718 -0.0036901976
257.09930 9.85 0.2040695718 -0.0547801213
184.04007 6.249 0.2040695718 -0.0510689469
176.06577 1.113 0.2040695718 -0.1573322927
415.54919 1.007 0.2091192544 -0.0729209248
612.85868 0.702 0.2096356866 0.0376114008
188.06636 9.702 0.2142567017 0.0737793231
419.04828 1.448 0.2149865866 0.1246353326
158.09236 9.95 0.2142567017 0.0277626397
245.12827 10.024 0.2142567017 0.0519671275
208.06134 11.426 0.2149865866 -0.0459481259
432.14178 9.674 0.2194823965 -0.0249374816
153.06584 9.4 0.2194823965 0.0414739943
279.17010 9.088 0.2194823965 0.0293473111
205.10695 10.206 0.2194823965 -0.1443826734
233.00668 11.007 0.2247967968 0.0305206465
146.06332 5.783 0.2247967968 -1.2763038484
399.49400 1.286 0.2247967968 0.0585897049
249.15572 1.016 0.2247967968 0.0462427176
209.06660 1.251 0.2259749328 -0.0762163860
225.06165 1.205 0.2259749328 0.1393317586
111.02019 7.619 0.2302003345 0.0014730638
102.12759 12.537 0.2302003345 -0.2595707904
71.01366 1.245 0.2316133619 0.1341035157
196.09681 9.124 0.2356934140 0.0737309918
241.10289 0.989 0.2356934140 -0.0941840834
551.22836 9.747 0.2356934140 0.0192756530
249.02274 11.666 0.2373485658 0.0792478572
275.05621 0.754 0.2431809566 -0.0560961106
230.08427 9.943 0.2412764127 0.0240568700
92.04305 1.438 0.2431809566 0.0509271210
635.06921 9.54 0.2412764127 -0.0315700397
458.98352 1.44 0.2431809566 0.0868472989
125.02431 1.208 0.2431809566 0.1176430914
427.21881 10.726 0.2431809566 -0.0438737254
185.03049 9.821 0.2469496804 -0.0347219274
200.23726 9.743 0.2469496804 -0.0120239771
360.96807 11.999 0.2469496804 -0.0171308073
509.38014 12.432 0.2469496804 0.0180320367
296.95007 11.91 0.2491109144 -0.0318027432
88.03921 2.029 0.2527135370 -0.0747639888
719.96772 12.469 0.2527135370 0.0730260523
412.86265 1.253 0.2585682743 -0.1153272958
209.10183 7.667 0.2585682743 0.0259506006
190.92841 8.648 0.2612648813 -0.0262112872
721.86372 0.651 0.2612648813 -0.0627583041
108.94851 0.711 0.2645141540 0.0766956071
193.10697 8.321 0.2645141540 0.0379313342
83.03560 0.578 0.2645141540 0.0276322135
139.53088 1.201 0.2645141540 -0.0228161644
370.07339 6.623 0.2705514066 0.1151767024
127.03890 1.207 0.2705514066 0.0523943111
269.05336 10.389 0.2705514066 -0.1150775570
201.02649 10.16 0.2738128184 -0.0621037414
214.03322 0.96 0.2738128184 0.1249488279
379.97192 3.482 0.2738128184 0.0459911476
239.14878 8.324 0.2766802326 -0.0761988616
189.13456 6.238 0.2766802326 -0.0761638652
180.01162 0.852 0.2766802326 0.0338585498
227.89438 8.954 0.2802351050 -0.0214447193
91.05396 10.004 0.2829008008 0.0307809227
137.04564 10.098 0.2829008008 0.0474444082
187.94177 12.093 0.2867565060 0.0891558909
75.00862 7.446 0.2867565060 0.0347933715
437.23540 10.424 0.2892132472 -0.1298375851
190.92835 1.975 0.2933771514 0.0814817608
310.20133 9.1 0.3021141586 0.0234967674
446.29603 10.761 0.3021141586 0.0490241581
130.05081 0.9 0.3069165013 0.0450776747
146.96129 2.582 0.3087027319 0.0594346245
358.25885 9.566 0.3087027319 -0.0376103451
211.14407 9.009 0.3087027319 0.1637290492
150.05492 9.579 0.3153833994 -0.0314645670
191.06619 1.892 0.3153833994 0.0488280186
203.04026 4.626 0.3153833994 -0.0542877529
78.91870 3.875 0.3138352722 0.0383745435
205.12233 10.874 0.3221561306 -0.0505707518
102.95674 5.952 0.3208534175 0.0359624223
293.09537 12.356 0.3221561306 -0.0061303107
283.16937 12.138 0.3221561306 0.0778919160
101.05956 10.514 0.3221561306 -0.0449015727
325.17107 10.465 0.3221561306 -0.0150771936
725.29382 9.519 0.3279708705 0.1076774842
272.07651 7.249 0.3290208592 -0.0075195601
198.12756 10.512 0.3290208592 0.0052424301
310.99992 9.847 0.3279708705 -0.0429674740
223.14409 9.125 0.3290208592 0.0443489609
502.85944 1.678 0.3279708705 0.0574099931
115.07521 4.193 0.3290208592 0.0754288736
160.93532 9.172 0.3279708705 0.0471258639
318.05966 8.714 0.3359774843 -0.0525076728
229.15463 3.876 0.3359774843 0.0238202388
144.10184 1.135 0.3359774843 -0.2481270359
725.33091 10.798 0.3359774843 0.0259860520
226.12834 4.744 0.3359774843 -0.1214735849
328.24829 9.581 0.3359774843 -0.0121508579
186.07591 5.789 0.3359774843 -0.0868777416
81.52054 0.787 0.3359774843 -0.0070561175
228.12846 0.972 0.3359774843 0.0084798379
167.09123 2.306 0.3430258697 -0.0248758063
102.95662 5.572 0.3425032254 0.0819064097
206.10331 0.816 0.3499177863 -0.1617228412
269.08778 1.414 0.3499177863 0.2049047735
87.00860 1.205 0.3499177863 -0.0152657225
135.02986 1.549 0.3499177863 -0.0521555970
382.14517 12.078 0.3574309724 0.0490832579
131.08142 4.505 0.3573971936 -0.0332857369
90.50677 12.471 0.3573971936 -0.1198625788
526.33502 11.108 0.3574309724 0.0118399079
379.14947 11.1 0.3647196781 -0.0160840345
367.10526 0.978 0.3650425071 -0.1140080223
135.10161 5.036 0.3647196781 0.0141928910
198.04960 1.023 0.3650425071 0.0912864434
367.10513 0.988 0.3650425071 -0.1140322661
783.57184 12.247 0.3647196781 -0.0904299051
80.97482 3.003 0.3650425071 0.0259202142
153.12730 10.118 0.3647196781 -0.0447299581
252.12307 9.556 0.3647196781 0.0075233995
320.20668 12.357 0.3721330133 -0.0341700958
316.04490 10.475 0.3727520714 -0.0041599162
127.05112 0.93 0.3727520714 0.0283422517
205.08172 2.444 0.3721330133 0.0855469328
206.10339 0.808 0.3727520714 -0.1121585452
471.24462 10.798 0.3727520714 0.0132159351
115.03881 4.262 0.3721330133 0.0124331026
564.35886 10.759 0.3721330133 0.0043623068
87.05520 0.896 0.3796368797 -0.0504314954
245.21099 11.725 0.3796368797 0.0373014677
104.03526 0.832 0.3805593031 0.0471320445
437.23557 9.826 0.3949147416 -0.0035159035
295.12886 9.271 0.3949147416 0.0213085065
173.10430 1.503 0.3964651002 -0.0624368066
659.33848 0.69 0.3949147416 0.0273806957
203.01723 1.563 0.3964651002 -0.0403423407
356.24298 12.717 0.3949147416 -0.0018846211
128.03523 4.581 0.3964651002 0.0007600252
152.05663 10.045 0.4026879100 -0.0189808232
175.10759 1.012 0.4026879100 0.0741600673
315.04150 8.971 0.4045627223 -0.0542309123
405.01419 1.275 0.4045627223 0.0340251388
179.08727 9.381 0.4105499560 -0.0284438372
147.11266 1.298 0.4185003708 -0.0141447135
210.13340 6.021 0.4185003708 0.0185483195
421.20414 10.379 0.4185003708 0.1013778821
212.11265 2.743 0.4185003708 -0.0450694906
200.07205 9.032 0.4185003708 0.0270451501
233.07664 7.143 0.4185003708 0.0730568495
349.10883 0.973 0.4185003708 -0.0571715928
183.11264 6.732 0.4265386079 0.0087335150
136.04800 1.494 0.4265386079 0.1036273827
141.01566 3.755 0.4265386079 0.0796257868
190.92842 5.012 0.4294278915 0.1019758075
132.99174 11.311 0.4294278915 -0.0171764188
209.83376 3.865 0.4294278915 0.0192357446
131.07020 9.176 0.4346640829 0.0062956051
398.32649 11.304 0.4346640829 0.1604232007
131.04616 0.888 0.4379049589 -0.0570937597
196.09682 7.784 0.4428761718 -0.0154157110
401.15295 10.707 0.4428761718 -0.0217168671
296.20090 9.244 0.4428761718 0.0066233480
177.08678 6.573 0.4428761718 0.0138502002
307.85583 8.541 0.4464752087 0.0337198942
239.09126 11.735 0.4511742133 -0.0283015440
245.09525 8.796 0.4511742133 0.0779606069
272.94442 0.605 0.4511742133 -0.0039022612
320.13331 1.017 0.4511742133 0.2254626271
168.09294 7.024 0.4511742133 -0.0527738495
785.50444 12.594 0.4511742133 -0.0048722912
518.83193 1.289 0.4551378803 0.0110345529
88.07557 0.874 0.4595575075 0.0007363238
145.12218 6.4 0.4595575075 -0.0319979809
635.06930 10.43 0.4595575075 -0.0268197587
188.93295 2.197 0.4638921674 0.0560548680
364.09756 6.636 0.4638921674 0.0500787092
778.20494 9.657 0.4638921674 -0.0749202286
190.92842 8.022 0.4638921674 0.0438523130
178.08624 9.139 0.4680253156 -0.0804395533
144.06544 5.699 0.4680253156 -0.0450013825
147.07643 0.914 0.4680253156 0.0416681614
567.39009 0.618 0.4680253156 0.0305995497
105.03673 2.076 0.4680253156 0.0931115793
215.17541 7.058 0.4680253156 0.0029356286
267.84787 4.643 0.4727372200 -0.0269006362
152.03747 0.922 0.4765768609 0.0187756896
117.09095 7.027 0.4765768609 -0.0045896070
313.01459 8.756 0.4765768609 -0.0262915728
231.17020 3.973 0.4765768609 -0.0267889491
119.07014 6.478 0.4765768609 -0.0823998561
269.13839 11.789 0.4852113286 0.0058180604
553.88232 12.299 0.4852113286 0.0397358300
386.29016 12.02 0.4852113286 0.0063959048
557.34613 12.217 0.4852113286 0.0079797634
132.07667 1.015 0.4852113286 -0.0619916245
156.96584 6.254 0.4852113286 0.0047889152
180.13815 10.712 0.4852113286 -0.0570291203
89.05968 2.623 0.5027255791 -0.0050821536
256.93816 2.426 0.4939278650 0.0094304301
255.82195 4.296 0.4998078005 0.0286819445
131.08252 0.985 0.4906959981 -0.0131559957
336.85849 10.106 0.4998078005 0.0064640871
279.13399 9.833 0.5027255791 -0.0556349227
315.04161 9.833 0.4906959981 -0.0494032346
175.09635 5.995 0.4939278650 0.0114642405
231.08377 4.726 0.4939278650 -0.0426046467
210.05015 7.025 0.5027255791 0.0269465181
303.22939 0.639 0.5027255791 -0.0502206033
146.11750 0.877 0.4939278650 -0.0456522392
264.07714 0.994 0.4906959981 0.0276958963
183.07790 9.596 0.5027255791 -0.0634244013
132.03019 2.166 0.4998078005 -0.0528214356
281.15950 9.565 0.4939278650 -0.0071153001
210.05010 7.041 0.5027255791 0.0267547000
130.06211 1.029 0.4998078005 0.1083787064
162.07700 0.889 0.4998078005 -0.0685132926
220.11785 6.676 0.5027255791 -0.0929310344
182.98610 9.194 0.4998078005 -0.0051278581
247.03088 1.446 0.4906959981 0.0735826145
422.92822 10.675 0.5116035421 0.0027635207
372.25923 10.504 0.5116035421 0.0099679702
189.14840 10.117 0.5116035421 -0.0827381869
88.07559 0.78 0.5205607866 0.0046860738
434.87184 1.655 0.5182910938 0.0780708036
317.05572 7.921 0.5205607866 0.0034002866
141.06581 4.488 0.5205607866 -0.0156633631
266.08820 1.001 0.5182910938 0.0096976526
303.91345 1.715 0.5182910938 0.0786114505
160.07973 4.375 0.5205607866 -0.0119025881
217.06176 9.907 0.5182910938 -0.0379792059
96.96958 2.479 0.5276603975 -0.0068787173
81.52049 1.948 0.5295963087 -0.0894741448
230.98854 11.635 0.5387090673 -0.0032669158
345.07272 11.44 0.5371132759 0.0697302762
146.08114 0.943 0.5387090673 -0.0227827995
114.06612 1.012 0.5387090673 0.0021986329
149.08072 5.991 0.5387090673 0.0218918999
689.95621 12.574 0.5387090673 -0.0115935162
375.16199 11.717 0.5387090673 0.0167545683
150.05495 10.804 0.5387090673 -0.0366816015
204.15923 8.684 0.5478979834 0.0065686885
199.10043 1.206 0.5478979834 -0.0157645118
449.11725 0.993 0.5478979834 0.0136586269
334.12581 1.044 0.5562649056 0.0313520407
244.15546 11.136 0.5562649056 -0.0073863707
241.03105 1.001 0.5571619423 0.0468284936
463.48311 1.347 0.5571619423 0.0245934531
582.15788 10.23 0.5571619423 -0.0091495789
302.23231 9.527 0.5571619423 -0.0290128900
480.85041 0.749 0.5571619423 0.0179646280
93.07378 0.817 0.5571619423 0.0111469583
145.04935 0.994 0.5571619423 0.0598465100
145.04945 1.0 0.5571619423 0.0598465100
230.24769 11.321 0.5571619423 -0.0097707940
396.03459 4.792 0.5664997929 0.0068351205
159.07629 1.01 0.5664997929 -0.0599268058
304.15421 10.089 0.5664997929 -0.0041440990
199.06892 9.647 0.5664997929 -0.0090712548
166.08610 7.964 0.5664997929 0.0532660149
199.06869 9.063 0.5664997929 -0.0059507895
267.17197 12.682 0.5664997929 0.0618354631
169.97727 2.61 0.5664997929 -0.0139066744
311.12905 0.991 0.5757358603 -0.0490440757
185.00655 4.81 0.5757358603 -0.0747522293
390.87042 6.254 0.5757358603 -0.0715800830
131.54204 0.971 0.5759103477 0.0176608424
115.03993 0.99 0.5757358603 0.0461619483
635.06932 10.199 0.5759103477 -0.0164313444
188.16425 9.634 0.5759103477 0.0000490123
226.95144 0.643 0.5759103477 0.0426808649
165.11209 5.944 0.5853923839 -0.0608534884
190.92831 11.975 0.5855877374 0.0850973683
190.92841 8.49 0.5855877374 0.0221400698
270.19113 8.84 0.5853923839 0.0156325459
97.02825 1.049 0.5853923839 0.0910943212
145.09707 0.931 0.5853923839 0.0855991680
438.97194 1.517 0.5855877374 -0.0607593190
147.11269 2.171 0.5853923839 0.0735946434
371.12243 11.684 0.5853923839 0.0205699688
203.04007 4.18 0.5949446442 -0.0511459591
275.03886 11.955 0.5949446442 -0.0023036866
166.94304 3.234 0.5949446442 0.0048752087
272.17023 7.569 0.5949446442 -0.0030994843
118.04970 3.758 0.5949446442 0.0408464233
256.10980 7.843 0.5949446442 0.0080483583
161.04539 1.564 0.5955153473 -0.0254893844
257.09938 9.828 0.5949446442 -0.0179350107
236.22177 12.503 0.6045658353 0.0327152271
231.93157 9.376 0.6055172385 -0.0296661654
90.52582 0.761 0.6045658353 -0.0027049267
271.18060 10.852 0.6045658353 -0.0352889757
493.13580 8.792 0.6045658353 -0.0018339121
487.30560 11.514 0.6055172385 -0.0297842876
231.93170 11.761 0.6055172385 0.0427811606
262.18017 8.577 0.6045658353 -0.0111243346
294.14084 3.52 0.6142546308 -0.0352162274
120.08070 7.05 0.6142546308 0.0081957614
99.04488 1.009 0.6155919205 -0.1070643968
113.09592 6.146 0.6142546308 -0.1625477753
191.98266 0.935 0.6142546308 0.1046140184
85.07597 9.659 0.6142546308 0.0467159558
87.04396 1.983 0.6142546308 -0.0021485070
177.10193 10.234 0.6142546308 0.0149159591
388.87366 2.809 0.6155919205 0.0183272977
200.10289 1.337 0.6240096705 0.0993001782
220.14418 9.691 0.6240096705 -0.0020511326
261.12341 10.988 0.6240096705 0.0218565188
157.01166 1.778 0.6257378637 0.0136590884
174.08828 0.997 0.6257378637 -0.0374398627
225.07557 11.622 0.6338295603 0.0126867010
780.21894 9.092 0.6338295603 0.0031289533
171.09920 7.29 0.6338295603 -0.0001654440
240.11491 9.07 0.6338295603 -0.0553771155
298.05252 1.172 0.6338295603 -0.0593070034
183.09899 6.515 0.6338295603 -0.0450400917
377.91455 5.802 0.6359534989 -0.0428447142
437.29077 11.98 0.6359534989 0.0142662717
173.92616 11.435 0.6462372204 0.0644704514
401.24885 9.151 0.6437128741 0.0290949057
232.93500 9.648 0.6462372204 0.0276417445
143.03486 0.991 0.6462372204 -0.0252935826
143.03485 0.992 0.6462372204 -0.0252935826
132.99174 11.641 0.6462372204 -0.0106786079
612.36945 9.954 0.6437128741 0.0043368279
143.03486 0.991 0.6462372204 -0.0252935826
277.11832 10.94 0.6437128741 -0.0099979456
133.09701 9.684 0.6536581540 -0.0017647767
327.93213 5.808 0.6565873850 -0.0213432116
189.12341 0.99 0.6536581540 0.0477226896
315.04139 9.462 0.6565873850 -0.0132980729
197.06686 8.384 0.6536581540 -0.0030543061
146.93845 2.351 0.6565873850 0.0671192837
245.07683 8.42 0.6536581540 -0.0070873094
116.92850 11.957 0.6565873850 0.1148452620
97.02831 0.999 0.6536581540 0.1538904510
180.08653 1.783 0.6636639097 -0.0510923206
176.12802 0.894 0.6636639097 -0.1340983999
352.16861 12.568 0.6636639097 0.0335683293
200.07224 9.616 0.6636639097 0.0057577378
306.08103 11.419 0.6636639097 0.0159833543
261.14441 5.814 0.6636639097 0.0119977916
95.01369 0.988 0.6670023124 -0.0332530639
487.28036 11.49 0.6737286210 -0.0313511610
370.07357 5.901 0.6737286210 -0.0242838943
162.07594 1.02 0.6737286210 -0.0139743213
410.56647 0.991 0.6737286210 -0.0496855651
314.34186 10.586 0.6737286210 0.0122340436
130.08608 3.859 0.6737286210 -0.0082163031
421.16730 12.055 0.6737286210 -0.0117026092
353.26603 0.658 0.6737286210 -0.0214697568
420.92733 9.22 0.6774802877 -0.0257349559
131.03477 0.991 0.6774802877 0.0134083677
125.87298 8.404 0.6774802877 0.0396034617
209.94902 5.841 0.6774802877 0.0789954345
197.12923 6.244 0.6838507375 0.0100469861
88.07560 1.067 0.6838507375 0.0087639984
193.09712 6.272 0.6838507375 0.0039157515
203.05259 1.204 0.6838507375 -0.0419619030
116.07055 0.913 0.6838507375 -0.0393374626
247.14414 10.417 0.6838507375 -0.2378967738
180.06885 1.005 0.6838507375 0.1609433158
105.05448 1.968 0.6838507375 -0.2634340187
180.10164 9.656 0.6940286787 0.0048823134
107.04896 8.69 0.6940286787 0.0048173824
91.50454 9.41 0.6940286787 -0.0102737789
312.21699 8.835 0.6940286787 0.0196982265
195.11263 6.089 0.6940286787 0.0146015041
229.56254 1.202 0.6940286787 -0.0027761743
110.54134 1.31 0.6940286787 -0.0180611688
297.98584 10.886 0.6940286787 -0.0002644516
158.04011 0.897 0.7042608358 -0.1000378380
332.24300 9.924 0.7042608358 -0.0345649353
197.12844 8.684 0.7042608358 0.0625810762
209.83377 4.275 0.6986183478 0.0102218585
223.96317 2.425 0.7042608358 0.0138353715
432.04721 8.318 0.7042608358 0.2576865979
608.38342 11.87 0.7042608358 0.0469646930
430.36731 0.756 0.7042608358 0.0077000203
185.09192 7.552 0.7042608358 0.0133006338
310.17598 10.833 0.7042608358 -0.0871499972
208.10014 4.098 0.7042608358 -0.0065081892
569.31421 11.238 0.7042608358 0.0486700320
269.08792 0.988 0.7092748312 -0.0470461327
168.07780 1.032 0.7092748312 0.0646214321
173.09307 1.007 0.7092748312 0.0101957205
145.06186 0.91 0.7092748312 0.0372276083
440.02592 5.068 0.7092748312 -0.0198700110
204.12289 1.12 0.7145455725 0.0059934156
145.07600 11.109 0.7248812241 0.0353565722
259.18052 10.234 0.7248812241 -0.9588058688
299.01967 4.218 0.7248812241 -0.0027979243
250.17998 7.782 0.7248812241 -0.0256123474
101.07077 0.99 0.7248812241 -0.0376735721
303.20673 9.547 0.7248812241 0.0003887532
325.20100 11.795 0.7248812241 -0.0004263123
177.11198 6.256 0.7145455725 0.0262249808
209.13823 7.93 0.7248812241 -0.0073966002
101.02432 0.988 0.7199871622 -0.0396285794
459.28007 10.076 0.7145455725 -0.0107418109
272.95899 0.639 0.7199871622 -0.0220817547
163.06002 1.001 0.7248812241 0.0487408948
317.18723 11.592 0.7199871622 0.0209424001
209.09206 9.067 0.7248812241 0.0147410088
331.17529 11.712 0.7248812241 -0.0259558259
168.12286 3.898 0.7248812241 0.0147222706
145.07600 10.718 0.7248812241 0.0479339610
146.96100 1.206 0.7307534597 0.0243480687
311.00018 10.361 0.7307534597 -0.0047023710
88.04027 1.037 0.7307534597 0.1325114988
215.86845 7.975 0.7307534597 0.0392071415
231.93167 11.489 0.7307534597 0.0325678175
161.96956 5.914 0.7352661002 0.0052376375
106.04982 0.84 0.7352661002 0.0680883385
221.05068 9.929 0.7352661002 0.0105561831
187.87337 8.733 0.7415718132 0.0044023124
243.75525 3.939 0.7415718132 0.0230477351
225.04926 4.79 0.7415718132 0.0088720356
190.92833 2.326 0.7415718132 0.0377622227
91.05396 9.695 0.7456984849 -0.0056872282
318.22760 10.422 0.7456984849 0.0029680860
235.96117 3.8 0.7456984849 0.0348757978
118.06085 1.015 0.7456984849 -0.0178192961
136.04808 1.003 0.7561766367 0.0487883691
102.01944 2.648 0.7524402828 0.0267230278
406.07755 8.931 0.7561766367 0.0442438564
356.27935 11.065 0.7561766367 -0.0687408421
165.07559 2.494 0.7561766367 0.0202634497
311.00024 10.987 0.7524402828 -0.0178674209
269.02976 10.317 0.7561766367 0.0041635394
182.98867 11.912 0.7633568994 0.0469103189
439.68412 3.58 0.7633568994 0.0079685114
102.95673 6.96 0.7633568994 0.0292460553
146.96114 0.743 0.7633568994 0.0046326807
416.37491 11.688 0.7633568994 -0.0245759960
207.01410 0.908 0.7666987906 0.0884310620
276.11887 5.255 0.7666987906 0.0149928631
297.04541 6.041 0.7743196677 0.0399547768
214.08938 9.197 0.7772631588 0.0148851279
179.09099 9.09 0.7772631588 -0.0224277222
90.52578 1.842 0.7772631588 -0.0302895166
477.00025 10.29 0.7878679301 -0.0076763541
165.04176 12.772 0.7853265661 -0.0183479901
642.31799 0.711 0.7878679301 0.0163769112
236.58849 1.017 0.7878679301 0.0283810843
396.45639 11.969 0.7878679301 -0.0379357787
187.04184 1.45 0.7853265661 0.0544470698
551.22772 8.55 0.7878679301 0.0351690999
316.04492 9.022 0.7963755468 0.0186886207
161.12841 1.01 0.7985112732 -0.0084857982
209.83365 4.953 0.8074645392 0.0318333882
190.92843 10.84 0.8297541616 0.0398779001
187.87340 8.427 0.8297541616 0.0184590915
466.81659 1.86 0.8297541616 0.0088389589
255.82207 3.971 0.8074645392 0.0152077637
237.89749 2.487 0.8297541616 0.0086453348
315.04155 8.621 0.8074645392 -0.0320242928
244.07913 1.192 0.8306541133 -0.0057609146
188.94906 1.465 0.8297541616 -0.0185016793
219.96644 7.563 0.8306541133 -0.0828940106
321.13092 8.71 0.8199062459 -0.0184890428
178.08377 9.047 0.8306541133 -0.0053808196
632.05529 1.0 0.8091913358 0.0627564373
166.05314 0.939 0.8091913358 -0.0231791474
408.08248 9.042 0.8199062459 0.0147103173
326.70016 9.515 0.8199062459 -0.0108010532
73.07600 9.618 0.8306541133 -0.0378966651
131.08129 8.998 0.8199062459 0.0544064937
240.15945 8.688 0.8199062459 -0.0682752863
418.95567 10.374 0.8306541133 -0.0184345808
332.19155 8.904 0.8199062459 0.0250320735
286.17993 9.975 0.8199062459 0.0208288005
189.12329 3.624 0.8306541133 0.0067464343
480.15680 12.579 0.8306541133 0.0215547320
179.08471 6.26 0.8306541133 -0.0156751357
180.08652 1.003 0.8306541133 0.0314448282
315.04162 10.418 0.8185914495 -0.0094330740
241.15468 4.688 0.8306541133 -0.0506173271
90.05492 0.83 0.8306541133 0.0355680153
181.06275 0.995 0.8297541616 0.0110207405
85.02931 0.991 0.8297541616 0.0168492911
113.02429 0.991 0.8185914495 -0.0149666092
182.10223 1.084 0.8199062459 0.0284316331
146.93846 9.294 0.8074645392 -0.0393900611
129.06566 9.317 0.8199062459 -0.0130125882
223.11742 8.987 0.8199062459 0.0001807090
232.15429 4.856 0.8306541133 0.0571895966
100.07559 2.81 0.8414330304 -0.1440894875
171.14906 0.951 0.8414330304 -0.0060189237
317.05597 8.648 0.8414330304 -0.0363901158
89.02439 1.449 0.8409505394 -0.0023001796
711.06927 2.468 0.8414330304 -0.1182829044
88.98779 8.834 0.8409505394 0.0000000000
200.54568 1.004 0.8522410723 0.0534304886
85.02830 0.999 0.8522410723 0.0036289095
99.09158 0.871 0.8522410723 0.0047661308
204.05581 1.036 0.8522410723 0.0386629387
246.97734 4.126 0.8522410723 -0.0170403806
360.99793 9.63 0.8521784277 0.0036314706
187.07130 10.882 0.8522410723 -0.0130301616
522.20241 6.584 0.8630762992 -0.0307981804
726.82403 0.698 0.8630762992 0.0302369682
261.94159 4.797 0.8634356520 -0.0580325221
385.90170 1.566 0.8630762992 -0.0062381586
426.35752 12.401 0.8630762992 -0.2179992255
133.08579 6.236 0.8630762992 0.0288827612
197.80798 4.227 0.8634356520 -0.0656560752
73.06475 7.028 0.8630762992 0.0011448871
383.24276 12.069 0.8630762992 -0.0083298977
177.08682 8.887 0.8630762992 -0.0391594340
418.95567 10.153 0.8630762992 -0.0050466529
130.04974 4.011 0.8630762992 -0.0047983136
129.93629 10.623 0.8747200220 0.0271330403
204.01919 9.981 0.8739367569 -0.0016878836
83.53570 0.571 0.8739367569 0.0087276056
374.59629 1.031 0.8739367569 0.0998397282
190.11859 1.167 0.8848204766 0.0024958869
151.09639 3.899 0.8848204766 0.0083604343
246.16996 5.941 0.8848204766 -0.0110194314
507.57935 0.991 0.8848204766 0.0521569990
294.20602 6.275 0.8848204766 -0.0004577219
258.91571 10.016 0.8860293315 0.0029947481
583.16022 8.649 0.8848204766 0.0140199563
229.91606 11.99 0.8860293315 0.0623822430
127.03885 1.001 0.8848204766 -0.0313917681
147.07632 5.289 0.8848204766 0.0074519722
582.15729 9.277 0.8957254781 -0.0014808811
279.01201 9.316 0.8957254781 0.0082142587
168.12290 3.516 0.8957254781 0.0129003438
178.09031 10.06 0.8957254781 -0.0315184175
198.09718 1.002 0.8957254781 -0.0118964869
336.85871 2.805 0.8973613592 -0.0173317711
348.98978 11.448 0.8957254781 -0.0111074563
174.95605 1.643 0.8973613592 0.0248732863
308.20098 9.244 0.8957254781 0.0091781881
707.35472 0.668 0.8973613592 -0.0109764796
504.99519 10.333 0.8957254781 0.0381808813
489.16273 12.42 0.8957254781 0.0196157008
783.81581 0.699 0.9066497695 0.0260369191
279.13378 10.427 0.9066497695 0.0173901621
663.43469 12.755 0.9066497695 0.0743362829
530.20775 7.351 0.9066497695 -0.0046595867
189.15960 1.36 0.9066497695 -0.0068899383
203.05260 0.997 0.9066497695 0.0163537595
632.05540 0.993 0.9066497695 0.0244093280
111.02000 9.054 0.9066497695 0.0149804360
203.05251 1.003 0.9066497695 0.0163537595
311.00019 10.587 0.9087138712 -0.0148649864
107.07014 1.305 0.9175913479 0.0113284596
204.12297 0.92 0.9175913479 0.0086354533
227.17524 7.949 0.9175913479 -0.0103048133
83.03866 0.637 0.9175913479 0.0043739726
416.28513 11.536 0.9175913479 -0.0012007102
635.06859 9.138 0.9175913479 0.0093003632
161.04543 0.992 0.9200846219 0.0022714267
211.08237 1.037 0.9200846219 0.0243681983
207.14903 10.244 0.9285482018 -0.0009781352
189.95895 3.192 0.9285482018 0.0025843700
101.07896 2.801 0.9285482018 -0.0718256976
129.06569 0.987 0.9285482018 -0.0082064250
317.05589 8.206 0.9285482018 -0.0131238030
379.28156 0.626 0.9285482018 -0.0011947709
366.11176 6.382 0.9285482018 -0.0436868947
409.08652 10.494 0.9285482018 -0.0000788161
134.04472 2.01 0.9285482018 0.0387092443
228.99393 11.618 0.9314713543 0.0146141241
384.11905 1.015 0.9395183114 0.0825852824
454.24306 9.525 0.9395183114 -0.0044215134
119.08140 9.653 0.9395183114 0.0156188144
421.20432 9.899 0.9395183114 -0.0375822316
199.03354 0.882 0.9428718029 -0.0377239312
173.92615 11.13 0.9428718029 0.0769916412
149.11722 7.029 0.9504996490 0.0110485416
322.94348 10.845 0.9542836940 -0.0246231800
195.99212 3.004 0.9542836940 -0.0178880493
179.05488 1.986 0.9614901818 -0.0117804479
102.05483 8.933 0.9614901818 -0.0337099633
189.04672 0.935 0.9614901818 -0.0380190346
181.05831 4.499 0.9614901818 0.0552169922
290.26883 12.224 0.9614901818 0.0569551560
104.07053 0.875 0.9614901818 -0.0980958454
227.03508 9.688 0.9614901818 0.0099323738
376.21774 9.262 0.9724878718 0.0016252574
201.98379 6.282 0.9834906763 0.0083590399
201.03806 1.449 0.9771326756 0.0325636460
128.95069 2.586 0.9724878718 0.0155261593
225.93234 3.726 0.9724878718 0.0183509897
160.13313 0.929 0.9834906763 -0.0431751198
110.54142 0.75 0.9724878718 0.0130138756
255.82197 4.751 0.9771326756 -0.0632617370
157.06169 4.523 0.9771326756 0.0373031883
119.03487 0.991 0.9771326756 -0.0199370124
176.10292 0.994 0.9724878718 -0.0192065044
305.06317 10.048 0.9724878718 0.0064257515
179.09351 9.273 0.9834906763 -0.0203480841
504.99520 10.63 0.9834906763 0.0165852337
102.95672 6.736 0.9771326756 -0.0306295640
159.07624 9.146 0.9834906763 -0.0251335593
71.06032 9.925 0.9834906763 -0.0444459702
195.12266 6.237 0.9834906763 0.0156833150
308.20093 9.228 0.9724878718 -0.0016798913
297.98564 9.851 0.9724878718 -0.0094053812
188.94916 1.43 0.9657047468 -0.0186188356
98.98413 2.329 0.9724878718 -0.0125354614
261.09446 1.214 0.9834906763 -0.0029552095
245.21100 12.02 0.9724878718 -0.0226638128
239.01650 0.999 0.9885651910 0.0392179707
239.01644 1.016 0.9885651910 0.0382154555
233.87537 2.909 0.9944965508 -0.0158152629
217.04958 0.799 0.9944965508 -0.0664653894
159.07617 9.025 0.9944965508 -0.0131561484
447.08203 1.032 0.9944965508 -0.0058174069
182.08107 8.577 0.9944965508 -0.0040094598
261.21717 11.699 0.9944965508 0.0124491063
360.23904 9.879 1.0000000000 0.0262301290
190.92839 9.84 1.0000000000 0.0102458913
321.89743 5.763 1.0000000000 -0.0398686904
