"m.z" "r.t" "p.value" "t.score"
202.01221 0.86 0.0001220703 0.2804623248
506.20748 7.308 0.0001220703 0.0000000000
172.09669 9.97 0.0001220703 0.9539900173
287.07730 9.604 0.0000610352 0.2262184663
490.28535 11.201 0.0000610352 0.0000000000
572.35541 12.497 0.0001220703 1.4438265706
245.16055 5.096 0.0001220703 -0.0919876828
480.15680 12.825 0.0001220703 0.0000000000
330.91568 12.664 0.0001220703 0.1132413570
690.50885 12.897 0.0001220703 0.3774721188
451.21470 10.875 0.0001220703 0.2336221490
377.14150 10.798 0.0001220703 0.0000000000
139.03992 10.477 0.0000610352 0.2348795006
232.05761 9.265 0.0000610352 0.0197026990
172.07175 9.946 0.0000610352 0.0226298824
393.11557 10.785 0.0001220703 0.2528810285
548.29046 12.305 0.0001220703 0.6440654577
253.09279 5.964 0.0000610352 28.4907055950
276.10116 7.893 0.0001831055 2.7594296075
489.16273 12.42 0.0001831055 0.1850582396
207.07621 8.806 0.0001831055 0.0000000000
335.22869 10.076 0.0001831055 5.6855765786
207.12252 10.344 0.0001831055 2.4489601661
349.08928 10.373 0.0003051758 0.2908199116
172.09674 10.106 0.0003051758 3.0214734223
294.14084 3.52 0.0003051758 -0.2090969910
343.12322 5.46 0.0003051758 2.1371645120
464.08922 11.123 0.0003051758 -0.2629075841
229.05791 5.313 0.0003051758 0.2504732471
245.12827 10.024 0.0003051758 0.0753826612
348.10080 8.211 0.0003051758 -2.0682834799
174.08828 0.997 0.0003051758 0.3090957181
191.99763 10.928 0.0003051758 1.3337998755
289.22728 9.974 0.0003051758 0.9236891875
256.16943 9.741 0.0003051758 0.1951078111
158.11745 10.092 0.0004272461 1.7657572674
295.07913 5.605 0.0004272461 0.1344081440
263.12129 11.682 0.0004272461 2.4455806072
371.17238 10.818 0.0004272461 0.3818758327
174.14874 8.541 0.0004272461 0.0000000000
219.13381 10.095 0.0004272461 27.9261977353
333.11538 10.392 0.0004272461 0.0000000000
324.99643 2.073 0.0006103516 0.7817612123
261.18080 11.062 0.0006103516 26.6611714083
187.08647 12.053 0.0006103516 0.1589686988
111.02000 9.054 0.0006103516 0.2049709220
230.98854 11.635 0.0006103516 0.1475656809
264.12424 11.817 0.0006103516 1.1844859877
328.16675 10.866 0.0006103516 0.1342595252
176.12800 11.055 0.0006103516 3.3338000090
251.17527 9.996 0.0006103516 0.1320433530
128.04539 9.945 0.0006103516 0.0317060651
349.24438 10.041 0.0008544922 0.1106665827
437.21277 12.146 0.0008544922 0.2135220977
604.13812 8.48 0.0008544922 28.3153957892
309.12663 11.904 0.0008544922 0.2089332966
407.18846 10.548 0.0008544922 1.1107724776
307.11092 12.054 0.0008544922 -0.4192460570
220.98079 11.494 0.0008544922 -0.0354558724
247.14414 10.417 0.0008544922 -0.4596062842
449.30468 12.874 0.0008544922 0.5570272983
255.13494 9.538 0.0008544922 0.8646572464
264.19561 6.634 0.0008544922 0.0000000000
432.04721 8.318 0.0011596680 0.3542795720
297.09353 5.148 0.0011596680 0.4533935799
261.14835 12.903 0.0011596680 0.0000000000
279.11602 12.082 0.0011596680 0.2134357889
160.13313 0.929 0.0011596680 -0.3365423269
365.10535 5.437 0.0011596680 0.9847432127
207.14907 8.611 0.0011596680 0.2724702161
288.00378 4.675 0.0011596680 28.8178756060
440.22751 8.348 0.0015258789 0.9184495734
255.09499 7.907 0.0015258789 0.2262487946
384.12233 6.947 0.0015258789 -0.0353566947
159.05110 3.693 0.0015258789 0.4942756627
253.05434 6.017 0.0015258789 0.5117028538
296.95007 11.91 0.0015258789 -0.3102302084
259.18052 10.234 0.0020141602 -1.1978754731
119.52785 7.619 0.0020141602 -0.2545283417
118.05098 0.862 0.0020141602 0.4444373128
326.23230 10.263 0.0020141602 -2.1771017934
266.06696 10.05 0.0020141602 0.0000000000
80.97482 3.003 0.0020141602 0.0763343718
309.11905 9.619 0.0020141602 0.1163739640
269.12445 6.202 0.0026245117 -0.2850916645
335.19002 11.609 0.0026245117 0.3137708112
111.08028 10.089 0.0026245117 0.3381781254
213.12320 2.188 0.0026245117 0.4774761798
346.08652 8.44 0.0026245117 -0.6840578678
691.06024 9.046 0.0026245117 0.2179116491
209.06651 1.5 0.0026245117 -0.3167491360
389.16269 10.288 0.0033569336 0.2101706983
272.13379 2.368 0.0033569336 0.2605353181
640.16250 9.308 0.0033569336 0.2815979242
147.05113 9.687 0.0033569336 0.1127123271
260.16772 11.756 0.0033569336 -0.2276045671
191.06606 11.966 0.0033569336 0.1448948075
307.11093 11.428 0.0033569336 0.1277516893
257.11322 8.472 0.0033569336 0.0250645800
167.08539 12.572 0.0033569336 -1.0133876448
132.07667 1.015 0.0042724609 0.3054807923
363.16229 10.301 0.0042724609 0.2887994750
233.09932 6.804 0.0042724609 24.7051166757
230.08427 9.943 0.0042724609 0.0572207458
235.12873 7.948 0.0042724609 0.2961323590
338.11688 6.931 0.0042724609 -0.0243947442
305.22233 11.03 0.0042724609 0.2928369079
340.26912 12.54 0.0053710938 0.2554311331
147.11269 2.171 0.0053710938 0.2335609816
509.38014 12.432 0.0053710938 0.0641865551
150.05495 10.804 0.0053710938 0.1403949799
435.19839 11.83 0.0053710938 0.1040028225
323.19003 11.58 0.0067138672 0.1927105450
617.28564 8.799 0.0067138672 0.1749166367
416.35181 10.38 0.0067138672 -0.1160939051
189.13456 6.238 0.0067138672 0.3231130726
214.03322 0.96 0.0067138672 0.8066648464
208.06134 11.426 0.0067138672 -0.0491894106
91.05396 10.004 0.0067138672 0.0262493968
286.20103 9.535 0.0067138672 0.0000000000
174.04068 9.047 0.0067138672 0.3483505531
471.24462 10.798 0.0067138672 0.1074649022
323.14249 11.965 0.0083618164 0.1489985227
291.20673 10.714 0.0083618164 0.3838112862
153.06584 9.4 0.0083618164 0.0650735630
269.08780 10.595 0.0083618164 0.1152450990
241.15468 4.688 0.0083618164 -0.0920850257
158.09236 9.95 0.0083618164 0.0433524505
145.07600 10.718 0.0083618164 0.1065587591
237.08673 7.957 0.0083618164 0.0567016001
286.20099 9.676 0.0083618164 0.0000000000
145.07600 11.109 0.0083618164 0.1048995538
250.03838 8.012 0.0083618164 0.0818881217
276.14394 5.173 0.0102539062 0.2713404065
269.13839 11.789 0.0102539062 0.0111627888
160.84199 11.608 0.0102539062 0.1538396243
120.06550 0.875 0.0102539062 0.4163159321
695.42517 12.546 0.0102539062 0.3039906486
209.83377 4.275 0.0102539062 0.1367406135
279.11598 10.313 0.0102539062 -0.0984962021
88.11195 0.79 0.0102539062 0.6394540833
198.04960 1.023 0.0102539062 0.3111971523
289.06943 3.383 0.0102539062 0.0438597438
168.07661 2.356 0.0124511719 27.2809429891
212.11807 9.798 0.0124511719 0.8175054267
241.08692 11.965 0.0124511719 -25.5507588579
414.33618 10.38 0.0124511719 -0.2776018959
439.28392 12.663 0.0124511719 0.0000000000
175.11892 1.026 0.0124511719 0.1567323115
132.06535 4.662 0.0124511719 0.3006400198
131.04616 0.888 0.0124511719 0.2395620140
333.09137 11.511 0.0124511719 -0.1587398984
209.83365 4.953 0.0124511719 0.1076515713
272.16433 10.137 0.0124511719 0.2663320456
87.05520 0.896 0.0124511719 0.3733941980
131.08252 0.985 0.0124511719 0.2937908883
116.92850 12.983 0.0150756836 30.0361602252
282.11969 8.251 0.0150756836 0.0100483010
130.06211 1.029 0.0150756836 0.3819611935
450.01277 1.949 0.0150756836 0.5043508735
156.96584 6.254 0.0150756836 0.0622489848
305.09646 11.916 0.0150756836 -0.1086463916
386.29016 12.02 0.0150756836 0.0132790891
133.06070 0.894 0.0150756836 0.3545722416
147.11266 1.298 0.0150756836 0.2536197691
172.13321 4.594 0.0150756836 0.6431869135
188.06636 9.702 0.0150756836 0.0569079515
377.91489 4.919 0.0150756836 0.2958646234
178.08624 9.139 0.0150756836 -0.2981490209
348.98978 11.448 0.0150756836 0.1378399065
321.89751 4.849 0.0150756836 0.8327080991
237.12318 6.91 0.0150756836 -0.0654878232
206.02797 12.026 0.0180664062 0.2006383104
226.09353 10.051 0.0180664062 0.0485479111
110.54134 1.31 0.0180664062 -0.1270229944
322.12982 12.527 0.0180664062 0.2401555282
569.31421 11.238 0.0180664062 0.0436842140
441.19742 11.281 0.0180664062 0.1400961263
290.15961 6.066 0.0180664062 0.4391009974
278.17495 7.936 0.0180664062 -0.0425250002
155.15427 5.154 0.0180664062 -0.1271565290
421.20414 10.379 0.0180664062 0.3103021148
290.13862 11.042 0.0215454102 -0.0272014507
428.05961 8.554 0.0215454102 1.0823899472
340.13251 6.956 0.0215454102 0.0824689871
216.06872 8.046 0.0215454102 0.4492454299
352.16861 12.568 0.0215454102 0.0434431345
793.36499 8.806 0.0215454102 0.5098973811
204.05581 1.036 0.0215454102 0.2963158849
270.08905 11.955 0.0215454102 -0.0550151869
379.17993 11.998 0.0215454102 0.1164845390
217.11826 7.86 0.0215454102 0.2047059263
793.36467 9.087 0.0215454102 28.5954385741
360.99793 9.63 0.0215454102 0.0000000000
242.13058 8.916 0.0215454102 -0.0224242208
379.19346 9.538 0.0215454102 0.4164897110
358.25885 9.566 0.0215454102 -0.1554411353
300.20181 8.715 0.0215454102 0.0085764221
652.33835 11.955 0.0255737305 0.1119696187
325.20100 11.795 0.0255737305 0.0187098951
423.12576 9.396 0.0255737305 0.0971919119
90.05492 0.83 0.0255737305 0.2882915331
158.08099 7.879 0.0255737305 0.0923984517
106.04982 0.84 0.0255737305 0.2466099620
302.01923 4.916 0.0255737305 0.9779348954
290.13863 10.97 0.0255737305 -0.0269259081
287.10956 8.45 0.0255737305 0.1236792758
465.12645 12.602 0.0255737305 -0.3557958735
297.04541 6.041 0.0255737305 -0.0790283001
640.16271 9.119 0.0301513672 0.1567537193
133.08570 7.047 0.0301513672 0.9003733269
437.29077 11.98 0.0301513672 0.0665738022
219.19531 12.438 0.0301513672 -0.9965126758
307.24774 12.579 0.0301513672 -0.3872445972
356.27935 11.065 0.0301513672 -0.2452775241
196.09662 9.84 0.0301513672 0.0818972447
190.11859 1.167 0.0301513672 0.1793022239
203.01723 1.563 0.0301513672 -0.2187099853
255.04659 1.162 0.0301513672 0.3546350338
191.10249 10.256 0.0301513672 0.1616363646
167.09123 2.306 0.0353393555 -0.0890832288
190.15486 1.3 0.0353393555 -0.4651283779
228.12846 0.972 0.0353393555 -0.0524252289
99.09158 0.871 0.0353393555 0.2386806466
151.06264 11.301 0.0353393555 0.1439538818
353.16799 1.006 0.0353393555 0.2685178213
105.03673 2.076 0.0353393555 0.2876764492
333.14431 9.911 0.0353393555 -0.1131499400
507.57935 0.991 0.0353393555 0.2195290209
307.11091 10.806 0.0353393555 -0.0944171392
311.00842 7.066 0.0353393555 0.2147638304
361.18300 10.229 0.0353393555 0.2321669995
434.21735 8.685 0.0353393555 0.0679281249
281.07666 10.459 0.0412597656 -0.1140603646
371.12243 11.684 0.0412597656 0.1438984312
233.87537 2.909 0.0412597656 0.1408992146
665.37395 0.645 0.0412597656 0.1176094022
286.17993 9.975 0.0412597656 0.0366573570
154.06217 1.055 0.0412597656 0.2404824926
144.06298 0.713 0.0412597656 -0.1147256658
310.11444 1.452 0.0412597656 0.2227128362
186.11234 2.243 0.0412597656 0.7498383624
243.13377 10.443 0.0412597656 0.2866685848
399.49400 1.286 0.0412597656 2.0339807800
88.07557 0.874 0.0412597656 0.0594268520
209.83376 3.865 0.0412597656 0.0384342719
310.11444 1.459 0.0412597656 0.2249176424
360.23904 9.879 0.0412597656 0.1918321892
387.11466 5.628 0.0412597656 0.1897890347
289.15454 10.891 0.0479125977 0.2255968343
147.07632 5.289 0.0479125977 0.2821207407
229.91606 11.99 0.0479125977 0.1407219226
302.01938 5.534 0.0479125977 0.5386923650
203.05251 1.003 0.0479125977 0.2276593784
135.02986 1.549 0.0479125977 -0.1615023996
397.17136 10.833 0.0479125977 0.1948999381
203.05260 0.997 0.0479125977 0.2276593784
180.13815 10.712 0.0479125977 -0.0779812814
447.89196 1.202 0.0479125977 -0.1697377704
283.01366 7.055 0.0479125977 0.2247202319
738.44891 12.651 0.0553588867 0.1869346101
165.01160 11.331 0.0553588867 0.1522828969
185.12834 7.4 0.0553588867 -0.1665674948
161.09203 4.717 0.0553588867 0.5557807057
114.06612 1.012 0.0553588867 -0.2605223188
761.58417 12.508 0.0553588867 0.0000000000
508.08591 1.012 0.0553588867 -0.1137506362
162.07700 0.889 0.0553588867 -0.5172583000
157.14146 7.82 0.0553588867 0.0330499138
148.06036 0.977 0.0553588867 0.3127395050
88.04027 1.037 0.0553588867 0.2028630010
104.10691 0.751 0.0553588867 0.2687115075
331.17529 11.712 0.0553588867 0.0848952358
76.03924 0.818 0.0553588867 0.1912810320
158.04011 0.897 0.0553588867 -0.6074452686
445.11963 12.49 0.0553588867 -0.2823044464
93.07378 0.817 0.0553588867 0.0280116945
170.15375 8.756 0.0553588867 0.0641360488
168.07780 1.032 0.0553588867 0.5531785279
311.12905 0.991 0.0637207031 0.5674821303
349.60466 1.028 0.0637207031 0.1555155668
131.03477 0.991 0.0637207031 0.1882971694
113.02429 0.991 0.0637207031 0.2076517586
86.09628 1.047 0.0637207031 0.1986726926
388.25410 9.464 0.0637207031 -0.0123929015
756.24129 8.822 0.0637207031 0.0298463716
86.09634 1.065 0.0637207031 0.1994436620
101.02432 0.988 0.0637207031 0.1752836091
349.10883 0.973 0.0637207031 0.0887716114
388.25419 9.449 0.0637207031 -0.0057391764
276.19543 8.459 0.0637207031 0.0612062784
143.03486 0.991 0.0729980469 0.2192852126
206.10339 0.808 0.0729980469 -0.3205779962
143.03486 0.991 0.0729980469 0.2192852126
143.03485 0.992 0.0729980469 0.2192852126
178.05854 1.363 0.0729980469 0.5785811164
161.04543 0.992 0.0729980469 0.1500458048
131.54204 0.971 0.0729980469 0.2128158336
146.08114 0.943 0.0729980469 0.3230306845
416.28513 11.536 0.0729980469 -0.5918046371
191.06619 1.892 0.0729980469 0.1613375085
307.11085 12.348 0.0729980469 0.0992528876
311.00024 10.987 0.0729980469 -0.0148477370
272.20084 10.484 0.0729980469 0.0610853493
250.17998 6.152 0.0832519531 -0.0792330528
246.04396 9.126 0.0832519531 0.1710326204
305.14947 10.889 0.0832519531 0.1132669986
183.11264 6.732 0.0832519531 -0.0557049694
268.15443 8.687 0.0832519531 0.0000000000
311.15530 10.615 0.0832519531 0.0569050759
249.10805 2.365 0.0832519531 0.4536154490
439.68412 3.58 0.0832519531 0.1140536921
426.21209 8.442 0.0832519531 0.0427886199
783.81581 0.699 0.0832519531 0.2866935915
487.28036 11.49 0.0832519531 0.0298864368
233.10721 6.699 0.0832519531 -0.1263892656
278.19036 9.315 0.0832519531 -0.0258865650
317.14536 3.942 0.0832519531 0.1118093287
449.11725 0.993 0.0832519531 0.0881408738
258.15462 8.299 0.0832519531 0.0618849135
370.07339 6.623 0.0832519531 0.1780551886
176.06577 1.113 0.0832519531 0.0851777249
647.41104 12.469 0.0832519531 -0.1142051598
211.10753 8.605 0.0946044922 0.1690254809
705.32528 9.119 0.0946044922 0.9030375223
115.03881 4.262 0.0946044922 -0.1493931937
157.01166 1.778 0.0946044922 0.0915564149
209.10183 7.667 0.0946044922 0.1375375482
145.08582 10.901 0.0946044922 0.0000000000
297.98553 8.106 0.0946044922 0.1558355386
258.91571 10.016 0.0946044922 -0.0338096234
88.07559 0.78 0.0946044922 0.2704372054
356.24298 12.717 0.0946044922 0.1868583097
145.09707 0.931 0.0946044922 0.1529507957
257.02774 4.803 0.0946044922 0.0000000000
115.07521 4.193 0.0946044922 0.1215653460
156.07664 1.417 0.0946044922 0.1965759651
273.15962 10.88 0.0946044922 0.1922046473
199.03354 0.882 0.0946044922 0.0885549817
719.96772 12.469 0.0946044922 0.1635615036
134.04472 2.01 0.0946044922 0.4232207579
197.15340 12.767 0.0946044922 2.0346350554
173.10430 1.503 0.0946044922 0.2354951688
206.10331 0.816 0.0946044922 -0.3219010510
231.07733 11.943 0.1069946289 0.0972891228
210.05015 7.025 0.1069946289 0.1424746064
320.13331 1.017 0.1069946289 0.2293949359
225.06165 1.205 0.1069946289 0.1280404802
101.01674 5.642 0.1069946289 0.6233141864
210.05010 7.041 0.1069946289 0.1419836134
324.09111 12.039 0.1069946289 0.1116578678
310.20133 9.1 0.1069946289 -0.0301073845
119.03487 0.991 0.1069946289 0.1719184987
553.88232 12.299 0.1069946289 0.0987272809
116.07055 0.913 0.1069946289 0.4038812764
125.02431 1.208 0.1069946289 0.0790695557
220.11785 6.676 0.1069946289 -0.1162528357
197.80798 4.227 0.1069946289 0.0906231751
705.32525 9.166 0.1069946289 1.1977723949
242.02522 10.323 0.1069946289 0.0690633934
147.07643 0.914 0.1069946289 0.2970251058
412.30566 11.373 0.1069946289 0.1651917722
417.30441 12.205 0.1069946289 -0.5630184518
120.08070 7.05 0.1069946289 0.1750789809
508.01346 5.713 0.1069946289 0.0680983632
179.05488 1.986 0.1205444336 0.1767406126
146.96114 0.743 0.1205444336 -0.1440923036
207.14903 10.244 0.1205444336 0.0444981171
427.09502 6.181 0.1205444336 0.1244062156
233.16465 9.864 0.1205444336 0.1320460161
72.08071 0.917 0.1205444336 0.2840642438
102.12759 12.537 0.1205444336 -29.0321116367
163.06002 1.001 0.1205444336 0.1819341433
168.09294 7.024 0.1205444336 0.1595308311
305.06317 10.048 0.1205444336 0.0245069069
440.02592 5.068 0.1205444336 0.0398030956
172.20593 8.813 0.1205444336 0.0655569288
143.10651 6.511 0.1205444336 -0.0926313547
437.93057 3.589 0.1205444336 0.0645916506
239.14878 8.324 0.1205444336 -0.1160943338
160.13321 5.706 0.1205444336 -0.3409535298
95.01369 0.988 0.1205444336 0.1485168875
209.06660 1.251 0.1205444336 -0.2023079114
263.17526 10.779 0.1205444336 0.0996996330
104.03526 0.832 0.1205444336 0.1825646231
104.07053 0.875 0.1205444336 0.4031310124
208.10014 4.098 0.1205444336 0.0269660633
275.21163 9.852 0.1205444336 0.2128084148
127.03885 1.001 0.1205444336 0.1811094996
289.06771 9.654 0.1205444336 -2.2797485938
285.97708 9.15 0.1205444336 0.0301759175
162.07594 1.02 0.1353759766 0.2269656911
213.03271 11.009 0.1353759766 0.0409320076
385.90170 1.566 0.1353759766 -0.0908662816
195.05086 2.523 0.1353759766 0.1718027537
149.04539 1.234 0.1353759766 0.2411874196
271.09953 11.391 0.1353759766 0.0328001615
239.12775 12.444 0.1353759766 -0.0361356757
102.95674 5.952 0.1353759766 0.0837464434
642.31799 0.711 0.1353759766 0.0613370112
209.03017 5.657 0.1353759766 0.1850913879
189.08795 4.9 0.1353759766 0.0000000000
111.02014 10.424 0.1353759766 0.0364561518
277.15562 9.231 0.1353759766 0.0499401260
487.62840 3.778 0.1353759766 0.5774219634
177.14837 10.693 0.1353759766 -0.1154580732
233.00668 11.007 0.1353759766 -0.2099695523
255.82195 4.296 0.1353759766 0.0777332179
277.08920 2.364 0.1353759766 0.0532740486
211.08237 1.037 0.1353759766 0.1440713393
242.98224 6.978 0.1353759766 0.3462093052
187.99651 0.829 0.1353759766 0.1370434316
284.17018 9.876 0.1514282227 -0.3226681263
180.08652 1.003 0.1514282227 0.1843268900
235.07137 9.931 0.1514282227 0.1648238963
189.14840 10.117 0.1514282227 -0.3170038200
180.05942 1.204 0.1514282227 0.1853760724
229.56254 1.202 0.1514282227 0.4960850636
557.34613 12.217 0.1514282227 0.0500695037
294.20602 6.275 0.1514282227 0.0509629828
265.11811 10.779 0.1514282227 0.2993415994
190.92841 8.648 0.1514282227 -0.0552284204
198.09718 1.002 0.1514282227 0.2315930617
186.11247 5.226 0.1514282227 0.0230857941
225.93234 3.726 0.1688232422 -0.0221670760
396.45639 11.969 0.1688232422 0.0910325051
217.06176 9.907 0.1688232422 -0.0630624776
508.35937 12.585 0.1688232422 -0.2469694815
171.09920 7.29 0.1688232422 -0.0348585842
88.03921 2.029 0.1688232422 0.2731776604
414.30011 11.739 0.1688232422 -0.1178754033
181.07165 0.988 0.1688232422 0.0938514060
298.18579 10.238 0.1688232422 -0.1886509490
518.83193 1.289 0.1688232422 -0.1323512260
118.08623 0.915 0.1688232422 0.1821954887
208.09662 10.549 0.1688232422 0.0961973057
217.04941 1.246 0.1688232422 -0.1331186429
205.10695 10.206 0.1688232422 -0.1352326441
231.93170 11.761 0.1688232422 0.0980883838
432.27996 10.695 0.1688232422 -28.1951329106
212.07631 2.342 0.1688232422 0.5473347556
444.99817 11.416 0.1688232422 -0.0089756127
412.86265 1.253 0.1876220703 -0.4956903200
124.00731 0.904 0.1876220703 -0.1573726105
379.14947 11.1 0.1876220703 -0.0923763935
210.06989 1.178 0.1876220703 -0.1549233147
189.95895 3.192 0.1876220703 0.0492579460
445.81506 12.734 0.1876220703 0.0000000000
111.52172 12.498 0.1876220703 -0.0908058785
180.08653 1.783 0.1876220703 0.0859129351
205.08172 2.444 0.1876220703 0.2072922120
778.20494 9.657 0.1876220703 0.1191835862
275.03886 11.955 0.1876220703 0.0585718552
372.25891 11.165 0.1876220703 0.0841997301
100.07559 1.37 0.1876220703 -0.0935465044
78.91870 3.875 0.1876220703 0.1160674025
145.04945 1.0 0.1876220703 0.0953747776
326.70016 9.515 0.1876220703 0.0912457226
175.10759 1.012 0.1876220703 0.1244770590
145.04935 0.994 0.1876220703 0.0953747776
205.06813 0.998 0.1876220703 0.0644784450
242.98246 7.374 0.1876220703 0.2841033937
189.15960 1.36 0.1876220703 0.1865298828
168.12290 3.516 0.1876220703 0.0795385808
108.04423 11.408 0.1876220703 0.0986012696
204.12289 1.12 0.1876220703 -0.2852907542
146.06332 5.783 0.1876220703 -0.2992354741
226.08222 7.649 0.1876220703 0.0466447628
409.06754 1.095 0.1876220703 0.2530274237
159.07629 1.01 0.2077636719 0.0733743089
166.94304 3.234 0.2077636719 0.0846082926
412.19637 8.44 0.2077636719 -0.0310370042
166.08610 7.964 0.2077636719 0.1332776892
243.11284 11.056 0.2077636719 0.1264011020
107.07014 1.305 0.2077636719 -0.1337780817
276.00377 4.139 0.2077636719 0.1048459537
421.16730 12.055 0.2077636719 0.0313208258
299.01967 4.218 0.2077636719 0.3908340478
231.93167 11.489 0.2077636719 0.0792881496
101.02426 1.2 0.2077636719 0.0831877503
203.05259 1.204 0.2077636719 0.1032374673
154.12262 4.195 0.2077636719 0.1508650134
276.11887 5.255 0.2077636719 0.1412529136
480.00681 6.217 0.2077636719 0.2001328268
347.84913 2.085 0.2077636719 -0.2549073333
177.10193 10.234 0.2077636719 0.0289045463
329.08807 11.946 0.2077636719 0.4470842643
189.12341 0.99 0.2077636719 0.4173100587
173.09307 1.007 0.2077636719 0.0997107958
309.18077 10.914 0.2293090820 0.0700847212
344.22801 9.105 0.2293090820 -0.0024010072
166.05314 0.939 0.2293090820 0.2601423346
269.08932 8.607 0.2293090820 -0.0862517873
177.10207 3.9 0.2293090820 -0.0186824437
85.02931 0.991 0.2293090820 0.1527268569
91.05396 9.695 0.2293090820 0.0066334139
141.06581 4.488 0.2293090820 0.3507970373
417.03007 9.815 0.2293090820 -0.0605616067
199.10043 1.206 0.2293090820 0.0177155280
146.11750 0.877 0.2293090820 0.0247950853
440.29200 12.712 0.2293090820 0.0000000000
180.01162 0.852 0.2293090820 0.1361749484
185.03049 9.821 0.2293090820 -0.0389169134
344.22784 9.107 0.2293090820 -0.0054038881
85.02830 0.999 0.2293090820 0.0545137949
186.07591 5.789 0.2293090820 -0.1568974614
168.12286 3.898 0.2293090820 0.1232844530
235.96117 3.8 0.2293090820 -0.0535953317
170.11762 6.354 0.2293090820 0.0474428569
173.09203 1.034 0.2293090820 0.2819419933
261.14441 5.814 0.2293090820 0.2997858793
206.10211 8.266 0.2293090820 0.0654156032
445.07303 5.714 0.2293090820 0.0564763780
315.04161 9.833 0.2293090820 0.0509197494
222.99521 11.996 0.2293090820 -0.0073474590
83.03866 0.637 0.2293090820 -0.0080656782
203.04007 4.18 0.2523803711 0.1144511998
419.14191 9.659 0.2523803711 -0.4666825431
291.20654 9.885 0.2523803711 0.0386333427
118.04970 3.758 0.2523803711 -0.1059454928
132.10186 1.065 0.2523803711 0.1914652661
294.20617 9.687 0.2523803711 -0.1028992930
426.21226 8.517 0.2523803711 0.0260704970
196.09681 9.124 0.2523803711 -0.1233259808
219.96644 7.563 0.2523803711 -0.0387753644
182.98867 11.912 0.2523803711 -0.4183393833
612.85868 0.702 0.2523803711 0.0409434006
694.92303 12.344 0.2523803711 0.1062463269
281.24847 0.429 0.2768554688 0.0238047824
236.22177 12.503 0.2768554688 0.1243743031
151.09639 3.899 0.2768554688 0.1282415008
130.08616 0.963 0.2768554688 0.4955303367
247.07118 11.161 0.2768554688 -0.1004468308
635.06921 9.54 0.2768554688 0.0743071638
130.05081 0.9 0.2768554688 0.2402172838
115.03993 0.99 0.2768554688 0.1016642791
165.04176 12.772 0.2768554688 0.0101783396
258.15450 8.641 0.2768554688 -0.3245673527
564.35886 10.759 0.2768554688 0.0050563134
190.92833 2.326 0.2768554688 -0.0768795797
313.01459 8.756 0.2768554688 -0.0501230640
180.10164 9.656 0.2768554688 0.0256326648
245.09525 8.796 0.2768554688 0.0686183708
189.08695 10.311 0.2768554688 -0.0289192093
162.83902 11.979 0.2768554688 -0.0745037947
129.05452 7.943 0.2768554688 -0.1102633241
196.14204 0.68 0.2768554688 0.0086270609
249.15572 1.016 0.2768554688 0.0810994207
199.06869 9.063 0.2768554688 -0.0482557934
135.10161 5.036 0.2768554688 0.0153580311
126.10252 0.936 0.2768554688 0.0612757652
277.11832 10.94 0.2768554688 -0.0532053346
189.12329 3.624 0.2768554688 0.1487805430
137.04564 10.098 0.2768554688 0.2491870169
397.11301 1.167 0.2768554688 0.1023357435
128.04530 10.421 0.2768554688 0.0377317532
73.07600 9.618 0.2768554688 0.1524087783
176.10292 0.994 0.2768554688 0.3082913990
193.09709 3.414 0.2768554688 -0.0180977235
71.01366 1.245 0.3027954102 0.0770330068
146.96100 1.206 0.3027954102 -0.0347803302
272.94442 0.605 0.3027954102 0.0418085324
140.07027 1.006 0.3027954102 0.2867674101
267.17197 12.682 0.3027954102 0.2819213533
236.58849 1.017 0.3027954102 0.1811729658
354.93174 12.592 0.3027954102 -0.0833813173
259.09244 5.411 0.3027954102 0.2504017648
317.14938 10.984 0.3027954102 0.0861587294
549.21370 9.63 0.3027954102 0.0000000000
210.13340 6.021 0.3027954102 0.0177271302
461.80297 1.263 0.3027954102 -0.3603153259
162.07595 3.034 0.3027954102 0.1513508571
113.03078 1.938 0.3027954102 0.6118131414
181.06275 0.995 0.3027954102 0.3383575862
131.08142 4.505 0.3027954102 0.2086915575
269.08778 1.414 0.3027954102 0.2038250523
137.04578 8.857 0.3027954102 -0.0995418564
113.03080 1.937 0.3027954102 0.6325124818
221.05066 7.947 0.3027954102 0.1147778243
190.92842 5.012 0.3027954102 -0.0412742399
180.06885 1.005 0.3027954102 0.0555894194
233.07664 7.143 0.3027954102 0.1120625936
635.06930 10.43 0.3027954102 0.0653635976
209.13823 7.93 0.3027954102 -0.0559310812
780.21894 9.092 0.3027954102 0.0995992479
298.05252 1.172 0.3027954102 -0.0595813393
269.08792 0.988 0.3027954102 0.0922508946
379.28156 0.626 0.3027954102 0.0710627241
201.01679 2.458 0.3027954102 0.5495237215
246.97734 4.126 0.3302612305 0.0698924611
258.10995 0.974 0.3302612305 -0.2526643159
195.99212 3.004 0.3302612305 -0.3229806964
257.09938 9.828 0.3302612305 0.0612664600
336.85871 2.805 0.3302612305 -0.0160674584
205.08168 1.646 0.3302612305 0.0220889015
569.26508 11.514 0.3302612305 -0.0739856826
247.18027 8.894 0.3302612305 0.0908829011
721.86372 0.651 0.3302612305 -0.0947838465
190.92839 9.84 0.3302612305 0.0565597737
726.82403 0.698 0.3302612305 -0.0370439314
316.04490 10.475 0.3302612305 0.0112056464
111.02004 12.395 0.3302612305 -1.7995621775
117.09095 7.027 0.3302612305 -0.0041030616
419.04828 1.448 0.3302612305 0.1060207535
185.09192 7.552 0.3302612305 0.2742463623
321.89737 5.269 0.3302612305 0.0786815366
317.05597 8.648 0.3302612305 -0.0671404267
205.06814 1.161 0.3302612305 0.0633748302
382.14517 12.078 0.3302612305 -0.0272062120
453.18585 12.336 0.3302612305 0.1506935471
315.04139 9.462 0.3302612305 0.0598272276
426.35752 12.401 0.3302612305 -0.0718125552
319.00836 0.533 0.3302612305 0.0416749806
363.06231 1.036 0.3302612305 0.1169399162
140.07022 1.01 0.3302612305 0.2309773611
437.23557 9.826 0.3302612305 -0.0062410531
315.04155 8.621 0.3302612305 -0.1311442352
146.08105 6.033 0.3302612305 0.1541997708
187.07130 10.882 0.3302612305 0.0272159798
353.26603 0.658 0.3302612305 -0.0915269885
223.98822 12.487 0.3302612305 -0.0030196699
140.07021 1.019 0.3302612305 0.2316363108
384.11905 1.015 0.3302612305 0.1168646913
256.10980 7.843 0.3591308594 0.0015931017
220.14418 9.691 0.3591308594 0.0245869600
458.98352 1.44 0.3591308594 0.1181411884
315.04150 8.971 0.3591308594 0.1022097686
165.07559 2.494 0.3591308594 -0.0459793341
346.00940 8.557 0.3591308594 -0.0314837146
238.09924 7.85 0.3591308594 0.0094144189
188.93295 2.197 0.3591308594 -0.0337925515
635.06932 10.199 0.3591308594 0.0697194011
377.91455 5.802 0.3591308594 -0.0307477531
164.95691 2.482 0.3591308594 0.0619982685
283.16937 12.138 0.3591308594 0.0169895474
181.05831 4.499 0.3591308594 0.2429046018
261.12341 10.988 0.3591308594 -0.2384567238
117.08494 1.011 0.3591308594 -0.0845969961
245.21099 11.725 0.3591308594 -0.0413136071
161.12841 1.01 0.3591308594 0.1172302184
344.20657 10.379 0.3591308594 0.1347821223
360.02505 8.292 0.3894042969 -0.0905073773
231.06209 9.352 0.3894042969 0.8219103156
318.05966 8.714 0.3894042969 -0.0284436762
173.92616 11.435 0.3894042969 0.0441986384
89.05965 3.335 0.3894042969 0.0214823595
257.09930 9.85 0.3894042969 0.0676088971
309.18085 10.921 0.3894042969 0.0235606167
221.05068 9.929 0.3894042969 -0.0354546422
110.54142 0.75 0.3894042969 0.1085180772
207.01410 0.908 0.3894042969 0.2842419435
267.84787 4.643 0.3894042969 0.0494711685
201.03806 1.449 0.3894042969 0.0531751488
401.24885 9.151 0.3894042969 -0.0420578226
264.07714 0.994 0.3894042969 -0.0123686010
256.93816 2.426 0.3894042969 -0.0078593069
319.20160 9.052 0.3894042969 0.0553804007
91.50454 9.41 0.3894042969 0.1227612318
780.21934 9.608 0.3894042969 0.0449927421
195.05092 2.207 0.3894042969 0.1087411985
241.03105 1.001 0.3894042969 -0.1577358080
418.95567 10.374 0.3894042969 0.0017032316
698.16849 9.637 0.3894042969 -0.1394715988
279.17010 9.088 0.4212036133 0.0940483503
583.15175 9.301 0.4212036133 0.0551136420
608.38342 11.87 0.4212036133 0.0950648440
133.10515 1.114 0.4212036133 0.0416021464
87.00860 1.205 0.4212036133 -0.0486957692
204.15923 8.684 0.4212036133 0.0104729522
418.16272 8.633 0.4212036133 0.0028797270
780.21936 9.632 0.4212036133 0.0210029924
149.04551 1.551 0.4212036133 0.0818157103
421.20432 9.899 0.4212036133 0.0825031946
129.06566 9.317 0.4212036133 0.0582623675
706.32819 8.954 0.4212036133 0.0776518480
194.92729 4.977 0.4212036133 0.0501832638
307.14011 10.363 0.4212036133 0.0838076840
699.36720 0.627 0.4212036133 -0.0629901760
247.08243 10.759 0.4212036133 -0.0225622837
290.26883 12.224 0.4212036133 -0.0056212002
90.50687 7.619 0.4212036133 -0.0955107340
276.00379 4.592 0.4212036133 0.1490125898
203.00457 1.459 0.4212036133 0.0850829984
190.92842 8.022 0.4212036133 -0.0463291682
145.06186 0.91 0.4212036133 0.0543045395
223.09228 0.991 0.4212036133 0.2320423403
659.33848 0.69 0.4212036133 0.0146178752
307.16514 10.397 0.4212036133 0.0920480523
203.04026 4.626 0.4212036133 0.0418374163
160.07973 4.375 0.4212036133 0.1277606769
240.15945 8.688 0.4212036133 -0.0230893879
480.15680 12.579 0.4212036133 0.0000000000
221.15347 12.88 0.4212036133 -0.3377883352
382.34265 11.093 0.4542846680 0.0542028958
244.15546 11.136 0.4542846680 0.0041387675
311.00018 10.361 0.4542846680 0.0041219866
283.10376 10.507 0.4542846680 -0.0193077456
248.16462 9.682 0.4542846680 -0.0484178741
146.93845 2.351 0.4542846680 -0.0182726860
232.93500 9.648 0.4542846680 0.0080746624
348.89496 2.036 0.4542846680 0.0375951178
255.04329 11.107 0.4542846680 0.0826468681
86.05991 1.918 0.4542846680 0.1228244417
304.15421 10.089 0.4542846680 0.0059179394
102.01944 2.648 0.4542846680 0.1955402153
129.93629 10.623 0.4542846680 -0.0324626379
248.96050 0.661 0.4542846680 -0.0201263846
272.07651 7.249 0.4542846680 -0.0104008320
196.09682 7.784 0.4542846680 -0.0018270187
356.24314 11.873 0.4542846680 0.0214256574
99.04488 1.009 0.4542846680 0.0789624187
253.11829 6.707 0.4542846680 -0.0266498146
293.09537 12.356 0.4542846680 0.0023016895
264.17474 9.936 0.4542846680 0.0300035581
486.24869 9.759 0.4542846680 -0.0192457333
193.09712 6.272 0.4542846680 -0.0349606521
327.93213 5.808 0.4542846680 0.0208596991
530.20775 7.351 0.4542846680 0.0032694240
245.21100 12.02 0.4887084961 -0.0607169829
200.10289 1.337 0.4887084961 0.1484578649
310.99992 9.847 0.4887084961 -0.0834641403
226.92738 2.457 0.4887084961 0.0444311918
219.07628 10.787 0.4887084961 -0.0803408284
132.03019 2.166 0.4887084961 -0.0350916312
325.17107 10.465 0.4887084961 -0.0368483147
310.17598 10.833 0.4887084961 0.0529065194
256.01510 9.976 0.4887084961 -0.1195771704
138.05484 4.812 0.4887084961 -0.0367602591
418.95567 10.153 0.4887084961 -0.0180788901
230.24769 11.321 0.4887084961 0.0083557694
127.05112 0.93 0.4887084961 0.0311935718
134.89444 9.219 0.4887084961 0.0705562251
199.10770 8.742 0.4887084961 -0.0218512630
504.99520 10.63 0.4887084961 0.0499480056
136.04808 1.003 0.4887084961 -0.0774692140
302.23231 9.527 0.4887084961 -0.0543937864
146.93846 9.294 0.4887084961 0.0551332111
171.14906 0.951 0.4887084961 0.0239377973
85.02833 1.167 0.4887084961 -0.0534257278
306.08103 11.419 0.4887084961 0.0025300448
229.11827 0.988 0.4887084961 0.0913922347
190.92843 10.84 0.4887084961 0.0391663024
228.07861 8.707 0.4887084961 -0.0071111092
635.06859 9.138 0.4887084961 0.0341325942
126.97134 0.92 0.4887084961 0.0513978019
398.32649 11.304 0.4887084961 -0.1126738228
128.03523 4.581 0.4887084961 0.0462065013
525.28825 10.405 0.5244750977 -0.0169357283
477.00025 10.29 0.5244750977 0.0651780706
101.07077 0.99 0.5244750977 0.1516567575
250.18018 7.42 0.5244750977 -0.0454545716
689.95621 12.574 0.5244750977 0.1246317089
174.95605 1.643 0.5244750977 0.0607814655
102.95673 6.96 0.5244750977 0.0618335017
473.97051 0.82 0.5244750977 0.0775734878
264.09794 10.479 0.5244750977 -0.0038211801
390.87042 6.254 0.5244750977 -0.1947447890
190.92835 1.975 0.5244750977 -0.0362486461
79.51944 1.507 0.5244750977 0.0472747594
73.06475 7.028 0.5244750977 0.0143459944
379.97192 3.482 0.5244750977 -0.0066534819
245.07683 8.42 0.5244750977 -0.0085302029
117.06976 7.935 0.5244750977 0.0039598609
242.98245 7.562 0.5244750977 0.1491738400
99.51218 7.619 0.5244750977 -0.0707514956
711.06927 2.468 0.5614013672 0.0000000000
195.12266 6.237 0.5614013672 0.0254797832
81.52054 0.787 0.5614013672 0.0161814489
255.82207 3.971 0.5614013672 0.0295228966
318.22760 10.422 0.5614013672 -0.0105189007
315.04162 10.418 0.5614013672 -0.0027224331
269.02976 10.317 0.5614013672 0.0078968971
314.23240 10.038 0.5614013672 -0.0038957635
153.12730 10.118 0.5614013672 -0.0283326643
119.07014 6.478 0.5614013672 0.0112846630
227.89438 8.954 0.5614013672 0.0095067904
229.15463 3.876 0.5614013672 0.0016280741
200.07224 9.616 0.5614013672 -0.0057973566
324.19171 10.394 0.5614013672 0.1271955150
243.75525 3.939 0.5614013672 0.0494262896
102.95662 5.572 0.5614013672 0.0417135605
317.05589 8.206 0.5614013672 -0.0718134618
178.09029 4.179 0.5614013672 0.0402456011
185.00655 4.81 0.5614013672 0.0117314457
522.08875 9.141 0.5614013672 -0.0826011171
92.04305 1.438 0.5614013672 -0.0290784341
258.12554 8.709 0.5614013672 0.0136696877
583.16022 8.649 0.5614013672 0.0523974123
551.22772 8.55 0.5614013672 0.0303598321
240.11491 9.07 0.5614013672 0.0047968049
204.01919 9.981 0.5614013672 -0.0120573665
249.02274 11.666 0.5614013672 -0.0182933099
317.05572 7.921 0.5614013672 -0.0770196632
328.10279 10.232 0.5614013672 0.0176357082
215.17541 7.058 0.5614013672 0.0040211952
364.09756 6.636 0.5614013672 0.0760978963
219.12255 11.03 0.5614013672 0.0000000000
149.11722 7.029 0.5614013672 0.0014070875
184.04007 6.249 0.5614013672 -0.0942698774
522.20241 6.584 0.5614013672 0.2168121069
316.04492 9.022 0.5614013672 0.0128468906
217.03298 1.411 0.5994873047 -0.0644475132
237.08701 10.015 0.5994873047 0.0404218600
210.13344 8.407 0.5994873047 0.0452922337
316.94798 0.643 0.5994873047 -0.0321022474
88.98779 8.834 0.5994873047 0.0000000000
149.08072 5.991 0.5994873047 -0.0322103606
584.16293 9.677 0.5994873047 -0.0659420131
258.91731 1.113 0.5994873047 0.1264590485
179.05607 7.974 0.5994873047 0.0422462764
98.98413 2.329 0.5994873047 -0.0149590218
415.54919 1.007 0.5994873047 -0.1779924960
159.07624 9.146 0.5994873047 -0.0147641035
197.06686 8.384 0.5994873047 -0.0280510585
159.07617 9.025 0.5994873047 -0.0153353194
225.07557 11.622 0.5994873047 -0.0387261350
91.00367 9.096 0.5994873047 -0.0065720210
515.56788 1.001 0.5994873047 -0.0128572982
225.04926 4.79 0.5994873047 0.2652530565
150.05492 9.579 0.5994873047 -0.0944469262
223.96317 2.425 0.5994873047 -0.1775399730
165.06909 3.268 0.5994873047 -0.0623213815
372.25923 10.504 0.5994873047 -0.0181799997
118.06085 1.015 0.5994873047 0.0709799440
332.24300 9.924 0.5994873047 0.0841121552
276.13611 4.661 0.5994873047 0.0050356360
476.30655 10.048 0.5994873047 -0.0042803089
191.13902 0.914 0.5994873047 0.0846057826
454.24306 9.525 0.5994873047 -0.0173375997
212.11265 2.743 0.5994873047 0.0446633489
360.96807 11.999 0.5994873047 -0.0022591801
438.97194 1.517 0.6386718750 -0.0044167525
144.10184 1.135 0.6386718750 -0.0332039080
145.12218 6.4 0.6386718750 0.0882334442
182.98610 9.194 0.6386718750 0.0280586283
279.01201 9.316 0.6386718750 -0.0671807871
128.95069 2.586 0.6386718750 -0.0182677491
252.12307 9.556 0.6386718750 -0.0908012940
223.14409 9.125 0.6386718750 -0.0117189738
446.29603 10.761 0.6386718750 -0.0019956441
165.11209 5.944 0.6386718750 -0.0720053044
144.06544 5.699 0.6386718750 -0.0329517497
227.17524 7.949 0.6386718750 0.0283519603
241.10289 0.989 0.6386718750 0.0652339890
345.07263 11.048 0.6386718750 0.0213210016
401.15295 10.707 0.6386718750 -0.0575003841
376.21774 9.262 0.6386718750 -0.0279040881
189.04672 0.935 0.6386718750 0.3027335911
180.97290 1.07 0.6386718750 -0.0920970796
191.98266 0.935 0.6386718750 -0.2188143095
88.07560 1.067 0.6386718750 0.0072793848
102.95673 5.012 0.6386718750 0.0373686548
397.15988 10.063 0.6386718750 0.0501091168
250.17998 7.782 0.6386718750 0.0914935292
152.03747 0.922 0.6386718750 -0.2685950764
193.10697 8.321 0.6787719727 0.1182764654
201.98379 6.282 0.6787719727 -0.1016582953
342.26364 10.588 0.6787719727 0.0005882904
209.94902 5.841 0.6787719727 0.0237636767
89.05968 2.623 0.6787719727 0.0382269299
102.95672 6.736 0.6787719727 0.0321829804
375.16199 11.717 0.6787719727 0.0329180333
217.04958 0.799 0.6787719727 -0.0723495662
163.09646 8.511 0.6787719727 -0.0027106977
190.92841 8.49 0.6787719727 -0.0421339915
97.02825 1.049 0.6787719727 0.0258039063
396.31046 11.517 0.6787719727 0.0265134083
146.05992 10.774 0.6787719727 -0.0046089275
270.19113 8.84 0.6787719727 -0.0008516386
193.03524 2.468 0.6787719727 -0.1289891567
314.34186 10.586 0.6787719727 -0.0131063521
705.82720 8.883 0.6787719727 0.0071157018
321.13092 8.71 0.6787719727 -0.0164625308
396.03459 4.792 0.6787719727 0.0226510113
410.56647 0.991 0.6787719727 -0.0203609617
116.07153 0.909 0.6787719727 0.1326064900
279.13399 9.833 0.6787719727 0.0320233956
126.97144 0.943 0.6787719727 0.0508280123
197.12844 8.684 0.6787719727 -0.0325892266
173.92615 11.13 0.6787719727 0.0155684088
388.87366 2.809 0.6787719727 -0.0098642896
311.00019 10.587 0.6787719727 -0.0023676519
132.99174 11.641 0.7197265625 -0.0045493509
130.04974 4.011 0.7197265625 -0.0184968144
520.33185 10.388 0.7197265625 -0.0152672114
215.86845 7.975 0.7197265625 0.0284964435
76.07560 0.762 0.7197265625 -0.0198772357
229.56251 1.002 0.7197265625 -0.0201305806
114.09122 5.331 0.7197265625 -0.0190812686
463.48311 1.347 0.7197265625 0.0000000000
227.03508 9.688 0.7197265625 0.0179311301
129.06569 0.987 0.7197265625 0.1423698469
247.03088 1.446 0.7197265625 0.0338492505
667.32529 0.715 0.7197265625 0.0150418684
295.12886 9.271 0.7197265625 -0.0898040702
101.05956 10.514 0.7197265625 0.0080360056
201.02649 10.16 0.7197265625 -0.0883430391
551.22836 9.747 0.7197265625 0.0340415443
96.04426 4.377 0.7197265625 -0.0159627788
175.09635 5.995 0.7197265625 -0.0172179495
582.15729 9.277 0.7197265625 0.0388151236
177.08678 6.573 0.7197265625 0.0178387522
328.24808 10.663 0.7197265625 0.0029798068
308.18542 9.698 0.7197265625 -0.0395516558
89.02439 1.449 0.7197265625 0.0463525254
103.04006 2.128 0.7197265625 0.0804263673
332.19155 8.904 0.7197265625 0.0085072217
420.92733 9.22 0.7197265625 0.0182990400
97.02831 0.999 0.7197265625 0.0363793966
366.11176 6.382 0.7197265625 -0.0071645727
136.04800 1.494 0.7197265625 -0.0098674757
652.35148 0.688 0.7197265625 0.0068054738
174.12357 5.985 0.7197265625 0.0067108230
111.02003 12.66 0.7197265625 0.0000000000
336.85849 10.106 0.7197265625 -0.0335803402
90.50677 12.471 0.7197265625 0.0000000000
365.10514 4.803 0.7615356445 0.0637073570
785.50444 12.594 0.7615356445 -0.0037127822
297.98564 9.851 0.7615356445 0.0102493441
261.21717 11.699 0.7615356445 0.0054283059
272.95899 0.639 0.7615356445 -0.0099228433
261.94159 4.797 0.7615356445 -0.2167740789
409.08652 10.494 0.7615356445 0.0681139400
447.08203 1.032 0.7615356445 0.0307589559
725.29382 9.519 0.7615356445 0.1194595115
415.25378 9.765 0.7615356445 -0.0206558674
231.08377 4.726 0.7615356445 -0.0576110613
190.92831 11.975 0.7615356445 0.0940141737
502.85944 1.678 0.7615356445 0.0494439671
707.35472 0.668 0.7615356445 0.0318670385
85.07597 9.659 0.7615356445 0.0323037499
242.28430 9.88 0.7615356445 0.0147726052
307.85583 8.541 0.7615356445 -0.0082792125
266.08820 1.001 0.7615356445 0.0230844600
487.30560 11.514 0.7615356445 -0.0166104742
272.17023 7.569 0.7615356445 0.0166832485
81.52049 1.948 0.7615356445 0.0388418897
232.15429 4.856 0.7615356445 -0.0342787922
200.23726 9.743 0.7615356445 -0.0048705535
262.18017 8.577 0.7615356445 0.0002911823
275.05621 0.754 0.7615356445 -0.0749029161
296.20090 9.244 0.7615356445 -0.0102207829
102.95671 8.75 0.7615356445 -0.0309160568
526.33502 11.108 0.7615356445 0.0611182223
459.28007 10.076 0.7615356445 0.0013780629
487.03583 1.444 0.7615356445 0.0979932713
160.93532 9.172 0.7615356445 0.0634739608
131.07020 9.176 0.7615356445 0.0000924102
132.99174 11.311 0.8039550781 0.0594998787
255.82197 4.751 0.8039550781 -0.0300013697
239.01644 1.016 0.8039550781 0.0218547284
237.89749 2.487 0.8039550781 0.0296893785
171.02739 2.092 0.8039550781 -0.0172523245
239.01650 0.999 0.8039550781 0.0222905352
228.99405 11.33 0.8039550781 0.0197600551
177.08682 8.887 0.8039550781 -0.0987138239
226.12834 4.744 0.8039550781 -0.0558496826
244.07913 1.192 0.8039550781 0.0289526363
504.99519 10.333 0.8039550781 0.0514510907
582.15788 10.23 0.8039550781 0.0091826156
178.09031 10.06 0.8039550781 -0.0995052483
179.08471 6.26 0.8039550781 -0.2459891227
169.97727 2.61 0.8039550781 -0.0099117065
146.96129 2.582 0.8039550781 -0.0141303188
632.05529 1.0 0.8039550781 0.0354650019
632.05540 0.993 0.8039550781 0.0358424084
153.06571 9.803 0.8039550781 -0.0292018698
430.36731 0.756 0.8039550781 0.0268788083
246.16996 5.941 0.8039550781 0.0045673517
226.95144 0.643 0.8039550781 0.0133528889
408.08248 9.042 0.8039550781 -0.0597056497
138.05490 5.226 0.8039550781 0.0940734006
211.14407 9.009 0.8039550781 0.0107136850
434.15768 9.106 0.8039550781 -0.0130578568
265.15854 9.744 0.8039550781 -0.0038494252
199.06892 9.647 0.8039550781 -0.0128569109
279.13378 10.427 0.8039550781 0.0195550341
127.03890 1.207 0.8039550781 -0.0228151760
302.06729 10.869 0.8039550781 -0.0204421548
177.11198 6.256 0.8039550781 0.0295839294
214.08938 9.197 0.8039550781 0.0813241732
317.18723 11.592 0.8039550781 -0.0679716004
793.31830 11.544 0.8039550781 -0.0084059555
161.04539 1.564 0.8039550781 0.0163372712
672.85934 0.671 0.8039550781 -0.0164404571
405.01419 1.275 0.8039550781 0.0432305229
320.20668 12.357 0.8039550781 0.0322759735
119.08140 9.653 0.8469238281 -0.0037731611
116.92850 11.957 0.8469238281 0.0048294034
113.09592 6.146 0.8469238281 0.0823346275
466.81659 1.86 0.8469238281 -0.0100282790
437.23540 10.424 0.8469238281 0.0295134938
141.01566 3.755 0.8469238281 0.1270085489
231.93157 9.376 0.8469238281 0.0059137039
228.99393 11.618 0.8469238281 -0.1438697464
271.18060 10.852 0.8469238281 0.0534256893
331.95245 4.82 0.8469238281 0.0238965404
383.24276 12.069 0.8469238281 0.0025839133
92.52214 1.525 0.8469238281 0.0186645896
188.94916 1.43 0.8469238281 0.0402709470
111.02019 7.619 0.8469238281 0.0172138767
197.12923 6.244 0.8469238281 -0.0141230216
663.43469 12.755 0.8469238281 0.2141776696
406.07755 8.931 0.8469238281 0.0364427602
180.06532 8.396 0.8469238281 -0.0665712724
191.08138 10.787 0.8469238281 -0.0162422660
258.11248 9.938 0.8469238281 0.0051576970
102.05483 8.933 0.8469238281 -0.0726353104
308.20093 9.228 0.8469238281 0.0025174370
575.39459 12.631 0.8469238281 -0.0100431259
303.22939 0.639 0.8469238281 0.0091264806
133.08579 6.236 0.8469238281 0.0159836343
303.20673 9.547 0.8469238281 0.0331767890
195.11263 6.089 0.8469238281 0.1084666088
112.98560 0.672 0.8469238281 -0.0736512346
493.13580 8.792 0.8469238281 -0.0251759220
223.11742 8.987 0.8469238281 0.0000000000
314.18103 9.232 0.8903808594 -0.2091921186
239.09126 11.735 0.8903808594 -0.0248519109
205.12233 10.874 0.8903808594 0.0239152536
284.17015 9.68 0.8903808594 -0.1613085587
312.21699 8.835 0.8903808594 0.1710696185
321.89743 5.763 0.8903808594 -0.0398458954
188.94906 1.465 0.8903808594 0.0508142144
165.01913 9.687 0.8903808594 -0.0077766246
188.16425 9.634 0.8903808594 -0.0135266029
187.87340 8.427 0.8903808594 -0.0213172934
183.07790 9.596 0.8903808594 -0.1712995575
191.08147 10.173 0.8903808594 0.0145570425
150.12764 10.599 0.8903808594 0.0328280008
374.59629 1.031 0.8903808594 0.1803357597
204.12297 0.92 0.8903808594 0.1220180905
202.17990 9.685 0.8903808594 0.0004565522
161.96956 5.914 0.8903808594 -0.0160141694
370.07357 5.901 0.8903808594 -0.0951644434
217.05670 5.627 0.8903808594 0.0065126159
101.07896 2.801 0.8903808594 0.0815123001
169.09472 0.91 0.8903808594 -0.0114801136
387.28674 11.884 0.8903808594 -0.0051581383
783.57184 12.247 0.8903808594 0.0066901732
725.33091 10.798 0.8903808594 -0.0844411650
279.18024 10.347 0.8903808594 -0.0007664968
427.21881 10.726 0.8903808594 -0.0222917209
382.58487 0.991 0.8903808594 -0.0445923970
139.53088 1.201 0.8903808594 0.0077649053
314.18103 9.221 0.8903808594 -0.1926640153
133.09701 9.684 0.8903808594 -0.0745418843
612.36945 9.954 0.8903808594 -0.0049155770
281.02414 3.841 0.9340820312 0.0441612859
206.10229 7.942 0.9340820312 0.1016785464
237.08688 10.308 0.9340820312 0.1641141030
152.05663 10.045 0.9340820312 -0.0031452948
471.19640 11.271 0.9340820312 0.0824828339
100.07559 2.81 0.9340820312 0.1931727030
310.21667 9.245 0.9340820312 0.0003275568
612.88161 0.614 0.9340820312 0.0019700595
198.12756 10.512 0.9340820312 0.0185372510
480.85041 0.749 0.9340820312 0.0160425206
219.07643 9.969 0.9340820312 -0.0314283578
368.27930 10.977 0.9340820312 -0.0277330544
130.08608 3.859 0.9340820312 0.0371640899
107.04896 8.69 0.9340820312 -0.0066522646
322.94348 10.845 0.9340820312 -0.0000816739
157.06169 4.523 0.9340820312 0.0777289273
331.09246 10.166 0.9340820312 -0.0137105427
179.08727 9.381 0.9340820312 0.0445258055
303.91345 1.715 0.9340820312 0.0212113092
698.16820 9.398 0.9340820312 -0.0194669067
90.52578 1.842 0.9340820312 0.0254605692
200.54568 1.004 0.9340820312 0.0878592661
175.04773 9.931 0.9340820312 0.0495642751
187.04184 1.45 0.9340820312 -0.0418190584
96.96958 2.479 0.9340820312 0.0066874025
297.98584 10.886 0.9340820312 -0.0258534875
187.94177 12.093 0.9340820312 -0.0050331260
200.07205 9.032 0.9340820312 -0.0164538059
269.05336 10.389 0.9340820312 -0.0021448960
345.07272 11.44 0.9340820312 0.0113525099
178.08377 9.047 0.9340820312 -0.0919480070
725.33099 11.1 0.9340820312 -0.0885806208
199.96928 8.234 0.9340820312 0.0171581473
367.10526 0.978 0.9340820312 -0.1715972485
367.10513 0.988 0.9340820312 -0.1716375238
125.87298 8.404 0.9340820312 0.0300299039
185.11830 12.558 0.9340820312 0.0014151771
75.00862 7.446 0.9340820312 0.0152869620
83.03560 0.578 0.9340820312 0.0078313044
179.09351 9.273 0.9340820312 -0.0666163019
150.02283 0.922 0.9340820312 -0.0023202144
379.14916 11.813 0.9340820312 -0.0210927978
334.12581 1.044 0.9340820312 -0.0128379210
575.39471 12.566 0.9340820312 -0.0039450916
176.12802 0.894 0.9340820312 -0.0434431726
422.92822 10.675 0.9779663086 0.0652278777
582.15797 10.491 0.9779663086 -0.0101227489
353.14236 11.998 0.9779663086 -0.0101758058
582.15784 9.692 0.9779663086 0.0017320043
105.01920 1.397 0.9779663086 -0.0649085550
87.04396 1.983 0.9779663086 0.0510584267
416.37491 11.688 0.9779663086 -0.0719390185
108.94851 0.711 0.9779663086 -0.0095127789
434.87184 1.655 0.9779663086 0.0033514505
187.87337 8.733 0.9779663086 -0.0204153381
175.05762 0.989 0.9779663086 -0.1739746612
281.15950 9.565 0.9779663086 -0.0079209013
308.20098 9.244 0.9779663086 0.0109330116
432.14178 9.674 0.9779663086 0.0023641889
231.17020 3.973 0.9779663086 -0.0019591124
314.18100 9.212 0.9779663086 -0.1954014132
131.08129 8.998 0.9779663086 0.0066368373
199.09645 9.587 0.9779663086 -0.1262014722
524.15241 10.436 0.9779663086 0.0029504572
71.06032 9.925 0.9779663086 0.0020325095
83.53570 0.571 0.9779663086 0.0030253572
182.10223 1.084 0.9779663086 0.0311995513
209.09206 9.067 0.9779663086 0.0026223760
261.09446 1.214 0.9779663086 -0.0912800877
105.05448 1.968 0.9779663086 0.1029163122
233.12847 10.953 1.0000000000 0.0804069233
90.52582 0.761 1.0000000000 0.0139243468
567.39009 0.618 1.0000000000 0.0064333655
310.14136 10.22 1.0000000000 0.0021955164
182.08107 8.577 1.0000000000 -0.0709442045
288.21670 9.624 1.0000000000 0.0000000000
328.24829 9.581 1.0000000000 -0.0190374129
179.09099 9.09 1.0000000000 -0.0822021228
183.09899 6.515 1.0000000000 -0.0036278904
