"m.z" "r.t" "p.value" "t.score"
101.01674 5.642 0.0002441406 0.4085448723
307.11091 10.806 0.0002441406 -0.0898907526
174.12357 5.985 0.0002441406 0.5195990274
119.52785 7.619 0.0002441406 -0.3005838558
233.12847 10.953 0.0002441406 0.0917371599
506.20748 7.308 0.0002441406 1.8904712919
174.14874 8.541 0.0002441406 0.0000000000
329.08807 11.946 0.0012207031 0.1786555106
295.07913 5.605 0.0012207031 0.1165832831
264.12424 11.817 0.0004882812 0.6325772358
210.05015 7.025 0.0012207031 -0.1480847267
155.15427 5.154 0.0012207031 -0.1715447126
191.99763 10.928 0.0012207031 0.5686632479
348.10080 8.211 0.0012207031 -27.5450590384
116.92850 12.983 0.0012207031 0.9773472834
321.89751 4.849 0.0007324219 0.4853575192
450.01277 1.949 0.0012207031 0.4081891306
210.05010 7.041 0.0012207031 -0.1480775998
165.06909 3.268 0.0012207031 -0.0914073870
263.12129 11.682 0.0007324219 0.8012601219
196.09662 9.84 0.0012207031 0.0848582747
256.01510 9.976 0.0004882812 -0.1461817803
387.28674 11.884 0.0012207031 -0.0998148027
287.07730 9.604 0.0007324219 0.2062856090
412.19637 8.44 0.0017089844 -0.1082182722
297.09353 5.148 0.0017089844 0.3584204840
279.11602 12.082 0.0017089844 0.2046778943
111.52172 12.498 0.0017089844 -0.8094075934
445.81506 12.734 0.0017089844 0.0000000000
289.15454 10.891 0.0017089844 0.2002733473
253.09279 5.964 0.0017089844 0.4961795577
275.21163 9.852 0.0024414062 0.1861084257
465.12645 12.602 0.0024414062 -0.7698021647
186.11247 5.226 0.0024414062 0.0625332507
172.09674 10.106 0.0024414062 0.8893038734
245.16055 5.096 0.0024414062 -0.0829568145
286.20103 9.535 0.0024414062 0.9867958149
360.02505 8.292 0.0024414062 -0.1500804903
242.13058 8.916 0.0024414062 -0.0237922025
154.12262 4.195 0.0024414062 0.0908016760
371.17238 10.818 0.0024414062 0.3159591807
277.15562 9.231 0.0034179688 0.0999663633
328.24829 9.581 0.0034179688 -0.0816121367
209.03017 5.657 0.0034179688 0.8331014198
211.10753 8.605 0.0034179688 0.1217906438
170.11762 6.354 0.0034179688 0.0651094357
253.11829 6.707 0.0034179688 -0.0770706554
384.12233 6.947 0.0034179688 -0.0178382266
286.20099 9.676 0.0034179688 0.9860743996
508.01346 5.713 0.0034179688 0.1107079018
310.11444 1.452 0.0046386719 0.1406554313
233.16465 9.864 0.0046386719 0.1261279516
345.07263 11.048 0.0046386719 0.2706895063
261.18080 11.062 0.0046386719 2.5500763985
445.07303 5.714 0.0046386719 0.1213799865
182.10223 1.084 0.0046386719 -0.3321876330
343.12322 5.46 0.0046386719 0.5355193953
221.15347 12.88 0.0046386719 -0.4209695347
305.22233 11.03 0.0046386719 0.2068334735
310.11444 1.459 0.0046386719 0.1420131520
160.84199 11.608 0.0061035156 0.0769572960
338.11688 6.931 0.0061035156 -0.0173384243
515.56788 1.001 0.0061035156 -0.2634820654
417.30441 12.205 0.0061035156 -0.3222817862
326.23230 10.263 0.0061035156 -27.0529441169
158.11745 10.092 0.0080566406 0.7641637483
290.13863 10.97 0.0080566406 -0.3381945661
290.13862 11.042 0.0080566406 -0.5159779393
219.13381 10.095 0.0080566406 1.4589428585
208.10014 4.098 0.0080566406 -0.0314763568
311.00842 7.066 0.0080566406 -0.2921392900
208.09662 10.549 0.0080566406 0.1172333772
167.08539 12.572 0.0080566406 -3.0459489927
328.10279 10.232 0.0080566406 -0.0786818215
289.22728 9.974 0.0104980469 0.4943862806
386.29016 12.02 0.0104980469 -0.0271659160
307.16514 10.397 0.0104980469 0.1731417713
146.08105 6.033 0.0104980469 0.2133878537
335.22869 10.076 0.0104980469 0.8658454715
228.07861 8.707 0.0104980469 -0.0088138039
291.20673 10.714 0.0104980469 0.2848820190
346.08652 8.44 0.0104980469 -1.1435379322
220.98079 11.494 0.0104980469 -0.0414730706
432.27996 10.695 0.0104980469 -28.3741565299
348.89496 2.036 0.0104980469 0.0300634709
283.01366 7.055 0.0104980469 -0.1587524296
407.18846 10.548 0.0104980469 0.5585108440
241.08692 11.965 0.0104980469 0.0000000000
110.54134 1.31 0.0104980469 0.1108772877
307.11092 12.054 0.0134277344 -0.6619277035
133.08570 7.047 0.0134277344 0.3315227948
307.24774 12.579 0.0134277344 -0.4526232174
464.08922 11.123 0.0134277344 -0.1883535193
459.28007 10.076 0.0134277344 -0.0147549118
219.07628 10.787 0.0134277344 -0.2594204406
231.17020 3.973 0.0134277344 -0.0943391420
187.08647 12.053 0.0134277344 0.1587994660
268.15443 8.687 0.0170898438 0.0000000000
255.09499 7.907 0.0170898438 0.1913395556
205.12233 10.874 0.0170898438 -0.0852472580
176.12800 11.055 0.0170898438 0.9179726698
207.12252 10.344 0.0170898438 0.5256685936
572.35541 12.497 0.0170898438 1.2899016100
345.07272 11.44 0.0170898438 0.0849577672
243.13377 10.443 0.0170898438 0.3017715673
147.05113 9.687 0.0170898438 0.1010271392
237.08701 10.015 0.0170898438 -0.0976446417
262.18017 8.577 0.0170898438 -0.0503589954
196.14204 0.68 0.0214843750 -0.0742376903
277.11832 10.94 0.0214843750 0.0982048781
233.09932 6.804 0.0214843750 0.5231914121
250.18018 7.42 0.0214843750 -0.1121027412
257.02774 4.803 0.0214843750 0.0000000000
257.09930 9.85 0.0214843750 0.1138944220
226.08222 7.649 0.0214843750 0.0510039307
344.22801 9.105 0.0214843750 -0.0026254530
333.11538 10.392 0.0214843750 27.9283009888
344.22784 9.107 0.0214843750 -0.0058268745
416.35181 10.38 0.0214843750 -0.1548266125
487.62840 3.778 0.0214843750 1.4684222448
253.05434 6.017 0.0214843750 0.3464855687
269.08932 8.607 0.0266113281 -0.1785170128
239.14878 8.324 0.0266113281 -0.1086641920
113.03078 1.938 0.0266113281 0.3921918930
507.57935 0.991 0.0266113281 -0.1654047478
261.12341 10.988 0.0266113281 0.1827691778
266.06696 10.05 0.0266113281 0.0000000000
190.11859 1.167 0.0266113281 -0.1541331947
326.70016 9.515 0.0266113281 0.1467791381
180.06532 8.396 0.0266113281 -0.0790567172
162.07595 3.034 0.0266113281 0.2325185443
414.33618 10.38 0.0266113281 -0.3967801399
437.21277 12.146 0.0266113281 0.1472138221
153.06571 9.803 0.0266113281 -0.1949671701
89.05965 3.335 0.0266113281 -0.0711055319
104.03526 0.832 0.0266113281 -0.0864494434
229.05791 5.313 0.0266113281 0.1701278945
113.03080 1.937 0.0266113281 0.3984404658
322.12982 12.527 0.0266113281 0.2136612890
328.16675 10.866 0.0266113281 0.1040607092
302.06729 10.869 0.0327148438 -0.0821026593
480.15680 12.825 0.0327148438 24.9074918003
490.28535 11.201 0.0327148438 27.7910543309
307.11093 11.428 0.0327148438 0.1219788900
410.56647 0.991 0.0327148438 -0.1452843165
146.05992 10.774 0.0327148438 -0.0906362836
401.15295 10.707 0.0327148438 -0.0175883077
397.15988 10.063 0.0327148438 -0.1984470156
229.15463 3.876 0.0327148438 -0.1659785967
423.12576 9.396 0.0327148438 0.0914923287
237.12318 6.91 0.0327148438 -0.0612357353
363.16229 10.301 0.0327148438 0.2387409550
377.91489 4.919 0.0327148438 0.2185193066
273.15962 10.88 0.0327148438 0.2688920637
187.99651 0.829 0.0327148438 -0.1486746604
331.09246 10.166 0.0327148438 -0.1132012306
439.28392 12.663 0.0327148438 0.0000000000
264.19561 6.634 0.0327148438 0.0000000000
144.06298 0.713 0.0327148438 -0.1112230040
172.09669 9.97 0.0327148438 0.5456723983
75.00862 7.446 0.0397949219 0.1074781750
133.06070 0.894 0.0397949219 -0.1448285316
316.94798 0.643 0.0397949219 0.1611551720
583.15175 9.301 0.0397949219 1.0239499832
261.14835 12.903 0.0397949219 25.9487780981
230.98854 11.635 0.0397949219 -0.1295538039
321.89737 5.269 0.0397949219 0.1027854315
212.11807 9.798 0.0397949219 0.1539538456
231.93170 11.761 0.0397949219 -0.1629134589
567.39009 0.618 0.0397949219 0.0629365607
278.17495 7.936 0.0397949219 -0.0567162615
250.17998 6.152 0.0397949219 -0.0797959521
283.16937 12.138 0.0478515625 -0.1586995009
186.11234 2.243 0.0478515625 0.2488172062
248.96050 0.661 0.0478515625 0.1203397682
231.06209 9.352 0.0478515625 0.7612896453
256.16943 9.741 0.0478515625 0.1225337445
313.01459 8.756 0.0478515625 -0.0272066296
227.17524 7.949 0.0478515625 -0.0734085224
235.12873 7.948 0.0478515625 0.2118352711
210.06989 1.178 0.0478515625 -0.3385283079
518.83193 1.289 0.0478515625 0.1719811082
437.93057 3.589 0.0478515625 0.0866464111
385.90170 1.566 0.0478515625 0.1503562385
333.14431 9.911 0.0478515625 -0.1627979355
310.14136 10.22 0.0478515625 -0.0033490690
217.11826 7.86 0.0478515625 0.1983069387
207.14907 8.611 0.0478515625 0.1439059868
156.96584 6.254 0.0478515625 -0.0544223706
243.11284 11.056 0.0478515625 0.0612580411
259.09244 5.411 0.0478515625 0.2479763633
187.94177 12.093 0.0478515625 0.1229398423
157.14146 7.82 0.0478515625 0.0483774068
183.07790 9.596 0.0478515625 0.2276425797
264.09794 10.479 0.0478515625 -0.1166395410
440.22751 8.348 0.0573730469 0.0642769984
193.03524 2.468 0.0573730469 0.2004397272
176.10292 0.994 0.0573730469 -0.1884444804
177.14837 10.693 0.0573730469 -0.4248069771
239.12775 12.444 0.0573730469 -0.0903827568
333.09137 11.511 0.0573730469 -0.1598022401
690.50885 12.897 0.0573730469 0.1632700145
256.10980 7.843 0.0573730469 -0.0020246455
282.11969 8.251 0.0573730469 0.0069157241
349.08928 10.373 0.0573730469 0.2125538227
229.11827 0.988 0.0573730469 0.5198497797
726.82403 0.698 0.0573730469 0.0855242871
530.20775 7.351 0.0573730469 -0.0221697022
132.99174 11.641 0.0573730469 -0.1269058962
279.11598 10.313 0.0573730469 -0.1050018982
229.56251 1.002 0.0573730469 -0.1610892457
211.08237 1.037 0.0681152344 -0.1473404887
206.10339 0.808 0.0681152344 -0.1775303847
447.08203 1.032 0.0681152344 -0.2943125982
269.12445 6.202 0.0681152344 -0.1715944768
157.06169 4.523 0.0681152344 0.1621055222
206.10331 0.816 0.0681152344 -0.1773807998
272.13379 2.368 0.0681152344 0.1835869553
168.09294 7.024 0.0681152344 -0.0607692792
312.21699 8.835 0.0681152344 0.3653867576
486.24869 9.759 0.0681152344 -0.0822377119
426.21226 8.517 0.0681152344 -0.0309862011
87.05520 0.896 0.0681152344 -0.2933768461
238.09924 7.85 0.0681152344 -0.0082958224
278.19036 9.315 0.0681152344 -0.0661906369
265.15854 9.744 0.0681152344 -0.1202113577
372.25891 11.165 0.0681152344 0.2179577951
281.07666 10.459 0.0803222656 -0.2102791440
793.36467 9.087 0.0803222656 0.3185612862
171.14906 0.951 0.0803222656 -0.1126151669
564.35886 10.759 0.0803222656 0.0045147002
172.13321 4.594 0.0803222656 0.2542617799
217.06176 9.907 0.0803222656 -0.1685895096
348.98978 11.448 0.0803222656 -0.1113596742
260.16772 11.756 0.0803222656 -0.2214578112
111.08028 10.089 0.0803222656 0.2837266399
508.35937 12.585 0.0803222656 -0.1414136935
219.12255 11.03 0.0803222656 0.0000000000
604.13812 8.48 0.0803222656 0.8536728807
287.10956 8.45 0.0803222656 0.0553739696
129.06569 0.987 0.0803222656 -0.4214233457
397.11301 1.167 0.0803222656 -0.1060434288
281.24847 0.429 0.0803222656 0.0197460408
509.38014 12.432 0.0803222656 0.0519928830
416.37491 11.688 0.0942382812 -0.0451094301
213.12320 2.188 0.0942382812 0.1382785042
672.85934 0.671 0.0942382812 0.1489143763
237.08688 10.308 0.0942382812 -0.1753169432
104.07053 0.875 0.0942382812 -0.2152245152
163.09646 8.511 0.0942382812 -0.0031267833
377.14150 10.798 0.0942382812 27.2654222386
131.08252 0.985 0.0942382812 -0.2860651646
477.00025 10.29 0.0942382812 -0.0333779634
131.04616 0.888 0.0942382812 -0.2516386177
548.29046 12.305 0.0942382812 0.2527685937
207.07621 8.806 0.0942382812 0.2938647766
317.14938 10.984 0.0942382812 0.0617390598
269.08780 10.595 0.0942382812 0.1101727780
223.11742 8.987 0.0942382812 0.4161384959
201.98379 6.282 0.0942382812 -0.1931555880
128.03523 4.581 0.1098632812 0.0393706033
449.30468 12.874 0.1098632812 0.2207441488
314.18103 9.232 0.1098632812 -0.2231526053
233.10721 6.699 0.1098632812 -0.1830152245
206.02797 12.026 0.1098632812 0.2096228692
184.04007 6.249 0.1098632812 -0.1058548923
279.13399 9.833 0.1098632812 -0.1095154841
195.11263 6.089 0.1098632812 0.0982828749
396.31046 11.517 0.1098632812 0.1710234759
178.09029 4.179 0.1098632812 0.1004936068
145.08582 10.901 0.1098632812 0.4482150448
174.08828 0.997 0.1098632812 -0.3207137430
310.17598 10.833 0.1098632812 -0.3982739550
173.09203 1.034 0.1098632812 -0.1243178745
245.21100 12.02 0.1098632812 0.3135055809
379.14947 11.1 0.1098632812 -0.1160751671
228.99393 11.618 0.1098632812 -0.1260834355
699.36720 0.627 0.1098632812 0.3250775906
379.19346 9.538 0.1098632812 0.1706949365
279.18024 10.347 0.1098632812 -0.0127326996
306.08103 11.419 0.1098632812 -0.0308087658
245.12827 10.024 0.1271972656 0.0382020433
309.12663 11.904 0.1271972656 0.1606758300
78.91870 3.875 0.1271972656 0.1119761645
189.08795 4.9 0.1271972656 0.7555080718
382.58487 0.991 0.1271972656 -0.1703736487
226.95144 0.643 0.1271972656 0.0287141232
379.97192 3.482 0.1271972656 0.0417585160
120.08070 7.05 0.1271972656 -0.1205303442
365.10535 5.437 0.1271972656 0.1129647479
76.03924 0.818 0.1271972656 -0.0761530152
263.17526 10.779 0.1271972656 0.1472608818
199.09645 9.587 0.1271972656 -0.0892162937
383.24276 12.069 0.1271972656 -0.0326345179
314.18103 9.221 0.1271972656 -0.1837348459
647.41104 12.469 0.1271972656 -0.1380514853
172.07175 9.946 0.1271972656 0.0198409023
231.93167 11.489 0.1271972656 -0.1019115784
314.18100 9.212 0.1271972656 -0.2231526053
296.95007 11.91 0.1271972656 -0.5733555706
247.18027 8.894 0.1271972656 0.1063349015
116.92850 11.957 0.1271972656 0.2025605115
144.10184 1.135 0.1271972656 0.4961589263
305.14947 10.889 0.1271972656 0.0723006426
118.06085 1.015 0.1271972656 -0.0931007488
300.20181 8.715 0.1271972656 0.0061455185
640.16250 9.308 0.1271972656 0.3658857111
349.24438 10.041 0.1271972656 0.1015659419
147.11269 2.171 0.1271972656 -0.2750463274
245.21099 11.725 0.1271972656 0.2266073581
112.98560 0.672 0.1271972656 0.0739374364
652.35148 0.688 0.1271972656 0.1544308771
272.16433 10.137 0.1271972656 0.1722503490
356.24298 12.717 0.1464843750 -0.2099007941
118.08623 0.915 0.1464843750 -0.0487963601
330.91568 12.664 0.1464843750 0.0917073719
90.50687 7.619 0.1464843750 -0.1027778885
138.05484 4.812 0.1464843750 0.2688484243
428.05961 8.554 0.1464843750 0.4292723047
569.31421 11.238 0.1464843750 -0.0390729236
289.06943 3.383 0.1464843750 0.0169896925
793.36499 8.806 0.1464843750 0.2640804077
756.24129 8.822 0.1464843750 0.0059040242
635.06932 10.199 0.1464843750 -0.0362336162
246.16996 5.941 0.1464843750 -0.0998954575
302.01938 5.534 0.1464843750 0.0925390604
146.11750 0.877 0.1464843750 -0.1155554537
311.15530 10.615 0.1464843750 0.0543174762
235.07137 9.931 0.1464843750 -0.0499637372
725.33091 10.798 0.1464843750 -0.0865697064
320.20668 12.357 0.1677246094 -0.0258912117
243.75525 3.939 0.1677246094 0.1134049008
363.06231 1.036 0.1677246094 -0.2790952430
427.21881 10.726 0.1677246094 -0.1597044679
83.03560 0.578 0.1677246094 -0.0123665089
617.28564 8.799 0.1677246094 0.2071415585
288.00378 4.675 0.1677246094 1.3667217169
276.00379 4.592 0.1677246094 0.1207558656
204.12297 0.92 0.1677246094 -0.1380741281
191.06606 11.966 0.1677246094 0.0400997834
266.08820 1.001 0.1677246094 0.1407675278
85.02931 0.991 0.1677246094 -0.0901741181
370.07357 5.901 0.1677246094 -0.0915080317
182.98610 9.194 0.1677246094 -0.0093844240
305.09646 11.916 0.1677246094 -0.1216643803
205.06813 0.998 0.1677246094 0.0736523938
219.07643 9.969 0.1677246094 -0.0708665779
88.11195 0.79 0.1677246094 -0.1240739008
193.09709 3.414 0.1677246094 0.0053245344
276.14394 5.173 0.1677246094 -0.1997779253
520.33185 10.388 0.1677246094 -0.0151411423
197.06686 8.384 0.1677246094 -0.0186515050
191.08147 10.173 0.1677246094 -0.3732613529
793.31830 11.544 0.1677246094 -0.0186180484
335.19002 11.609 0.1677246094 0.1579339332
659.33848 0.69 0.1677246094 0.0894712457
222.99521 11.996 0.1677246094 -0.0115868530
206.10229 7.942 0.1677246094 0.2430918808
557.34613 12.217 0.1909179688 0.0438338525
302.23231 9.527 0.1909179688 0.1622624121
167.09123 2.306 0.1909179688 -0.0948233326
652.33835 11.955 0.1909179688 0.0444754339
200.23726 9.743 0.1909179688 -0.0589308931
108.04423 11.408 0.1909179688 0.1779482971
139.03992 10.477 0.1909179688 0.1557089415
725.29382 9.519 0.1909179688 0.0000000000
307.11085 12.348 0.1909179688 0.1094114333
138.05490 5.226 0.1909179688 0.9300891779
721.86372 0.651 0.1909179688 -0.0466050197
387.11466 5.628 0.1909179688 0.2746696640
202.01221 0.86 0.1909179688 0.1255904274
240.11491 9.07 0.1909179688 -0.0092694261
261.21717 11.699 0.1909179688 -0.1091028213
171.02739 2.092 0.1909179688 0.4061569603
80.97482 3.003 0.1909179688 0.0956541384
209.83376 3.865 0.1909179688 0.0320459302
209.83377 4.275 0.1909179688 0.0674394188
317.18723 11.592 0.1909179688 -0.0488288461
270.08905 11.955 0.1909179688 -0.0981281499
107.04896 8.69 0.1909179688 -0.0741597711
453.18585 12.336 0.1909179688 0.1131744116
324.99643 2.073 0.1909179688 0.1439015170
397.17136 10.833 0.1909179688 0.1165936930
361.18300 10.229 0.1909179688 0.2507577116
226.09353 10.051 0.1909179688 0.0242793322
304.15421 10.089 0.2163085938 -0.0779426725
173.09307 1.007 0.2163085938 -0.0867073099
324.09111 12.039 0.2163085938 0.1000991368
632.05529 1.0 0.2163085938 -0.0738607783
141.01566 3.755 0.2163085938 0.0850791166
232.15429 4.856 0.2163085938 -0.1641553923
239.09126 11.735 0.2163085938 -0.1292010298
249.10805 2.365 0.2163085938 0.1883295279
259.18052 10.234 0.2163085938 -1.1852721621
275.05621 0.754 0.2163085938 -0.0677327929
126.97134 0.92 0.2163085938 -0.0274340498
196.09681 9.124 0.2163085938 -0.0894523227
706.32819 8.954 0.2163085938 1.3567201241
360.96807 11.999 0.2163085938 -0.0154746222
115.07521 4.193 0.2163085938 0.1666544650
277.08920 2.364 0.2163085938 0.0416854232
441.19742 11.281 0.2163085938 0.0695242702
187.87340 8.427 0.2163085938 0.1404268752
549.21370 9.63 0.2163085938 -0.3618271402
393.11557 10.785 0.2163085938 0.1686681841
166.05314 0.939 0.2163085938 -0.1299415633
249.15572 1.016 0.2163085938 -0.0429276237
291.20654 9.885 0.2163085938 0.0267699934
255.82197 4.751 0.2163085938 0.2730108737
183.09899 6.515 0.2163085938 -0.2470263259
145.04945 1.0 0.2438964844 -0.0885678441
508.08591 1.012 0.2438964844 -0.0438286439
145.04935 0.994 0.2438964844 -0.0885678441
242.98246 7.374 0.2438964844 0.1560684055
265.11811 10.779 0.2438964844 -0.2011627033
331.17529 11.712 0.2438964844 -0.0806605710
111.02000 9.054 0.2438964844 -0.0470419232
72.08071 0.917 0.2438964844 -0.0340605539
99.51218 7.619 0.2438964844 -0.0668886321
272.94442 0.605 0.2438964844 -0.0507077104
117.06976 7.935 0.2438964844 -0.0411290915
354.93174 12.592 0.2438964844 -0.0852864617
126.97144 0.943 0.2438964844 -0.0271658905
409.06754 1.095 0.2438964844 -0.2408455507
489.16273 12.42 0.2438964844 -0.0476556741
783.57184 12.247 0.2438964844 -0.1919529836
185.11830 12.558 0.2438964844 -0.1712309314
396.45639 11.969 0.2438964844 -0.0431553596
275.03886 11.955 0.2438964844 -0.1312941502
158.08099 7.879 0.2438964844 0.0545960048
132.07667 1.015 0.2438964844 -0.0999156704
240.15945 8.688 0.2438964844 -0.0798737821
102.95673 5.012 0.2438964844 -0.0914736752
169.09472 0.91 0.2438964844 -0.0617917549
162.83902 11.979 0.2438964844 -0.1593339929
168.07780 1.032 0.2438964844 -0.0136710996
191.06619 1.892 0.2438964844 -0.1916576477
197.80798 4.227 0.2734375000 0.1182035795
178.08624 9.139 0.2734375000 -0.2849237233
271.18060 10.852 0.2734375000 -0.0990480314
242.98224 6.978 0.2734375000 0.3561186325
114.09122 5.331 0.2734375000 0.0841325933
188.16425 9.634 0.2734375000 0.0340795240
180.10164 9.656 0.2734375000 0.0428136351
446.29603 10.761 0.2734375000 0.0133166400
247.14414 10.417 0.2734375000 -0.6450893397
125.87298 8.404 0.2734375000 0.0382832633
458.98352 1.44 0.2734375000 0.1487932688
182.98867 11.912 0.2734375000 -0.1160098078
135.02986 1.549 0.2734375000 0.0944313445
103.04006 2.128 0.2734375000 0.2814250956
156.07664 1.417 0.2734375000 0.0347478014
92.04305 1.438 0.2734375000 0.0470278799
212.07631 2.342 0.2734375000 0.3512026959
232.05761 9.265 0.2734375000 0.0133367164
146.96114 0.743 0.2734375000 0.0329827039
92.52214 1.525 0.2734375000 0.1537883079
177.10207 3.9 0.2734375000 0.0039537431
187.87337 8.733 0.2734375000 0.0601291326
91.00367 9.096 0.2734375000 0.0247911192
152.05663 10.045 0.2734375000 -0.1458202536
241.15468 4.688 0.2734375000 -0.0656673352
635.06930 10.43 0.2734375000 -0.0156432305
126.10252 0.936 0.2734375000 0.0596007122
307.14011 10.363 0.2734375000 0.0306655839
738.44891 12.651 0.2734375000 0.0900220395
526.33502 11.108 0.2734375000 0.1277757116
232.93500 9.648 0.2734375000 -0.0287343134
321.13092 8.71 0.2734375000 -0.0290949889
360.23904 9.879 0.2734375000 -0.0675951129
640.16271 9.119 0.2734375000 0.0711813558
190.15486 1.3 0.3054199219 0.0791071521
217.03298 1.411 0.3054199219 0.0611003553
157.01166 1.778 0.3054199219 0.1263346385
421.16730 12.055 0.3054199219 -0.0248211946
159.05110 3.693 0.3054199219 -0.1795139879
302.01923 4.916 0.3054199219 0.0951508675
147.07643 0.914 0.3054199219 -0.0088026030
212.11265 2.743 0.3054199219 -0.3070322939
169.97727 2.61 0.3054199219 -0.0913418952
146.96129 2.582 0.3054199219 -0.2123772446
725.33099 11.1 0.3054199219 -0.0823766892
241.10289 0.989 0.3054199219 0.0454053701
421.20414 10.379 0.3054199219 0.1268433484
228.12846 0.972 0.3054199219 0.0190046080
173.92616 11.435 0.3054199219 -0.0705224489
437.23540 10.424 0.3054199219 -0.1638546532
325.17107 10.465 0.3054199219 -0.0456431423
285.97708 9.15 0.3054199219 0.0172352754
328.24808 10.663 0.3054199219 0.0982013934
247.07118 11.161 0.3054199219 -0.2781554750
158.09236 9.95 0.3054199219 -0.0167572967
181.07165 0.988 0.3054199219 0.1309225473
294.20617 9.687 0.3054199219 -0.0721138591
258.15450 8.641 0.3054199219 0.2742068841
205.06814 1.161 0.3054199219 -0.0188825709
249.02274 11.666 0.3054199219 -0.0493952263
778.20494 9.657 0.3054199219 -0.0477253026
370.07339 6.623 0.3054199219 0.1466397605
199.96928 8.234 0.3054199219 -0.0097457251
133.10515 1.114 0.3054199219 -0.1668672804
295.12886 9.271 0.3054199219 -0.1603066811
695.42517 12.546 0.3054199219 0.1289765580
191.98266 0.935 0.3054199219 -0.0931030411
130.06211 1.029 0.3054199219 -0.2021059388
632.05540 0.993 0.3395996094 -0.0649132462
98.98413 2.329 0.3395996094 0.0195208500
195.99212 3.004 0.3395996094 -0.0862851518
242.02522 10.323 0.3395996094 0.0795404640
524.15241 10.436 0.3395996094 -0.0184480740
414.30011 11.739 0.3395996094 -0.2044256408
160.93532 9.172 0.3395996094 0.0257183232
171.09920 7.29 0.3395996094 0.0149984174
317.05589 8.206 0.3395996094 -0.0313787152
168.12290 3.516 0.3395996094 -0.0614448665
111.02014 10.424 0.3395996094 0.0264637658
451.21470 10.875 0.3395996094 0.1553937429
91.05396 9.695 0.3395996094 0.0059518950
705.82720 8.883 0.3395996094 0.0753681994
165.01160 11.331 0.3395996094 0.1289332665
279.01201 9.316 0.3395996094 0.0137070172
223.98822 12.487 0.3395996094 0.0495043981
575.39471 12.566 0.3395996094 -0.0453176763
197.15340 12.767 0.3395996094 0.0579570359
575.39459 12.631 0.3395996094 -0.0453164378
272.20084 10.484 0.3395996094 0.0415712534
347.84913 2.085 0.3395996094 0.1648980493
244.07913 1.192 0.3395996094 -0.0524404298
705.32528 9.119 0.3395996094 0.1007819313
201.01679 2.458 0.3395996094 0.3067242154
276.10116 7.893 0.3395996094 0.6703942902
168.12286 3.898 0.3395996094 -0.0322506363
248.16462 9.682 0.3395996094 -0.0983312179
189.12329 3.624 0.3395996094 -0.1270816750
204.05581 1.036 0.3395996094 -0.0750271791
294.14084 3.52 0.3395996094 -0.1549628424
308.20098 9.244 0.3395996094 0.0191202301
146.06332 5.783 0.3395996094 -0.2714322979
195.05092 2.207 0.3395996094 0.1437062283
226.12834 4.744 0.3395996094 -0.1566019651
101.02432 0.988 0.3395996094 -0.1322557257
415.25378 9.765 0.3395996094 -0.0265686341
612.36945 9.954 0.3757324219 -0.0206389091
235.96117 3.8 0.3757324219 0.0543491833
569.26508 11.514 0.3757324219 -0.0370955825
231.07733 11.943 0.3757324219 0.0792172005
102.95673 6.96 0.3757324219 -0.0682805127
553.88232 12.299 0.3757324219 0.0640596104
185.00655 4.81 0.3757324219 -0.0604613272
504.99519 10.333 0.3757324219 -0.0442927442
785.50444 12.594 0.3757324219 -0.0448366726
193.10697 8.321 0.3757324219 0.0388055702
258.15462 8.299 0.3757324219 0.0389023944
95.01369 0.988 0.3757324219 -0.0920675000
290.26883 12.224 0.3757324219 0.1404537849
761.58417 12.508 0.3757324219 0.0000000000
221.05066 7.947 0.3757324219 0.1628180932
267.17197 12.682 0.3757324219 0.0908833256
180.06885 1.005 0.3757324219 0.2856355702
73.07600 9.618 0.3757324219 -0.0459205168
308.20093 9.228 0.3757324219 0.0338123024
217.04941 1.246 0.3757324219 -0.0473792058
108.94851 0.711 0.3757324219 0.0566129391
255.04329 11.107 0.3757324219 0.0985418778
176.06577 1.113 0.3757324219 -0.0712399887
480.85041 0.749 0.3757324219 0.0144814820
421.20432 9.899 0.3757324219 -0.0196659404
199.06869 9.063 0.3757324219 0.0760492945
440.29200 12.712 0.3757324219 0.1606021652
147.11266 1.298 0.3757324219 -0.1582108810
284.17018 9.876 0.3757324219 -0.1113010840
318.22760 10.422 0.3757324219 0.0001262402
160.13313 0.929 0.3757324219 -0.0244416081
175.10759 1.012 0.3757324219 -0.1053445900
147.07632 5.289 0.3757324219 -0.0526701608
522.20241 6.584 0.3757324219 0.1278608904
298.18579 10.238 0.3757324219 0.0243185422
711.06927 2.468 0.4143066406 -0.0192639608
119.07014 6.478 0.4143066406 -0.0331578801
220.14418 9.691 0.4143066406 0.0095810408
691.06024 9.046 0.4143066406 0.0491640043
405.01419 1.275 0.4143066406 -0.0603509504
200.54568 1.004 0.4143066406 0.1390372963
199.03354 0.882 0.4143066406 -0.0831013166
162.07700 0.889 0.4143066406 -0.2411441594
368.27930 10.977 0.4143066406 0.0284004932
276.13611 4.661 0.4143066406 -0.0131380797
698.16820 9.398 0.4143066406 0.1286863030
418.95567 10.153 0.4143066406 -0.0418762979
525.28825 10.405 0.4143066406 -0.0195758571
504.99520 10.63 0.4143066406 -0.0239815415
88.07557 0.874 0.4143066406 -0.0692673472
297.98584 10.886 0.4143066406 -0.0520206517
203.01723 1.563 0.4143066406 0.0563897311
297.98553 8.106 0.4143066406 0.1078903880
219.96644 7.563 0.4143066406 0.0352538684
264.17474 9.936 0.4143066406 -0.0374421578
379.14916 11.813 0.4143066406 -0.0633595601
360.99793 9.63 0.4143066406 0.0000000000
315.04139 9.462 0.4143066406 0.0898291159
199.10770 8.742 0.4143066406 0.0721181531
487.28036 11.49 0.4143066406 -0.0587012214
195.12266 6.237 0.4143066406 -0.0123102851
344.20657 10.379 0.4143066406 0.0693766069
289.06771 9.654 0.4143066406 -0.0606508195
318.05966 8.714 0.4143066406 0.0266471489
216.06872 8.046 0.4143066406 0.1394018425
149.08072 5.991 0.4143066406 0.0444789269
209.10183 7.667 0.4143066406 0.0601595766
237.89749 2.487 0.4143066406 -0.0252232819
116.07153 0.909 0.4143066406 -0.0885898760
204.12289 1.12 0.4143066406 -0.1091225966
476.30655 10.048 0.4143066406 -0.0040326972
297.04541 6.041 0.4143066406 -0.0802230604
398.32649 11.304 0.4143066406 -0.0550650292
258.10995 0.974 0.4143066406 0.1958227572
90.52582 0.761 0.4143066406 0.0546338975
434.15768 9.106 0.4548339844 -0.0171420348
245.09525 8.796 0.4548339844 0.0747493129
382.34265 11.093 0.4548339844 0.0411879572
257.09938 9.828 0.4548339844 0.0466327361
118.04970 3.758 0.4548339844 -0.1574517488
242.98245 7.562 0.4548339844 0.1050512443
127.03885 1.001 0.4548339844 -0.0722228183
269.02976 10.317 0.4548339844 -0.0466074384
227.03508 9.688 0.4548339844 -0.0089326816
189.13456 6.238 0.4548339844 -0.0335846662
480.15680 12.579 0.4548339844 0.0827348247
689.95621 12.574 0.4548339844 0.0276730549
88.07560 1.067 0.4548339844 -0.0081868125
173.92615 11.13 0.4548339844 -0.0493711097
113.02429 0.991 0.4548339844 -0.1144466968
209.06660 1.251 0.4548339844 0.0203419794
180.13815 10.712 0.4548339844 -0.0370078156
236.58849 1.017 0.4548339844 -0.0179194310
100.07559 1.37 0.4548339844 -0.0228930368
297.98564 9.851 0.4548339844 -0.0323411779
198.04960 1.023 0.4548339844 -0.1200249286
120.06550 0.875 0.4548339844 -0.0801288394
261.94159 4.797 0.4548339844 -0.1955428149
215.86845 7.975 0.4548339844 0.0194823831
438.97194 1.517 0.4548339844 0.0714388250
145.09707 0.931 0.4548339844 -0.1345729842
231.93157 9.376 0.4548339844 -0.0317752453
694.92303 12.344 0.4548339844 0.0963438215
134.89444 9.219 0.4548339844 0.0386352567
705.32525 9.166 0.4548339844 0.0463399490
281.02414 3.841 0.4548339844 0.0306234493
251.17527 9.996 0.4548339844 0.1083979695
374.59629 1.031 0.4548339844 -0.2145143284
225.04926 4.79 0.4973144531 0.1520504033
117.08494 1.011 0.4973144531 0.0723484869
198.12756 10.512 0.4973144531 -0.0019417651
247.08243 10.759 0.4973144531 -0.0884273875
473.97051 0.82 0.4973144531 0.1202860619
311.00024 10.987 0.4973144531 -0.0216855150
310.99992 9.847 0.4973144531 -0.2066383063
258.91571 10.016 0.4973144531 0.0269659347
310.20133 9.1 0.4973144531 -0.0352577982
296.20090 9.244 0.4973144531 0.0045321879
323.19003 11.58 0.4973144531 0.0578183222
342.26364 10.588 0.4973144531 0.0573865618
130.08608 3.859 0.4973144531 -0.0423523028
322.94348 10.845 0.4973144531 0.0226837379
159.07629 1.01 0.4973144531 -0.0678122084
165.11209 5.944 0.4973144531 0.0697257769
118.05098 0.862 0.4973144531 0.0456180514
229.56254 1.202 0.4973144531 0.0729449295
264.07714 0.994 0.4973144531 0.3186302378
399.49400 1.286 0.4973144531 -0.1948271658
461.80297 1.263 0.4973144531 -0.0941194434
102.95672 6.736 0.4973144531 -0.0506396024
223.14409 9.125 0.4973144531 0.0257063745
209.94902 5.841 0.4973144531 -0.0565257335
314.34186 10.586 0.4973144531 -0.0215686026
105.01920 1.397 0.4973144531 0.0690550723
177.10193 10.234 0.4973144531 0.0210091099
211.14407 9.009 0.4973144531 -0.0816363580
81.52054 0.787 0.4973144531 0.0651184786
444.99817 11.416 0.4973144531 0.0088721516
161.12841 1.01 0.4973144531 -0.1261835127
131.08142 4.505 0.4973144531 -0.1874626841
257.11322 8.472 0.4973144531 0.0191160601
663.43469 12.755 0.4973144531 0.2637587187
161.04539 1.564 0.4973144531 0.0627124484
209.13823 7.93 0.4973144531 -0.0473337966
111.02003 12.66 0.4973144531 0.0000000000
293.09537 12.356 0.4973144531 -0.0226241640
258.91731 1.113 0.4973144531 0.2496128117
417.03007 9.815 0.5417480469 -0.0551466588
204.01919 9.981 0.5417480469 -0.0209802097
698.16849 9.637 0.5417480469 -0.0713083406
115.03993 0.99 0.5417480469 -0.1146994525
242.28430 9.88 0.5417480469 -0.0457455517
635.06921 9.54 0.5417480469 -0.0160395773
353.14236 11.998 0.5417480469 -0.0312283747
608.38342 11.87 0.5417480469 0.0737703967
390.87042 6.254 0.5417480469 -0.0379252071
161.04543 0.992 0.5417480469 -0.0624092712
487.03583 1.444 0.5417480469 0.1423488979
130.05081 0.9 0.5417480469 0.0613137409
315.04162 10.418 0.5417480469 0.0035983359
233.00668 11.007 0.5417480469 0.0782680294
707.35472 0.668 0.5417480469 0.2079317660
115.03881 4.262 0.5417480469 -0.0294452304
371.12243 11.684 0.5417480469 -0.0656834081
379.17993 11.998 0.5417480469 -0.0299070939
144.06544 5.699 0.5417480469 0.1480725101
131.07020 9.176 0.5417480469 -0.0084787393
349.10883 0.973 0.5417480469 -0.0528672818
119.03487 0.991 0.5417480469 -0.0701651685
200.07205 9.032 0.5417480469 0.0238981104
188.06636 9.702 0.5417480469 0.0317599874
181.05831 4.499 0.5417480469 0.0808397439
612.88161 0.614 0.5417480469 -0.0333366734
191.10249 10.256 0.5417480469 0.0212478486
233.07664 7.143 0.5417480469 0.0720873019
79.51944 1.507 0.5417480469 0.0373007772
435.19839 11.83 0.5417480469 0.0619338794
137.04564 10.098 0.5417480469 0.1261547132
151.09639 3.899 0.5417480469 -0.0190026194
434.21735 8.685 0.5417480469 0.0276115058
269.13839 11.789 0.5417480469 0.0006402743
111.02019 7.619 0.5417480469 0.0121193928
172.20593 8.813 0.5417480469 0.0486736138
225.07557 11.622 0.5417480469 -0.0154152472
107.07014 1.305 0.5417480469 0.0321279128
88.03921 2.029 0.5417480469 0.0417306005
276.00377 4.139 0.5417480469 0.0531814520
176.12802 0.894 0.5878906250 -0.0475061934
143.03486 0.991 0.5878906250 -0.1024357065
143.03485 0.992 0.5878906250 -0.1024357065
149.04539 1.234 0.5878906250 -0.0257931000
200.10289 1.337 0.5878906250 -0.1207475592
255.13494 9.538 0.5878906250 0.0702598739
309.18077 10.914 0.5878906250 0.0012099494
422.92822 10.675 0.5878906250 -0.0219370072
415.54919 1.007 0.5878906250 0.2840944555
179.05607 7.974 0.5878906250 0.0530064885
321.89743 5.763 0.5878906250 -0.1093183178
180.08653 1.783 0.5878906250 0.0410256073
379.28156 0.626 0.5878906250 0.0130402589
165.01913 9.687 0.5878906250 0.0116162880
377.91455 5.802 0.5878906250 -0.0717830315
230.24769 11.321 0.5878906250 0.0318359159
220.11785 6.676 0.5878906250 -0.0188706131
175.04773 9.931 0.5878906250 -0.0473791720
203.05259 1.204 0.5878906250 0.0014952772
129.93629 10.623 0.5878906250 -0.0487596272
311.00019 10.587 0.5878906250 -0.0192208202
522.08875 9.141 0.5878906250 0.0514332731
314.23240 10.038 0.5878906250 -0.6474784817
196.09682 7.784 0.5878906250 -0.0278466690
132.06535 4.662 0.5878906250 0.0938149730
340.26912 12.54 0.5878906250 0.1021547276
267.84787 4.643 0.5878906250 -0.0571616556
667.32529 0.715 0.5878906250 0.0488298938
317.05597 8.648 0.5878906250 -0.0316614414
143.03486 0.991 0.5878906250 -0.1024357065
146.08114 0.943 0.5878906250 -0.0559606003
179.08471 6.26 0.5878906250 -0.0963541768
239.01644 1.016 0.5878906250 -0.0361024319
258.12554 8.709 0.5878906250 -0.0024950549
272.95899 0.639 0.5878906250 -0.0265082592
111.02004 12.395 0.5878906250 0.0024456663
136.04808 1.003 0.5878906250 -0.0183021151
239.01650 0.999 0.5878906250 -0.0361868182
105.05448 1.968 0.5878906250 0.0613911753
454.24306 9.525 0.5878906250 0.0125162848
128.04530 10.421 0.5878906250 0.0345663206
130.08616 0.963 0.6354980469 -0.1101319795
173.10430 1.503 0.6354980469 0.0084661957
131.03477 0.991 0.6354980469 -0.0815142551
85.02830 0.999 0.6354980469 -0.0558582631
352.16861 12.568 0.6354980469 0.0304943023
419.14191 9.659 0.6354980469 -0.0314157719
128.95069 2.586 0.6354980469 -0.0720319759
416.28513 11.536 0.6354980469 -0.0829809079
154.06217 1.055 0.6354980469 0.1103095683
203.04026 4.626 0.6354980469 0.0217387290
214.03322 0.96 0.6354980469 0.1240119499
246.97734 4.126 0.6354980469 0.0243088418
186.07591 5.789 0.6354980469 0.0129379393
276.11887 5.255 0.6354980469 -0.0021426230
190.92841 8.648 0.6354980469 -0.0650620351
412.86265 1.253 0.6354980469 -0.0751790889
114.06612 1.012 0.6354980469 -0.0132581233
336.85849 10.106 0.6354980469 0.0013987558
164.95691 2.482 0.6354980469 0.0535924093
146.93845 2.351 0.6354980469 0.0157454379
96.96958 2.479 0.6354980469 -0.0097414631
346.00940 8.557 0.6354980469 0.0062675222
168.07661 2.356 0.6354980469 -0.0161890262
146.96100 1.206 0.6354980469 0.0319293844
420.92733 9.22 0.6354980469 -0.0153371433
449.11725 0.993 0.6354980469 -0.0012861282
269.08778 1.414 0.6354980469 0.0522864315
250.17998 7.782 0.6848144531 0.0159406333
247.03088 1.446 0.6848144531 0.1782514255
303.22939 0.639 0.6848144531 -0.0160620791
305.06317 10.048 0.6848144531 0.0072404027
353.16799 1.006 0.6848144531 0.1247494191
204.15923 8.684 0.6848144531 0.0053546494
208.06134 11.426 0.6848144531 -0.0489340641
127.05112 0.93 0.6848144531 0.0198960297
256.93816 2.426 0.6848144531 -0.0456808242
396.03459 4.792 0.6848144531 -0.0102433984
146.93846 9.294 0.6848144531 -0.0258668220
187.07130 10.882 0.6848144531 0.0200408544
86.09628 1.047 0.6848144531 -0.0685390697
181.06275 0.995 0.6848144531 0.0385735076
86.09634 1.065 0.6848144531 -0.0694622197
153.12730 10.118 0.6848144531 -0.0100856977
203.00457 1.459 0.6848144531 0.0008831341
223.96317 2.425 0.6848144531 0.0096887571
191.08138 10.787 0.6848144531 -0.0051846647
324.19171 10.394 0.6848144531 0.0218333119
367.10513 0.988 0.6848144531 0.0069195387
177.08678 6.573 0.6848144531 0.0262545862
367.10526 0.978 0.6848144531 0.0038520205
89.02439 1.449 0.6848144531 -0.0195794955
175.09635 5.995 0.6848144531 -0.0121165591
183.11264 6.732 0.6848144531 -0.0243194215
177.11198 6.256 0.6848144531 -0.0322227444
189.12341 0.99 0.6848144531 0.0295851162
258.11248 9.938 0.6848144531 -0.0132276708
325.20100 11.795 0.6848144531 -0.0048104852
426.21209 8.442 0.6848144531 -0.0046807444
332.24300 9.924 0.6848144531 0.0310330844
290.15961 6.066 0.6848144531 0.2074914485
198.09718 1.002 0.6848144531 0.0038735546
213.03271 11.009 0.6848144531 -0.0079735587
223.09228 0.991 0.6848144531 0.0643603325
206.10211 8.266 0.6848144531 -0.0409143738
551.22836 9.747 0.6848144531 -0.0219594488
582.15784 9.692 0.6848144531 -0.0821677313
493.13580 8.792 0.6848144531 0.0527017327
90.05492 0.83 0.6848144531 -0.0274422212
376.21774 9.262 0.6848144531 0.0003861437
401.24885 9.151 0.6848144531 -0.0041860440
389.16269 10.288 0.6848144531 0.0043866397
340.13251 6.956 0.6848144531 0.0055656847
311.00018 10.361 0.6848144531 -0.0111809702
406.07755 8.931 0.6848144531 -0.0075756394
780.21936 9.632 0.6848144531 -0.0097899466
190.92842 5.012 0.6848144531 -0.0262509052
104.10691 0.751 0.6848144531 0.1311556267
174.04068 9.047 0.6848144531 -0.0592244668
148.06036 0.977 0.6848144531 0.1639090903
445.11963 12.49 0.6848144531 -0.0230333505
190.92839 9.84 0.6848144531 -0.0232322394
209.09206 9.067 0.6848144531 -0.0025003028
189.04672 0.935 0.6848144531 0.1840050240
180.01162 0.852 0.6848144531 0.0739264876
412.30566 11.373 0.6848144531 0.1162496088
200.07224 9.616 0.7353515625 -0.0122412694
281.15950 9.565 0.7353515625 -0.0033219887
250.03838 8.012 0.7353515625 0.0462971312
102.95671 8.75 0.7353515625 0.0581679985
582.15788 10.23 0.7353515625 0.0123071635
105.03673 2.076 0.7353515625 0.0062259615
319.20160 9.052 0.7353515625 0.0374395930
294.20602 6.275 0.7353515625 0.0010787354
780.21934 9.608 0.7353515625 -0.0227376213
439.68412 3.58 0.7353515625 -0.0679638214
719.96772 12.469 0.7353515625 0.0353904726
179.08727 9.381 0.7353515625 0.1863251416
236.22177 12.503 0.7353515625 0.0111033990
129.05452 7.943 0.7353515625 0.0274853381
90.50677 12.471 0.7353515625 0.0000000000
145.06186 0.91 0.7353515625 0.0508791606
307.85583 8.541 0.7353515625 -0.0506950148
419.04828 1.448 0.7353515625 -0.0985442473
336.85871 2.805 0.7353515625 -0.0103613788
100.07559 2.81 0.7353515625 0.1839105414
134.04472 2.01 0.7353515625 0.0508890546
418.95567 10.374 0.7353515625 -0.0340538055
90.52578 1.842 0.7353515625 0.0144897207
269.08792 0.988 0.7353515625 -0.0133699451
170.15375 8.756 0.7353515625 0.0305736728
205.08172 2.444 0.7353515625 -0.0708870424
215.17541 7.058 0.7353515625 0.0025537357
315.04161 9.833 0.7353515625 -0.0123920405
136.04800 1.494 0.7353515625 0.0932284928
179.05488 1.986 0.7353515625 0.0238920457
175.11892 1.026 0.7353515625 0.0371697832
101.07896 2.801 0.7353515625 0.1798087706
272.17023 7.569 0.7353515625 -0.0141331457
87.04396 1.983 0.7353515625 0.0082323519
151.06264 11.301 0.7353515625 0.0790386747
140.07027 1.006 0.7353515625 0.0062995442
182.08107 8.577 0.7353515625 -0.0077239254
271.09953 11.391 0.7353515625 -0.0123645236
231.08377 4.726 0.7353515625 -0.0493473224
207.14903 10.244 0.7353515625 0.0224719125
129.06566 9.317 0.7353515625 -0.0384175815
166.08610 7.964 0.7353515625 0.0382181434
382.14517 12.078 0.7353515625 -0.0427006097
229.91606 11.99 0.7353515625 -0.1014322661
83.03866 0.637 0.7868652344 0.0145237353
209.83365 4.953 0.7868652344 -0.0346549567
353.26603 0.658 0.7868652344 0.0391142755
102.95662 5.572 0.7868652344 0.0196763841
153.06584 9.4 0.7868652344 0.0202623933
152.03747 0.922 0.7868652344 -0.4158785588
101.07077 0.99 0.7868652344 0.0097416151
434.87184 1.655 0.7868652344 -0.0015465838
133.09701 9.684 0.7868652344 0.0123156396
187.04184 1.45 0.7868652344 0.1147384714
303.91345 1.715 0.7868652344 0.0221077843
71.01366 1.245 0.7868652344 -0.0310972919
137.04578 8.857 0.7868652344 -0.0995706399
358.25885 9.566 0.7868652344 0.0079319281
317.05572 7.921 0.7868652344 -0.0129213146
175.05762 0.989 0.7868652344 0.0268830826
228.99405 11.33 0.7868652344 0.0341501581
217.05670 5.627 0.7868652344 -0.0019044149
132.99174 11.311 0.7868652344 -0.0009251780
311.12905 0.991 0.7868652344 -0.0084694487
199.10043 1.206 0.7868652344 0.0046255419
783.81581 0.699 0.7868652344 -0.0114330409
323.14249 11.965 0.7868652344 -0.0069163854
191.13902 0.914 0.7868652344 0.0118542304
309.18085 10.921 0.7868652344 -0.0089714015
125.02431 1.208 0.7868652344 0.0113975894
81.52049 1.948 0.7868652344 0.0075006132
261.14441 5.814 0.7868652344 -0.0568075019
582.15797 10.491 0.7868652344 0.0069988278
471.19640 11.271 0.7868652344 -0.1865441221
86.05991 1.918 0.7868652344 -0.0925714817
102.01944 2.648 0.7868652344 0.0387361462
145.12218 6.4 0.7868652344 -0.3131757651
255.04659 1.162 0.7868652344 0.2222140103
135.10161 5.036 0.7868652344 0.0105138367
178.05854 1.363 0.7868652344 -0.0126325622
162.07594 1.02 0.7868652344 0.0317433947
205.08168 1.646 0.7868652344 0.0117577961
272.07651 7.249 0.8393554688 -0.0119547081
119.08140 9.653 0.8393554688 -0.0257081458
190.92831 11.975 0.8393554688 -0.0303713186
190.92833 2.326 0.8393554688 0.0292320878
93.07378 0.817 0.8393554688 0.0056449589
252.12307 9.556 0.8393554688 0.1016162998
91.05396 10.004 0.8393554688 -0.0222782197
279.13378 10.427 0.8393554688 -0.0137436947
365.10514 4.803 0.8393554688 0.0390610238
117.09095 7.027 0.8393554688 0.0019030168
466.81659 1.86 0.8393554688 -0.0322386915
269.05336 10.389 0.8393554688 -0.0171259905
71.06032 9.925 0.8393554688 -0.0817642720
180.97290 1.07 0.8393554688 0.0490196383
308.18542 9.698 0.8393554688 -0.0213170800
270.19113 8.84 0.8393554688 0.0001642982
85.07597 9.659 0.8393554688 0.0323478447
331.95245 4.82 0.8393554688 0.0046672403
99.09158 0.871 0.8393554688 -0.0542880791
139.53088 1.201 0.8393554688 0.0919330536
161.96956 5.914 0.8393554688 0.0237552368
150.05495 10.804 0.8393554688 -0.0440616945
131.54204 0.971 0.8393554688 0.0126107599
165.04176 12.772 0.8393554688 -0.0815328010
463.48311 1.347 0.8393554688 0.2106147270
83.53570 0.571 0.8393554688 0.0061791396
131.08129 8.998 0.8393554688 -0.0221456570
128.04539 9.945 0.8393554688 0.0107576313
102.95674 5.952 0.8393554688 0.0508272196
319.00836 0.533 0.8393554688 0.0281880257
237.08673 7.957 0.8393554688 0.0323335766
437.29077 11.98 0.8393554688 0.0035232047
210.13344 8.407 0.8393554688 0.0452130475
88.98779 8.834 0.8393554688 0.0000000000
642.31799 0.711 0.8393554688 0.0261117805
96.04426 4.377 0.8393554688 -0.0572880169
174.95605 1.643 0.8393554688 0.0251548220
299.01967 4.218 0.8393554688 0.0215173644
76.07560 0.762 0.8393554688 -0.2081342338
140.07021 1.019 0.8925781250 0.0068263846
140.07022 1.01 0.8925781250 0.0061160778
364.09756 6.636 0.8925781250 -0.0048030551
584.16293 9.677 0.8925781250 0.0223527746
185.12834 7.4 0.8925781250 0.0131956655
583.16022 8.649 0.8925781250 0.0133196064
85.02833 1.167 0.8925781250 -0.0407774914
201.03806 1.449 0.8925781250 -0.0472154707
190.92835 1.975 0.8925781250 -0.0391907581
132.03019 2.166 0.8925781250 0.0939856663
408.08248 9.042 0.8925781250 0.0111806006
197.12844 8.684 0.8925781250 -0.0482524585
303.20673 9.547 0.8925781250 0.0300788003
635.06859 9.138 0.8925781250 0.0067941226
219.19531 12.438 0.8925781250 0.0365960737
255.82195 4.296 0.8925781250 0.0579220778
188.94906 1.465 0.8925781250 -0.0139482218
161.09203 4.717 0.8925781250 0.1608024793
310.21667 9.245 0.8925781250 0.0006761776
356.24314 11.873 0.8925781250 0.0187793273
197.12923 6.244 0.8925781250 0.0242574071
185.09192 7.552 0.8925781250 -0.3463973111
255.82207 3.971 0.8925781250 -0.0403294202
210.13340 6.021 0.8925781250 0.0440176377
225.06165 1.205 0.8925781250 0.0294667755
298.05252 1.172 0.8925781250 -0.0291854489
127.03890 1.207 0.8925781250 0.0727926375
487.30560 11.514 0.8925781250 -0.0230055328
316.04490 10.475 0.8925781250 -0.0031601868
366.11176 6.382 0.8925781250 -0.0208935459
188.93295 2.197 0.8925781250 -0.0155578051
150.12764 10.599 0.8925781250 -0.0161063158
316.04492 9.022 0.8925781250 0.0552349966
180.05942 1.204 0.8925781250 -0.0312772762
163.06002 1.001 0.8925781250 0.0523439198
149.04551 1.551 0.8925781250 -0.0028164576
409.08652 10.494 0.8925781250 -0.0061601294
189.15960 1.36 0.8925781250 0.0221698666
440.02592 5.068 0.9460449219 -0.0050087958
221.05068 9.929 0.9460449219 0.0150647169
88.07559 0.78 0.9460449219 -0.0448376990
388.25419 9.449 0.9460449219 -0.0047295744
203.05251 1.003 0.9460449219 0.0128711649
190.92841 8.49 0.9460449219 -0.0427737521
327.93213 5.808 0.9460449219 -0.0328291066
190.92843 10.84 0.9460449219 -0.0224276947
388.25410 9.464 0.9460449219 -0.0106651093
202.17990 9.685 0.9460449219 -0.0061621664
177.08682 8.887 0.9460449219 0.0151803816
320.13331 1.017 0.9460449219 0.0069035834
159.07624 9.146 0.9460449219 -0.0108173836
141.06581 4.488 0.9460449219 0.1300129275
356.27935 11.065 0.9460449219 -0.0166263527
159.07617 9.025 0.9460449219 -0.0110796251
279.17010 9.088 0.9460449219 0.0232802193
332.19155 8.904 0.9460449219 0.0087606409
217.04958 0.799 0.9460449219 -0.0598580775
149.11722 7.029 0.9460449219 0.0117331511
199.06892 9.647 0.9460449219 -0.0058197484
91.50454 9.41 0.9460449219 -0.0414148051
179.09351 9.273 0.9460449219 0.0531172152
582.15729 9.277 0.9460449219 0.0078165829
178.08377 9.047 0.9460449219 0.0110438216
418.16272 8.633 0.9460449219 0.0028518687
551.22772 8.55 0.9460449219 0.0168948550
145.07600 10.718 0.9460449219 0.0511956006
145.07600 11.109 0.9460449219 0.0430626085
158.04011 0.897 0.9460449219 -0.0067797255
432.14178 9.674 0.9460449219 0.0026423388
480.00681 6.217 0.9460449219 0.2037447744
166.94304 3.234 0.9460449219 0.0387279850
189.95895 3.192 0.9460449219 0.0156971036
233.87537 2.909 0.9460449219 -0.0166962742
349.60466 1.028 0.9460449219 0.0305831494
106.04982 0.84 0.9460449219 -0.0388160253
116.07055 0.913 0.9460449219 0.0272404766
384.11905 1.015 0.9460449219 0.0517376406
88.04027 1.037 0.9460449219 0.0340191568
612.85868 0.702 0.9460449219 -0.0078198797
286.17993 9.975 0.9460449219 0.0277023250
246.04396 9.126 0.9460449219 0.0332482840
97.02831 0.999 0.9460449219 0.1464560573
388.87366 2.809 0.9460449219 -0.0110644536
203.05260 0.997 0.9460449219 0.0128711649
502.85944 1.678 0.9460449219 0.0135530527
195.05086 2.523 0.9460449219 0.0466307897
101.02426 1.2 0.9460449219 -0.0154109258
124.00731 0.904 0.9460449219 -0.0557100851
188.94916 1.43 0.9460449219 -0.0142170061
372.25923 10.504 0.9460449219 -0.0047311296
284.17015 9.68 0.9460449219 -0.0172485949
189.14840 10.117 0.9460449219 0.0553426635
207.01410 0.908 0.9460449219 0.0664104718
99.04488 1.009 0.9460449219 -0.0389318591
471.24462 10.798 0.9460449219 0.0021865586
241.03105 1.001 1.0000000000 -0.0150871437
209.06651 1.5 1.0000000000 -0.0483221900
193.09712 6.272 1.0000000000 -0.0052220974
110.54142 0.75 1.0000000000 0.0150483943
113.09592 6.146 1.0000000000 0.0850483603
230.08427 9.943 1.0000000000 0.0243848501
245.07683 8.42 1.0000000000 -0.0081808880
160.07973 4.375 1.0000000000 0.0073210812
225.93234 3.726 1.0000000000 -0.0050427569
133.08579 6.236 1.0000000000 0.0124167489
226.92738 2.457 1.0000000000 -0.0052041433
427.09502 6.181 1.0000000000 0.0323508590
165.07559 2.494 1.0000000000 0.0459659239
205.10695 10.206 1.0000000000 -0.1008807542
185.03049 9.821 1.0000000000 -0.0337625346
102.05483 8.933 1.0000000000 -0.0055574300
430.36731 0.756 1.0000000000 -0.0086533958
150.05492 9.579 1.0000000000 -0.0164911511
437.23557 9.826 1.0000000000 -0.0043451903
102.12759 12.537 1.0000000000 0.1121588217
132.10186 1.065 1.0000000000 0.0567876713
160.13321 5.706 1.0000000000 -0.0341818709
97.02825 1.049 1.0000000000 0.0561792804
73.06475 7.028 1.0000000000 0.0168163914
190.92842 8.022 1.0000000000 -0.0361061443
143.10651 6.511 1.0000000000 0.0417523352
89.05968 2.623 1.0000000000 0.0411967643
189.08695 10.311 1.0000000000 0.0481961238
315.04150 8.971 1.0000000000 0.0281330644
150.02283 0.922 1.0000000000 -0.0493194858
244.15546 11.136 1.0000000000 -0.0784064260
288.21670 9.624 1.0000000000 0.0000000000
283.10376 10.507 1.0000000000 -0.0197343188
130.04974 4.011 1.0000000000 0.0081851631
447.89196 1.202 1.0000000000 -0.0402846717
309.11905 9.619 1.0000000000 0.0056654993
101.05956 10.514 1.0000000000 0.0147634322
276.19543 8.459 1.0000000000 0.0052170424
203.04007 4.18 1.0000000000 0.0630754784
214.08938 9.197 1.0000000000 0.0339559721
261.09446 1.214 1.0000000000 0.0554575655
180.08652 1.003 1.0000000000 0.0300866087
375.16199 11.717 1.0000000000 0.0062058157
315.04155 8.621 1.0000000000 0.0033021872
317.14536 3.942 1.0000000000 0.0047502810
179.09099 9.09 1.0000000000 0.0182031764
780.21894 9.092 1.0000000000 0.0186634424
227.89438 8.954 1.0000000000 0.0585505739
426.35752 12.401 1.0000000000 -0.0526806358
178.09031 10.06 1.0000000000 0.0130141193
87.00860 1.205 1.0000000000 -0.0577719869
194.92729 4.977 1.0000000000 0.0332293659
201.02649 10.16 1.0000000000 -0.0463858114
432.04721 8.318 1.0000000000 -0.0046781506
665.37395 0.645 1.0000000000 0.1300404733
334.12581 1.044 1.0000000000 -0.0375984602
