"m.z" "r.t" "p.value" "t.score"
672.85934 0.671 0.0156250000 -0.2479074280
258.91571 10.016 0.0156250000 -0.0424535472
695.42517 12.546 0.0156250000 0.2136399577
305.22233 11.03 0.0156250000 0.1878231699
104.07053 0.875 0.0156250000 0.2776086528
738.44891 12.651 0.0156250000 0.1611699916
257.11322 8.472 0.0156250000 0.0187182582
185.11830 12.558 0.0156250000 -0.1925917334
346.08652 8.44 0.0156250000 -0.2035890496
427.21881 10.726 0.0156250000 -0.1739473323
567.39009 0.618 0.0156250000 -0.2771871635
209.83376 3.865 0.0156250000 -0.1353713100
289.22728 9.974 0.0156250000 0.2691853843
197.80798 4.227 0.0156250000 -0.4117335333
290.15961 6.066 0.0156250000 0.8212211473
324.99643 2.073 0.0156250000 0.3430264175
159.05110 3.693 0.0156250000 0.5651515679
705.82720 8.883 0.0156250000 0.1241465377
316.04492 9.022 0.0156250000 0.1741141025
437.21277 12.146 0.0156250000 0.1499109207
105.05448 1.968 0.0156250000 2.6817331509
263.12129 11.682 0.0156250000 0.3350040522
80.97482 3.003 0.0156250000 -0.1910784911
315.04150 8.971 0.0156250000 0.1816671479
187.08647 12.053 0.0156250000 0.1238188924
200.54568 1.004 0.0156250000 -0.3189027546
515.56788 1.001 0.0156250000 -0.3058066861
188.94916 1.43 0.0156250000 0.0960430011
229.56251 1.002 0.0156250000 -0.3618256553
275.05621 0.754 0.0156250000 -0.0501343587
279.11602 12.082 0.0156250000 0.1134007200
113.03078 1.938 0.0156250000 2.2758449825
347.84913 2.085 0.0156250000 0.3496266757
583.15175 9.301 0.0156250000 0.4647100562
348.89496 2.036 0.0156250000 0.0326333091
275.21163 9.852 0.0156250000 0.1171759573
173.10430 1.503 0.0156250000 -0.4628445313
412.30566 11.373 0.0156250000 0.3667696914
199.96928 8.234 0.0156250000 -0.0970996935
188.94906 1.465 0.0156250000 0.1062963677
449.11725 0.993 0.0156250000 -0.1224487792
176.12800 11.055 0.0156250000 0.4551310422
265.11811 10.779 0.0156250000 0.0000000000
261.18080 11.062 0.0156250000 0.2497058011
255.82197 4.751 0.0156250000 -0.5361704685
87.04396 1.983 0.0156250000 1.6261992613
264.09794 10.479 0.0156250000 -0.2191967960
264.12424 11.817 0.0156250000 0.3011409741
204.12289 1.12 0.0156250000 0.8335200560
103.04006 2.128 0.0156250000 1.1974916092
307.14011 10.363 0.0156250000 -0.1572277308
112.98560 0.672 0.0156250000 -0.1417760809
88.07559 0.78 0.0156250000 -0.7262435101
168.07780 1.032 0.0156250000 -0.1420631691
305.09646 11.916 0.0156250000 -0.1149228137
387.28674 11.884 0.0156250000 -0.0711760035
75.00862 7.446 0.0156250000 -0.4139100935
248.96050 0.661 0.0156250000 -0.1466907012
272.20084 10.484 0.0156250000 0.0476611735
307.11093 11.428 0.0156250000 0.1294200970
209.06660 1.251 0.0156250000 -0.3079605276
706.32819 8.954 0.0156250000 0.3840143452
508.08591 1.012 0.0156250000 -0.1479305599
113.03080 1.937 0.0156250000 1.6193849150
255.13494 9.538 0.0156250000 0.1617364977
209.83377 4.275 0.0156250000 -0.1961292429
328.16675 10.866 0.0156250000 0.0723209021
288.00378 4.675 0.0156250000 0.7420858383
258.15450 8.641 0.0156250000 -1.1426485654
276.10116 7.893 0.0156250000 0.6595570920
162.83902 11.979 0.0156250000 -0.1316527828
450.01277 1.949 0.0156250000 0.9064029130
228.99405 11.33 0.0156250000 -0.5769990279
439.28392 12.663 0.0156250000 1.2488876781
302.01923 4.916 0.0156250000 0.3577789456
382.34265 11.093 0.0156250000 0.1652804177
85.02833 1.167 0.0312500000 -0.2178052431
226.09353 10.051 0.0312500000 0.1015433543
236.58849 1.017 0.0312500000 -0.1643902822
243.13377 10.443 0.0312500000 0.2427984048
233.00668 11.007 0.0312500000 0.2686629361
229.05791 5.313 0.0312500000 0.1441186238
342.26364 10.588 0.0312500000 0.4953261437
154.06217 1.055 0.0312500000 -0.2959494450
557.34613 12.217 0.0312500000 0.1296897279
307.11085 12.348 0.0312500000 0.0742955646
139.03992 10.477 0.0312500000 0.1116576133
635.06932 10.199 0.0312500000 0.0890969099
307.16514 10.397 0.0312500000 0.1945600752
258.10995 0.974 0.0312500000 -0.9439051624
291.20673 10.714 0.0312500000 0.1650222490
128.95069 2.586 0.0312500000 0.2976518108
344.20657 10.379 0.0312500000 0.2061401690
348.10080 8.211 0.0312500000 0.0000000000
88.07557 0.874 0.0312500000 0.1993532352
101.07077 0.99 0.0312500000 -0.2797315139
694.92303 12.344 0.0312500000 0.0979444372
447.89196 1.202 0.0312500000 -0.2202653908
407.18846 10.548 0.0312500000 0.3283037006
371.17238 10.818 0.0312500000 0.1291680770
149.08072 5.991 0.0312500000 0.4627862855
604.13812 8.48 0.0312500000 0.5472735017
229.56254 1.202 0.0312500000 -0.3344872761
203.01723 1.563 0.0312500000 -0.3728164940
117.09095 7.027 0.0312500000 -0.0365257404
269.08780 10.595 0.0312500000 0.1073827090
302.01938 5.534 0.0312500000 0.4682967749
756.24129 8.822 0.0312500000 0.3381216359
328.24829 9.581 0.0312500000 0.2228145025
316.94798 0.643 0.0312500000 -0.2021795284
169.97727 2.61 0.0312500000 0.3698430577
453.18585 12.336 0.0312500000 0.1053944691
322.12982 12.527 0.0312500000 0.1288685016
86.05991 1.918 0.0312500000 -0.3902973845
398.32649 11.304 0.0312500000 1.4126418778
463.48311 1.347 0.0312500000 -0.3687345685
233.16465 9.864 0.0312500000 0.0919938781
572.35541 12.497 0.0312500000 0.2326805876
518.83193 1.289 0.0312500000 -0.0863382177
261.12341 10.988 0.0312500000 -0.3386371523
309.12663 11.904 0.0312500000 0.1365573459
349.08928 10.373 0.0312500000 0.1976398737
146.96129 2.582 0.0312500000 0.5090853950
276.14394 5.173 0.0312500000 0.3818976067
259.09244 5.411 0.0468750000 0.6825305877
165.11209 5.944 0.0468750000 -0.2361336807
196.14204 0.68 0.0468750000 -0.0360661451
281.07666 10.459 0.0468750000 -0.2868172730
297.09353 5.148 0.0468750000 0.1967528113
665.37395 0.645 0.0468750000 -0.5763456554
277.11832 10.94 0.0468750000 -0.2652733413
177.10207 3.9 0.0468750000 0.0393107699
690.50885 12.897 0.0468750000 0.1225891363
145.12218 6.4 0.0468750000 -28.3611651981
449.30468 12.874 0.0468750000 0.1114548481
213.12320 2.188 0.0468750000 0.2119762719
278.17495 7.936 0.0468750000 -0.0300119759
203.04007 4.18 0.0468750000 0.5387553257
171.02739 2.092 0.0468750000 0.9642911777
365.10535 5.437 0.0468750000 0.2618066311
719.96772 12.469 0.0468750000 0.0917429781
553.88232 12.299 0.0468750000 0.1163103387
548.29046 12.305 0.0468750000 0.1117879994
111.02004 12.395 0.0468750000 0.3184755702
168.07661 2.356 0.0468750000 0.6605734147
487.62840 3.778 0.0468750000 -0.7286705727
241.08692 11.965 0.0468750000 -0.4620358503
317.14536 3.942 0.0468750000 0.0652813879
125.87298 8.404 0.0468750000 -0.1489833580
226.95144 0.643 0.0468750000 -0.2246060084
640.16271 9.119 0.0468750000 0.3599946943
390.87042 6.254 0.0468750000 0.5761706303
101.02432 0.988 0.0468750000 -0.1215516595
101.01674 5.642 0.0468750000 0.3967172346
793.36467 9.087 0.0468750000 0.7909032836
212.11807 9.798 0.0468750000 0.3656414517
129.06569 0.987 0.0468750000 -0.5043051783
321.13092 8.71 0.0468750000 -0.0257166240
228.99393 11.618 0.0468750000 -0.2700589527
451.21470 10.875 0.0468750000 0.1412134062
256.16943 9.741 0.0468750000 0.1248726417
207.12252 10.344 0.0468750000 0.3705212393
286.20103 9.535 0.0468750000 0.3441678695
253.05434 6.017 0.0468750000 0.2700056287
396.31046 11.517 0.0468750000 0.4418266269
440.22751 8.348 0.0468750000 0.1046390656
83.03866 0.637 0.0468750000 0.0832105347
179.05607 7.974 0.0468750000 -0.3814657448
144.10184 1.135 0.0468750000 0.2110133266
135.02986 1.549 0.0468750000 -0.2504237529
204.12297 0.92 0.0468750000 0.8644824236
318.22760 10.422 0.0468750000 0.0217705912
191.99763 10.928 0.0468750000 0.3693212924
231.93167 11.489 0.0468750000 0.2727119307
437.23540 10.424 0.0781250000 0.1371981109
345.07263 11.048 0.0781250000 0.0780671615
490.28535 11.201 0.0781250000 1.7920345566
289.06771 9.654 0.0781250000 -27.7488383903
286.20099 9.676 0.0781250000 0.3140610675
202.01221 0.86 0.0781250000 0.2627014177
196.09662 9.84 0.0781250000 0.0466234088
264.19561 6.634 0.0781250000 0.0000000000
330.91568 12.664 0.0781250000 0.0890054610
165.04176 12.772 0.0781250000 -0.1207903919
242.02522 10.323 0.0781250000 0.3314708251
203.05260 0.997 0.0781250000 -0.1739884753
322.94348 10.845 0.0781250000 -0.0409785699
551.22772 8.55 0.0781250000 0.6673973798
652.35148 0.688 0.0781250000 -0.1259265707
187.07130 10.882 0.0781250000 0.2305319080
190.92831 11.975 0.0781250000 0.3573073175
143.03486 0.991 0.0781250000 -0.1277707156
201.02649 10.16 0.0781250000 -0.1772470878
143.03486 0.991 0.0781250000 -0.1277707156
358.25885 9.566 0.0781250000 0.4959274973
199.03354 0.882 0.0781250000 -0.2788552677
287.10956 8.45 0.0781250000 0.0953284978
197.15340 12.767 0.0781250000 0.1019952894
189.08795 4.9 0.0781250000 1.4744572591
219.07643 9.969 0.0781250000 -0.4428165534
152.05663 10.045 0.0781250000 0.1851487638
207.14907 8.611 0.0781250000 0.1725852549
143.03485 0.992 0.0781250000 -0.1277707156
113.02429 0.991 0.0781250000 -0.1066582808
91.00367 9.096 0.0781250000 -0.0739455273
295.07913 5.605 0.0781250000 0.0483432621
174.04068 9.047 0.0781250000 0.3266247674
473.97051 0.82 0.0781250000 -1.3784071353
333.09137 11.511 0.0781250000 -0.1606572355
363.16229 10.301 0.0781250000 0.1269534617
181.06275 0.995 0.0781250000 -0.1781397814
252.12307 9.556 0.0781250000 0.1873365904
199.09645 9.587 0.0781250000 0.1874541930
215.86845 7.975 0.0781250000 -0.1427256422
368.27930 10.977 0.0781250000 0.7922156241
200.23726 9.743 0.0781250000 0.0995409575
242.28430 9.88 0.0781250000 0.1948875080
509.38014 12.432 0.0781250000 0.1136323190
635.06930 10.43 0.0781250000 0.0659325634
208.09662 10.549 0.0781250000 0.1249234615
652.33835 11.955 0.0781250000 0.0338773200
161.04543 0.992 0.0781250000 -0.0893970776
793.31830 11.544 0.0781250000 0.0899702461
177.08678 6.573 0.0781250000 0.1894500482
221.05068 9.929 0.0781250000 0.1728528410
321.89751 4.849 0.0781250000 0.3946647432
640.16250 9.308 0.0781250000 0.3421740324
200.07224 9.616 0.0781250000 0.1239386961
144.06544 5.699 0.0781250000 -0.4246430541
187.87340 8.427 0.0781250000 -0.1122246775
186.11234 2.243 0.0781250000 0.4244984238
203.05251 1.003 0.0781250000 -0.1739884753
423.12576 9.396 0.0781250000 0.0522995335
261.14835 12.903 0.0781250000 0.4329299407
310.21667 9.245 0.0781250000 0.0158338871
307.85583 8.541 0.0781250000 -0.1510253909
205.10695 10.206 0.0781250000 -0.5086308953
207.14903 10.244 0.0781250000 0.0650069355
408.08248 9.042 0.0781250000 0.5106053054
223.96317 2.425 0.0781250000 0.1377366695
256.93816 2.426 0.0781250000 0.2116887297
187.87337 8.733 0.0781250000 -0.1122868632
90.05492 0.83 0.0781250000 -0.2776662267
131.03477 0.991 0.0781250000 -0.0908033119
778.20494 9.657 0.0781250000 -0.1979666859
124.00731 0.904 0.0781250000 -0.1398250913
217.11826 7.86 0.0781250000 0.1411973573
308.20098 9.244 0.1093750000 0.2203426306
195.05086 2.523 0.1093750000 0.1130359476
159.07624 9.146 0.1093750000 0.3442752798
148.06036 0.977 0.1093750000 0.5405914985
159.07617 9.025 0.1093750000 0.3443964249
89.05965 3.335 0.1093750000 0.1387850015
291.20654 9.885 0.1093750000 0.0440181704
310.17598 10.833 0.1093750000 0.6179809986
199.06869 9.063 0.1093750000 0.1803524077
177.08682 8.887 0.1093750000 0.3796672761
99.09158 0.871 0.1093750000 -0.7624972320
186.11247 5.226 0.1093750000 0.0860961711
100.07559 2.81 0.1093750000 -0.6903691468
229.11827 0.988 0.1093750000 0.2867639590
76.03924 0.818 0.1093750000 -0.2042968695
190.92842 5.012 0.1093750000 0.0674549192
119.08140 9.653 0.1093750000 0.1987335818
377.91455 5.802 0.1093750000 -0.0129842828
551.22836 9.747 0.1093750000 0.3060718107
193.09709 3.414 0.1093750000 0.0327782928
201.01679 2.458 0.1093750000 2.0424812290
172.09669 9.97 0.1093750000 0.1037318664
780.21936 9.632 0.1093750000 0.1539747972
780.21934 9.608 0.1093750000 0.1423429477
189.08695 10.311 0.1093750000 0.1602687706
237.08701 10.015 0.1093750000 -0.3751683619
147.05113 9.687 0.1093750000 0.1294322791
178.09031 10.06 0.1093750000 0.3852032451
691.06024 9.046 0.1093750000 0.0964597901
349.60466 1.028 0.1093750000 -0.0601471112
179.09351 9.273 0.1093750000 0.4158964290
160.93532 9.172 0.1093750000 -0.1571403733
134.89444 9.219 0.1093750000 -0.1490820645
420.92733 9.22 0.1093750000 -0.0409417458
189.95895 3.192 0.1093750000 0.0413557917
101.07896 2.801 0.1093750000 -0.8197216232
296.20090 9.244 0.1093750000 0.0789368141
711.06927 2.468 0.1093750000 1.5041848440
419.14191 9.659 0.1093750000 -1.0974724040
219.13381 10.095 0.1093750000 0.1472092000
178.08377 9.047 0.1093750000 0.4458463529
152.03747 0.922 0.1093750000 -1.6743345365
480.15680 12.825 0.1093750000 0.5953282464
245.16055 5.096 0.1093750000 -0.0302262150
445.81506 12.734 0.1093750000 0.0000000000
191.98266 0.935 0.1093750000 0.2091986780
242.98246 7.374 0.1093750000 0.4758975536
360.96807 11.999 0.1093750000 0.0576327364
279.13399 9.833 0.1093750000 0.1907278567
180.10164 9.656 0.1093750000 0.0528234381
179.09099 9.09 0.1093750000 0.4329101745
236.22177 12.503 0.1093750000 0.2851653778
191.08147 10.173 0.1093750000 -0.2186293424
326.23230 10.263 0.1093750000 -1.0508326333
388.87366 2.809 0.1093750000 -0.0199883276
196.09682 7.784 0.1093750000 0.0442435866
261.21717 11.699 0.1093750000 0.2484075971
132.99174 11.311 0.1093750000 -0.1496497584
96.04426 4.377 0.1093750000 -0.4685822530
366.11176 6.382 0.1093750000 -0.0612812635
143.10651 6.511 0.1093750000 -0.1446878246
131.08129 8.998 0.1093750000 0.2885797675
209.09206 9.067 0.1093750000 -0.0240969532
379.19346 9.538 0.1093750000 0.2241433935
307.11092 12.054 0.1093750000 -0.2759541855
281.24847 0.429 0.1093750000 -0.0341358025
229.91606 11.99 0.1093750000 -0.0456332443
115.03993 0.99 0.1562500000 -0.1098214798
276.00379 4.592 0.1562500000 0.0961632939
409.06754 1.095 0.1562500000 -0.3044864926
242.98245 7.562 0.1562500000 0.4081222579
493.13580 8.792 0.1562500000 0.5644159612
360.02505 8.292 0.1562500000 -0.0593747183
313.01459 8.756 0.1562500000 0.0982511893
276.00377 4.139 0.1562500000 0.0835636250
583.16022 8.649 0.1562500000 0.4567708416
242.98224 6.978 0.1562500000 0.4744475496
214.03322 0.96 0.1562500000 0.3166826830
226.08222 7.649 0.1562500000 0.0382497175
582.15729 9.277 0.1562500000 0.4792801555
113.09592 6.146 0.1562500000 -0.6775920694
317.14938 10.984 0.1562500000 0.1048834816
663.43469 12.755 0.1562500000 0.1871065982
352.16861 12.568 0.1562500000 0.0788880992
642.31799 0.711 0.1562500000 0.0530128809
217.06176 9.907 0.1562500000 -0.4883230889
340.26912 12.54 0.1562500000 0.1295001079
489.16273 12.42 0.1562500000 0.0651256208
290.26883 12.224 0.1562500000 0.2648465286
138.05490 5.226 0.1562500000 -2.4927455811
203.05259 1.204 0.1562500000 -0.2951282700
76.07560 0.762 0.1562500000 -0.3833202459
119.03487 0.991 0.1562500000 -0.1127753884
582.15797 10.491 0.1562500000 0.1793367587
582.15788 10.23 0.1562500000 0.4610448908
190.15486 1.3 0.1562500000 -0.3348519922
199.06892 9.647 0.1562500000 0.1854460728
454.24306 9.525 0.1562500000 0.1321368030
131.54204 0.971 0.1562500000 0.2168751783
582.15784 9.692 0.1562500000 0.1606100589
705.32525 9.166 0.1562500000 0.9570589678
406.07755 8.931 0.1562500000 0.1458858107
217.03298 1.411 0.1562500000 -0.0831000090
705.32528 9.119 0.1562500000 0.6839995657
102.05483 8.933 0.1562500000 0.2827227737
207.07621 8.806 0.1562500000 0.6448973461
133.09701 9.684 0.1562500000 0.4214921945
201.98379 6.282 0.1562500000 0.2512367687
361.18300 10.229 0.1562500000 0.0654432354
161.04539 1.564 0.1562500000 -0.1703107611
161.09203 4.717 0.1562500000 0.1552908841
220.14418 9.691 0.1562500000 0.0466771540
320.13331 1.017 0.1562500000 -0.4390634989
198.12756 10.512 0.1562500000 0.0428945437
233.09932 6.804 0.1562500000 0.3481818495
237.08688 10.308 0.1562500000 -0.8010249818
191.10249 10.256 0.1562500000 0.2011072798
189.13456 6.238 0.1562500000 -0.1843782731
250.17998 6.152 0.1562500000 -0.0406833585
183.07790 9.596 0.1562500000 -0.4430557900
231.93170 11.761 0.1562500000 0.2309375135
118.06085 1.015 0.1562500000 0.0976046020
182.08107 8.577 0.1562500000 0.2728011773
237.89749 2.487 0.1562500000 0.2617718493
388.25419 9.449 0.1562500000 -0.0033711836
393.11557 10.785 0.1562500000 0.1404631591
388.25410 9.464 0.1562500000 -0.0086565128
296.95007 11.91 0.1562500000 -0.1580865628
127.03885 1.001 0.1562500000 -0.2394133351
172.09674 10.106 0.1562500000 0.1074291708
530.20775 7.351 0.1562500000 0.0155983388
243.11284 11.056 0.1562500000 -0.2349610176
190.92841 8.648 0.1562500000 -0.0246721050
89.05968 2.623 0.1562500000 -0.0280771514
251.17527 9.996 0.1562500000 0.0998247347
115.03881 4.262 0.1562500000 -0.3411779241
180.06532 8.396 0.1562500000 0.2373533902
416.28513 11.536 0.1562500000 0.5670507903
336.85871 2.805 0.1562500000 -0.0349337144
96.96958 2.479 0.1562500000 0.2644267337
269.08792 0.988 0.2187500000 0.1371982041
321.89737 5.269 0.2187500000 0.0897191595
384.11905 1.015 0.2187500000 -0.3222562611
231.06209 9.352 0.2187500000 0.4364987353
699.36720 0.627 0.2187500000 -0.4433047448
506.20748 7.308 0.2187500000 1.0923685549
321.89743 5.763 0.2187500000 -0.0671581727
440.29200 12.712 0.2187500000 0.3515561972
245.12827 10.024 0.2187500000 0.0688311101
426.35752 12.401 0.2187500000 1.0250580871
146.05992 10.774 0.2187500000 -0.3691849854
266.06696 10.05 0.2187500000 -0.1809717768
233.12847 10.953 0.2187500000 -0.4513991267
247.07118 11.161 0.2187500000 -0.4877068381
698.16849 9.637 0.2187500000 0.3989102721
83.03560 0.578 0.2187500000 0.0475385929
71.01366 1.245 0.2187500000 -0.1633583014
268.15443 8.687 0.2187500000 0.0000000000
219.07628 10.787 0.2187500000 -0.6266356933
432.14178 9.674 0.2187500000 0.0490967674
150.05495 10.804 0.2187500000 -0.3215276663
225.07557 11.622 0.2187500000 0.2845765425
180.08653 1.783 0.2187500000 -0.3834206702
191.06606 11.966 0.2187500000 0.1206799010
325.20100 11.795 0.2187500000 -0.0252357014
375.16199 11.717 0.2187500000 0.0449164985
165.07559 2.494 0.2187500000 -0.5855932304
335.19002 11.609 0.2187500000 0.3187678447
111.52172 12.498 0.2187500000 -0.3886227621
323.19003 11.58 0.2187500000 0.2981809289
174.14874 8.541 0.2187500000 -0.2071677709
520.33185 10.388 0.2187500000 -0.0121227419
480.15680 12.579 0.2187500000 1.0723912019
97.02831 0.999 0.2187500000 -0.2750569292
97.02825 1.049 0.2187500000 -0.2070861408
233.07664 7.143 0.2187500000 0.1208938555
377.91489 4.919 0.2187500000 0.0953445040
303.20673 9.547 0.2187500000 0.2427587723
102.95673 5.012 0.2187500000 -0.1311262618
145.04945 1.0 0.2187500000 -0.4938039466
145.04935 0.994 0.2187500000 -0.4938039466
239.09126 11.735 0.2187500000 0.0507571906
131.04616 0.888 0.2187500000 -0.1779925230
334.12581 1.044 0.2187500000 -0.0611981760
146.11750 0.877 0.2187500000 -0.1303061149
667.32529 0.715 0.2187500000 0.3389582006
128.04530 10.421 0.2187500000 0.0535175532
189.15960 1.36 0.2187500000 0.3803194225
146.08105 6.033 0.2187500000 0.1373812184
314.18100 9.212 0.2187500000 -0.1562478205
110.54134 1.31 0.2187500000 0.1047317674
314.18103 9.232 0.2187500000 -0.1492040143
314.18103 9.221 0.2187500000 -0.1478926203
522.20241 6.584 0.2187500000 -0.3684692316
146.93846 9.294 0.2187500000 -0.1290150001
370.07357 5.901 0.2187500000 0.1332171890
264.07714 0.994 0.2187500000 -0.4096132992
244.15546 11.136 0.2187500000 -0.1153131360
780.21894 9.092 0.2187500000 0.2576811991
125.02431 1.208 0.2187500000 -0.1707912929
214.08938 9.197 0.2187500000 0.0699722048
364.09756 6.636 0.2187500000 -0.0519509818
168.12286 3.898 0.2187500000 -0.0764853210
85.02931 0.991 0.2187500000 -0.1177362770
336.85849 10.106 0.2187500000 -0.0282548698
332.24300 9.924 0.2187500000 0.0724608628
314.34186 10.586 0.2187500000 0.0538886596
569.26508 11.514 0.2187500000 -0.1117877613
147.07632 5.289 0.2187500000 0.2278203177
328.24808 10.663 0.2187500000 0.2754073100
308.20093 9.228 0.2187500000 0.1795067941
133.08579 6.236 0.2187500000 -0.0825887654
287.07730 9.604 0.2187500000 -0.2152289231
480.00681 6.217 0.2187500000 0.2014759816
333.11538 10.392 0.2187500000 0.1999855632
237.12318 6.91 0.2187500000 -0.0475786380
410.56647 0.991 0.2187500000 -0.1639672526
219.12255 11.03 0.2187500000 0.0000000000
177.10193 10.234 0.2187500000 0.0760416712
304.15421 10.089 0.2187500000 0.0365046952
221.05066 7.947 0.2968750000 0.0431620466
160.84199 11.608 0.2968750000 0.1184790060
331.95245 4.82 0.2968750000 -0.1083764329
258.15462 8.299 0.2968750000 0.0303298258
247.08243 10.759 0.2968750000 -0.1350593138
272.17023 7.569 0.2968750000 -0.0293758036
180.08652 1.003 0.2968750000 -0.2288054961
617.28564 8.799 0.2968750000 0.1831304257
370.07339 6.623 0.2968750000 0.1199254901
165.01160 11.331 0.2968750000 0.1939746339
289.15454 10.891 0.2968750000 0.1198641596
108.94851 0.711 0.2968750000 0.2173980939
235.12873 7.948 0.2968750000 0.0586025994
163.06002 1.001 0.2968750000 -0.1579250455
261.94159 4.797 0.2968750000 0.0000000000
612.88161 0.614 0.2968750000 -0.2024138273
464.08922 11.123 0.2968750000 -0.3329680435
269.02976 10.317 0.2968750000 0.0142472496
241.15468 4.688 0.2968750000 -0.0637712250
151.06264 11.301 0.2968750000 0.1310347258
440.02592 5.068 0.2968750000 -0.0156242914
569.31421 11.238 0.2968750000 0.2999698574
188.06636 9.702 0.2968750000 0.0725377599
283.16937 12.138 0.2968750000 0.3724679320
83.53570 0.571 0.2968750000 0.0356508390
100.07559 1.37 0.2968750000 -0.2451261730
102.95674 5.952 0.2968750000 0.2197279235
91.05396 9.695 0.2968750000 0.0513771013
279.11598 10.313 0.2968750000 -0.0587061513
139.53088 1.201 0.2968750000 -0.1665119138
382.58487 0.991 0.2968750000 -0.1910393872
343.12322 5.46 0.2968750000 0.2263775902
417.03007 9.815 0.2968750000 0.0193794216
91.05396 10.004 0.2968750000 0.0649218919
231.93157 9.376 0.2968750000 -0.0704875684
198.09718 1.002 0.2968750000 -0.1536119741
335.22869 10.076 0.2968750000 0.1289379861
118.04970 3.758 0.2968750000 0.2916019138
461.80297 1.263 0.2968750000 -0.2469847792
85.02830 0.999 0.2968750000 -0.2200725039
191.08138 10.787 0.2968750000 -0.2360806105
210.13344 8.407 0.2968750000 0.0427794876
205.06813 0.998 0.2968750000 0.0615369503
114.09122 5.331 0.2968750000 0.1101763625
114.06612 1.012 0.2968750000 0.0871799959
793.36499 8.806 0.2968750000 0.1804327515
356.24314 11.873 0.2968750000 0.0109852382
158.11745 10.092 0.2968750000 0.0978970099
153.06571 9.803 0.2968750000 -0.1777786341
110.54142 0.75 0.2968750000 0.0201216273
71.06032 9.925 0.2968750000 -0.1332117118
422.92822 10.675 0.2968750000 0.0934548264
409.08652 10.494 0.2968750000 0.1329903841
377.14150 10.798 0.2968750000 0.9082307314
471.19640 11.271 0.2968750000 -0.8304168141
246.04396 9.126 0.2968750000 0.0434575940
245.21100 12.02 0.2968750000 0.2601918839
325.17107 10.465 0.2968750000 0.0185576757
219.19531 12.438 0.2968750000 0.0909349411
255.04329 11.107 0.2968750000 0.1273553548
162.07595 3.034 0.2968750000 0.1009707592
183.09899 6.515 0.2968750000 -0.0566057998
265.15854 9.744 0.2968750000 0.0922977090
183.11264 6.732 0.2968750000 0.2574210715
134.04472 2.01 0.2968750000 0.4258328177
213.03271 11.009 0.2968750000 0.0716365947
476.30655 10.048 0.2968750000 -0.0032037424
105.01920 1.397 0.2968750000 -0.2550646439
180.97290 1.07 0.2968750000 -0.1535210191
207.01410 0.908 0.2968750000 0.1911921298
253.11829 6.707 0.2968750000 0.0183551437
310.20133 9.1 0.2968750000 0.0279394703
111.08028 10.089 0.2968750000 0.1327518847
209.06651 1.5 0.2968750000 -0.1773938355
319.00836 0.533 0.2968750000 -0.0463469535
180.05942 1.204 0.2968750000 -0.1426413507
249.15572 1.016 0.2968750000 -0.1486375008
549.21370 9.63 0.2968750000 -19.7170617562
486.24869 9.759 0.2968750000 0.0639539566
217.04958 0.799 0.2968750000 -0.1939725469
108.04423 11.408 0.2968750000 0.2155194569
179.05488 1.986 0.2968750000 -0.0198171202
253.09279 5.964 0.2968750000 0.0615509977
145.08582 10.901 0.2968750000 1.4976559488
257.09930 9.85 0.2968750000 -0.1878890203
145.06186 0.91 0.2968750000 -0.0527711859
266.08820 1.001 0.2968750000 0.1313101514
353.14236 11.998 0.2968750000 -0.1010935418
426.21209 8.442 0.2968750000 0.0165846935
415.54919 1.007 0.2968750000 -0.4817432604
305.14947 10.889 0.2968750000 0.1099107113
317.05597 8.648 0.2968750000 0.0503940703
210.06989 1.178 0.2968750000 -0.1253064839
187.99651 0.829 0.2968750000 0.2294928503
379.14947 11.1 0.2968750000 -0.1071733860
273.15962 10.88 0.2968750000 0.1824546919
133.08570 7.047 0.2968750000 0.1737417925
328.10279 10.232 0.2968750000 0.1166554339
434.21735 8.685 0.2968750000 0.0627612359
231.08377 4.726 0.2968750000 -0.1845055204
173.09307 1.007 0.2968750000 -0.2604735611
246.16996 5.941 0.2968750000 0.0135781546
305.06317 10.048 0.2968750000 0.0949605170
229.15463 3.876 0.2968750000 0.1757460356
289.06943 3.383 0.2968750000 -0.0233746513
267.17197 12.682 0.2968750000 0.1458479194
226.92738 2.457 0.2968750000 0.1598778045
177.11198 6.256 0.2968750000 -0.1288651723
258.91731 1.113 0.2968750000 -0.1333457180
524.15241 10.436 0.2968750000 0.0604632687
129.06566 9.317 0.2968750000 0.0481525054
127.05112 0.93 0.2968750000 -0.2152728360
175.05762 0.989 0.3750000000 0.1146002973
225.06165 1.205 0.3750000000 -0.1938708975
239.12775 12.444 0.3750000000 0.0276735034
147.11266 1.298 0.3750000000 0.2302505480
285.97708 9.15 0.3750000000 0.0269324719
240.15945 8.688 0.3750000000 -0.1042045906
167.08539 12.572 0.3750000000 -0.1610399954
204.05581 1.036 0.3750000000 -0.2111905674
271.09953 11.391 0.3750000000 0.0234543042
458.98352 1.44 0.3750000000 0.0922235742
421.16730 12.055 0.3750000000 0.0616547187
131.08142 4.505 0.3750000000 0.2731253542
87.05520 0.896 0.3750000000 -0.0550293764
255.82207 3.971 0.3750000000 -0.1649278792
235.96117 3.8 0.3750000000 -0.0609571682
248.16462 9.682 0.3750000000 0.0620222309
162.07594 1.02 0.3750000000 -0.0935715079
288.21670 9.624 0.3750000000 0.3952760154
396.03459 4.792 0.3750000000 -0.0649071508
233.87537 2.909 0.3750000000 0.0774006615
383.24276 12.069 0.3750000000 -0.0377040108
437.93057 3.589 0.3750000000 -0.1312132635
279.13378 10.427 0.3750000000 0.0821714289
232.93500 9.648 0.3750000000 0.2022778112
379.97192 3.482 0.3750000000 -0.0219464390
172.07175 9.946 0.3750000000 0.0116574719
150.02283 0.922 0.3750000000 -1.0112944794
281.15950 9.565 0.3750000000 0.0100107045
179.08727 9.381 0.3750000000 0.2017778279
340.13251 6.956 0.3750000000 0.0837362891
146.96114 0.743 0.3750000000 -0.2947933961
181.07165 0.988 0.3750000000 0.1588792612
303.91345 1.715 0.3750000000 0.1222795893
245.21099 11.725 0.3750000000 0.2537575166
247.03088 1.446 0.3750000000 0.0917384554
508.01346 5.713 0.3750000000 0.1021016401
87.00860 1.205 0.3750000000 -0.1973015919
188.93295 2.197 0.3750000000 0.0608183022
187.04184 1.45 0.3750000000 -0.2134716248
222.99521 11.996 0.3750000000 0.0059755652
205.06814 1.161 0.3750000000 0.0255685951
111.02019 7.619 0.3750000000 0.0301640473
220.11785 6.676 0.3750000000 0.4792691696
242.13058 8.916 0.3750000000 -0.0121450163
632.05529 1.0 0.3750000000 -0.1958306579
327.93213 5.808 0.3750000000 -0.0017371780
117.08494 1.011 0.3750000000 -0.0558939186
211.08237 1.037 0.3750000000 -0.1895256598
208.10014 4.098 0.3750000000 0.0079075385
317.05589 8.206 0.3750000000 0.1260926177
647.41104 12.469 0.3750000000 -0.0593950593
190.92841 8.49 0.3750000000 -0.1115998453
260.16772 11.756 0.3750000000 0.1617435493
309.18085 10.921 0.3750000000 0.1275231165
130.05081 0.9 0.3750000000 -0.6759949877
437.23557 9.826 0.3750000000 0.0065314249
608.38342 11.87 0.3750000000 0.2527520815
190.92842 8.022 0.3750000000 -0.1085222092
132.99174 11.641 0.3750000000 -0.2005231002
255.04659 1.162 0.3750000000 0.2188020921
332.19155 8.904 0.3750000000 -0.0396646365
277.15562 9.231 0.4687500000 -0.0085758457
255.09499 7.907 0.4687500000 0.0216610780
435.19839 11.83 0.4687500000 0.0574429528
329.08807 11.946 0.4687500000 -0.1387941406
116.07153 0.909 0.4687500000 -0.0718563651
426.21226 8.517 0.4687500000 0.0266579222
99.04488 1.009 0.4687500000 0.1378233171
417.30441 12.205 0.4687500000 0.0890185934
310.11444 1.459 0.4687500000 0.1649544632
255.82195 4.296 0.4687500000 -0.0639932730
275.03886 11.955 0.4687500000 0.1886912992
111.02003 12.66 0.4687500000 0.0000000000
434.87184 1.655 0.4687500000 0.0439585614
310.11444 1.452 0.4687500000 0.1647817716
487.03583 1.444 0.4687500000 -0.0432204174
198.04960 1.023 0.4687500000 -0.2660011359
204.01919 9.981 0.4687500000 0.0840160570
232.05761 9.265 0.4687500000 -0.0061053714
88.98779 8.834 0.4687500000 0.0000000000
174.95605 1.643 0.4687500000 -0.3925784752
635.06921 9.54 0.4687500000 0.0532385394
220.98079 11.494 0.4687500000 -0.0272982161
165.01913 9.687 0.4687500000 -0.0887380633
111.02000 9.054 0.4687500000 0.0762000929
397.17136 10.833 0.4687500000 0.0865565927
315.04139 9.462 0.4687500000 0.0470563473
725.29382 9.519 0.4687500000 -0.1392571588
190.92839 9.84 0.4687500000 -0.0203072374
311.00018 10.361 0.4687500000 -0.0039410614
311.00019 10.587 0.4687500000 -0.0092869280
88.04027 1.037 0.4687500000 -0.0970718320
320.20668 12.357 0.4687500000 0.0391889737
116.92850 12.983 0.4687500000 0.4297064427
286.17993 9.975 0.4687500000 0.0560060371
306.08103 11.419 0.4687500000 0.0449352048
72.08071 0.917 0.4687500000 -0.0447667622
333.14431 9.911 0.4687500000 0.0485349004
246.97734 4.126 0.4687500000 -0.0181142718
173.09203 1.034 0.4687500000 -0.0180483646
168.12290 3.516 0.4687500000 0.0860869929
269.08932 8.607 0.4687500000 -0.0339146855
107.04896 8.69 0.4687500000 0.0984132698
182.10223 1.084 0.4687500000 -0.1968959547
115.07521 4.193 0.4687500000 0.0455693034
221.15347 12.88 0.4687500000 0.1631329051
399.49400 1.286 0.4687500000 -0.0678396849
189.12341 0.99 0.4687500000 0.0933019564
175.09635 5.995 0.4687500000 -0.0560250332
228.12846 0.972 0.4687500000 0.0570593204
269.13839 11.789 0.4687500000 -0.0041276786
90.52582 0.761 0.4687500000 0.0396538577
120.08070 7.05 0.4687500000 -0.0993223792
150.12764 10.599 0.4687500000 0.0805655288
140.07021 1.019 0.4687500000 -0.1089664013
158.08099 7.879 0.4687500000 0.0115711246
105.03673 2.076 0.4687500000 0.1417937948
632.05540 0.993 0.4687500000 -0.0227388387
245.09525 8.796 0.4687500000 -0.0015361089
147.11269 2.171 0.4687500000 0.2048170249
226.12834 4.744 0.4687500000 -0.1033202245
239.14878 8.324 0.4687500000 -0.1726260589
427.09502 6.181 0.4687500000 0.0760657114
88.07560 1.067 0.4687500000 0.0738135974
203.04026 4.626 0.4687500000 0.1528495690
434.15768 9.106 0.4687500000 0.0850497434
185.09192 7.552 0.4687500000 -0.3141758698
156.96584 6.254 0.4687500000 0.0175387655
206.10211 8.266 0.4687500000 0.1122889212
140.07022 1.01 0.4687500000 -0.1093805886
210.13340 6.021 0.4687500000 -0.0273655051
271.18060 10.852 0.4687500000 -0.1036139418
189.14840 10.117 0.4687500000 0.0269001924
153.12730 10.118 0.4687500000 -0.1106913533
201.03806 1.449 0.5781250000 -0.0055649257
149.04539 1.234 0.5781250000 -0.0556594944
445.07303 5.714 0.5781250000 0.0170168139
88.03921 2.029 0.5781250000 0.2520849935
149.04551 1.551 0.5781250000 0.0614801005
261.09446 1.214 0.5781250000 0.3418989482
272.95899 0.639 0.5781250000 0.0965722086
227.03508 9.688 0.5781250000 -0.0356304763
102.95673 6.96 0.5781250000 -0.0058817394
180.01162 0.852 0.5781250000 -0.1226042839
169.09472 0.91 0.5781250000 0.0657927559
95.01369 0.988 0.5781250000 -0.1048279454
412.19637 8.44 0.5781250000 0.0323539317
725.33091 10.798 0.5781250000 0.1119586715
145.07600 11.109 0.5781250000 -0.0031912449
116.07055 0.913 0.5781250000 -0.1304869714
504.99520 10.63 0.5781250000 0.0268200415
133.06070 0.894 0.5781250000 -0.1113061676
230.08427 9.943 0.5781250000 0.0357664996
223.14409 9.125 0.5781250000 0.1416435095
132.03019 2.166 0.5781250000 0.1235640058
146.93845 2.351 0.5781250000 0.0465329379
118.08623 0.915 0.5781250000 0.0030435085
356.24298 12.717 0.5781250000 0.0236483127
421.20414 10.379 0.5781250000 0.1648299521
258.11248 9.938 0.5781250000 0.0304173133
150.05492 9.579 0.5781250000 0.1417353124
397.15988 10.063 0.5781250000 0.2593399293
160.13313 0.929 0.5781250000 -0.0637802046
209.03017 5.657 0.5781250000 0.0324055536
209.94902 5.841 0.5781250000 0.0619026766
264.17474 9.936 0.5781250000 0.0238812799
178.09029 4.179 0.5781250000 0.0078700945
144.06298 0.713 0.5781250000 -0.0349895811
360.99793 9.63 0.5781250000 -0.0246366576
73.07600 9.618 0.5781250000 -0.0033028369
195.12266 6.237 0.5781250000 -0.0199231621
106.04982 0.84 0.5781250000 -0.0782147923
235.07137 9.931 0.5781250000 0.0034425352
300.20181 8.715 0.5781250000 0.0006806150
208.06134 11.426 0.5781250000 -0.0429322185
149.11722 7.029 0.5781250000 0.0071126208
211.10753 8.605 0.5781250000 -0.0239958716
290.13862 11.042 0.5781250000 -0.0991001320
379.14916 11.813 0.5781250000 -0.0132147843
783.81581 0.699 0.5781250000 -0.3671088623
174.08828 0.997 0.5781250000 0.2541155319
504.99519 10.333 0.5781250000 0.0259477541
92.52214 1.525 0.5781250000 0.1049770458
385.90170 1.566 0.5781250000 0.0649416341
90.52578 1.842 0.5781250000 0.0323650918
81.52049 1.948 0.5781250000 -0.0335880819
157.06169 4.523 0.5781250000 0.1619185753
145.07600 10.718 0.5781250000 0.0065443514
154.12262 4.195 0.5781250000 0.1143111951
284.17018 9.876 0.5781250000 -0.0518488179
88.11195 0.79 0.5781250000 0.0101269035
145.09707 0.931 0.5781250000 0.2716878250
387.11466 5.628 0.5781250000 -0.0172812781
282.11969 8.251 0.5781250000 0.0011725869
416.37491 11.688 0.5781250000 -0.0243629280
101.02426 1.2 0.5781250000 -0.0860522529
584.16293 9.677 0.5781250000 0.0980021751
231.17020 3.973 0.5781250000 -0.0359181700
382.14517 12.078 0.5781250000 -0.0888737807
146.06332 5.783 0.5781250000 -0.0424058666
227.89438 8.954 0.5781250000 -0.0267212767
189.04672 0.935 0.5781250000 0.7983341771
190.11859 1.167 0.5781250000 -0.0492206322
279.17010 9.088 0.5781250000 0.0846485519
168.09294 7.024 0.5781250000 -0.0654591590
349.24438 10.041 0.5781250000 0.0931252799
79.51944 1.507 0.5781250000 -0.2776140772
293.09537 12.356 0.5781250000 0.0012874906
193.10697 8.321 0.5781250000 0.0256172836
209.13823 7.93 0.5781250000 0.0172936820
262.18017 8.577 0.5781250000 -0.0142055693
612.36945 9.954 0.5781250000 0.0907097391
471.24462 10.798 0.5781250000 0.0238401993
439.68412 3.58 0.5781250000 0.0345975307
205.08168 1.646 0.5781250000 -0.0563735468
132.07667 1.015 0.5781250000 -0.3157752473
189.12329 3.624 0.5781250000 -0.1125488348
225.04926 4.79 0.5781250000 0.3495299008
444.99817 11.416 0.5781250000 -0.0048642146
412.86265 1.253 0.5781250000 -0.2055490005
104.03526 0.832 0.5781250000 -0.0024999689
182.98867 11.912 0.5781250000 -0.0306351643
130.08616 0.963 0.5781250000 0.1359541246
278.19036 9.315 0.5781250000 -0.0029632828
180.13815 10.712 0.6875000000 -0.0992793176
174.12357 5.985 0.6875000000 0.1297540718
135.10161 5.036 0.6875000000 0.0018464397
257.09938 9.828 0.6875000000 -0.0003706552
415.25378 9.765 0.6875000000 -0.0096691406
78.91870 3.875 0.6875000000 -0.0889117339
250.17998 7.782 0.6875000000 -0.0140877817
502.85944 1.678 0.6875000000 -0.0074257160
92.04305 1.438 0.6875000000 -0.0519408289
311.15530 10.615 0.6875000000 0.0213725712
707.35472 0.668 0.6875000000 0.1195509556
445.11963 12.49 0.6875000000 0.0428936183
446.29603 10.761 0.6875000000 0.0105156849
353.16799 1.006 0.6875000000 -0.0087969254
128.04539 9.945 0.6875000000 0.0094965970
182.98610 9.194 0.6875000000 -0.0007377926
186.07591 5.789 0.6875000000 0.0117943425
302.23231 9.527 0.6875000000 -0.0846187762
310.14136 10.22 0.6875000000 -0.0043605215
281.02414 3.841 0.6875000000 0.0377002271
206.02797 12.026 0.6875000000 0.0583979355
217.04941 1.246 0.6875000000 0.0428286000
307.24774 12.579 0.6875000000 -0.0879930910
465.12645 12.602 0.6875000000 0.0596685061
308.18542 9.698 0.6875000000 -0.0157601628
272.16433 10.137 0.6875000000 0.1235415493
176.12802 0.894 0.6875000000 0.0952512838
244.07913 1.192 0.6875000000 0.0258504672
86.09628 1.047 0.6875000000 0.2536053867
86.09634 1.065 0.6875000000 0.2558228921
188.16425 9.634 0.6875000000 0.0470324907
140.07027 1.006 0.6875000000 -0.0427137285
199.10770 8.742 0.6875000000 -0.0971068626
477.00025 10.29 0.6875000000 0.0196639756
181.05831 4.499 0.6875000000 0.0230012119
315.04161 9.833 0.6875000000 -0.0553205952
360.23904 9.879 0.6875000000 0.0473758422
159.07629 1.01 0.6875000000 -0.0628370488
725.33099 11.1 0.6875000000 -0.0314260106
344.22801 9.105 0.6875000000 -0.0013169453
73.06475 7.028 0.6875000000 -0.0157854288
129.93629 10.623 0.6875000000 0.0236235851
130.08608 3.859 0.6875000000 -0.0255030523
146.08114 0.943 0.6875000000 0.0736033129
190.92843 10.84 0.6875000000 0.0305948720
133.10515 1.114 0.6875000000 0.2645038521
353.26603 0.658 0.6875000000 -0.1241886508
526.33502 11.108 0.6875000000 -0.0320351187
326.70016 9.515 0.6875000000 0.0269749683
173.92615 11.13 0.6875000000 -0.0289033154
298.05252 1.172 0.6875000000 0.1878511665
147.07643 0.914 0.6875000000 -0.0253509248
338.11688 6.931 0.6875000000 -0.0006190266
219.96644 7.563 0.6875000000 0.0758447552
99.51218 7.619 0.6875000000 -0.0119511522
157.14146 7.82 0.6875000000 0.0028966126
317.05572 7.921 0.6875000000 0.1304345221
421.20432 9.899 0.6875000000 0.0800107804
432.04721 8.318 0.6875000000 0.0633711749
160.07973 4.375 0.6875000000 0.0690549676
365.10514 4.803 0.6875000000 0.0442333863
225.93234 3.726 0.6875000000 -0.0117873759
212.07631 2.342 0.6875000000 -0.1850091868
487.30560 11.514 0.6875000000 -0.0224290403
344.22784 9.107 0.6875000000 -0.0030182022
276.13611 4.661 0.6875000000 -0.0126821939
324.19171 10.394 0.6875000000 0.0388066564
223.11742 8.987 0.6875000000 -0.0139454060
279.18024 10.347 0.6875000000 -0.0009412011
197.12844 8.684 0.6875000000 -0.0481050990
223.09228 0.991 0.6875000000 0.1002244808
309.18077 10.914 0.6875000000 0.0553465828
290.13863 10.97 0.6875000000 -0.0595828821
783.57184 12.247 0.6875000000 -0.1962261655
117.06976 7.935 0.6875000000 0.0014863372
315.04155 8.621 0.6875000000 -0.0302881844
206.10229 7.942 0.6875000000 0.2166426143
175.10759 1.012 0.6875000000 -0.2428424435
191.06619 1.892 0.8125000000 -0.1333027784
141.06581 4.488 0.8125000000 0.0031130216
323.14249 11.965 0.8125000000 0.0868054171
239.01650 0.999 0.8125000000 0.1184815385
316.04490 10.475 0.8125000000 -0.0013261509
726.82403 0.698 0.8125000000 -0.0120152058
239.01644 1.016 0.8125000000 0.1145043985
212.11265 2.743 0.8125000000 -0.2697385414
195.11263 6.089 0.8125000000 0.0902100266
401.24885 9.151 0.8125000000 0.0526245259
172.20593 8.813 0.8125000000 -0.0000519710
376.21774 9.262 0.8125000000 0.0370479044
379.28156 0.626 0.8125000000 0.0483111220
161.12841 1.01 0.8125000000 0.1077987374
441.19742 11.281 0.8125000000 0.0576391653
459.28007 10.076 0.8125000000 0.0214446262
127.03890 1.207 0.8125000000 -0.0901489376
223.98822 12.487 0.8125000000 0.0737738659
90.50677 12.471 0.8125000000 0.0000000000
175.11892 1.026 0.8125000000 -0.0638626806
303.22939 0.639 0.8125000000 -0.0475569699
356.27935 11.065 0.8125000000 0.1019148065
270.08905 11.955 0.8125000000 -0.0246790380
126.97144 0.943 0.8125000000 0.0015143003
299.01967 4.218 0.8125000000 0.0336320645
209.10183 7.667 0.8125000000 -0.0954436137
480.85041 0.749 0.8125000000 0.0097506216
193.09712 6.272 0.8125000000 -0.0139046170
250.18018 7.42 0.8125000000 0.0123917566
233.10721 6.699 0.8125000000 -0.0066215651
90.50687 7.619 0.8125000000 -0.0116791748
294.20602 6.275 0.8125000000 -0.0141173800
119.52785 7.619 0.8125000000 -0.1858996301
276.11887 5.255 0.8125000000 0.1010659649
284.17015 9.68 0.8125000000 0.0738364984
141.01566 3.755 0.8125000000 0.0988978574
157.01166 1.778 0.8125000000 -0.0149394297
102.95671 8.75 0.8125000000 0.0120186230
297.98553 8.106 0.8125000000 -0.0452313156
659.33848 0.69 0.8125000000 0.1139068494
228.07861 8.707 0.8125000000 -0.0146741237
104.10691 0.751 0.8125000000 -0.1034649650
263.17526 10.779 0.8125000000 0.1095038947
190.92833 2.326 0.8125000000 0.0017736718
197.06686 8.384 0.8125000000 -0.0008870008
312.21699 8.835 0.8125000000 0.0111504886
237.08673 7.957 0.8125000000 0.0114561716
184.04007 6.249 0.8125000000 -0.0304636019
185.00655 4.81 0.8125000000 -0.8146559116
128.03523 4.581 0.8125000000 0.0678134097
564.35886 10.759 0.8125000000 0.0035718072
130.06211 1.029 0.8125000000 -0.1763450474
405.01419 1.275 0.8125000000 -0.2356310331
294.20617 9.687 0.8125000000 -0.0147865959
102.01944 2.648 0.8125000000 -0.0124572487
414.33618 10.38 0.8125000000 -0.2676148582
197.12923 6.244 0.8125000000 -0.0041344199
272.07651 7.249 0.8125000000 0.0013392003
269.05336 10.389 0.8125000000 -0.3476378566
349.10883 0.973 0.8125000000 -0.0589917941
487.28036 11.49 0.8125000000 -0.0322024143
89.02439 1.449 0.8125000000 -0.0173754301
307.11091 10.806 0.8125000000 -0.0504278139
151.09639 3.899 0.8125000000 -0.0155611900
98.98413 2.329 0.8125000000 0.0729159801
331.17529 11.712 0.8125000000 0.0950129124
414.30011 11.739 0.8125000000 -0.0475749756
309.11905 9.619 0.8125000000 0.0355311598
259.18052 10.234 0.8125000000 -0.6567256437
163.09646 8.511 0.8125000000 -0.0008751748
232.15429 4.856 0.8125000000 0.0244899269
437.29077 11.98 0.8125000000 -0.0210719790
241.10289 0.989 0.8125000000 0.1160314906
319.20160 9.052 0.8125000000 0.0341984843
249.02274 11.666 0.8125000000 0.0021694473
132.10186 1.065 0.8125000000 0.2543982887
166.05314 0.939 0.8125000000 0.1845287321
136.04808 1.003 0.8125000000 0.1027848936
761.58417 12.508 0.8125000000 0.0999338719
196.09681 9.124 0.8125000000 0.1365289996
418.95567 10.374 0.8125000000 -0.0221182872
257.02774 4.803 0.8125000000 0.0000000000
612.85868 0.702 0.8125000000 -0.0184791237
170.11762 6.354 0.8125000000 0.0288084669
209.83365 4.953 0.8125000000 -0.1336502841
165.06909 3.268 0.8125000000 -0.0120475585
525.28825 10.405 0.8125000000 0.0107820606
317.18723 11.592 0.8125000000 -0.0482846186
401.15295 10.707 0.8125000000 0.0230763331
175.04773 9.931 0.8125000000 -0.0471535688
311.12905 0.991 0.8125000000 -0.3917394157
102.95672 6.736 0.9375000000 -0.0361584824
389.16269 10.288 0.9375000000 0.0924886977
311.00024 10.987 0.9375000000 -0.0092782814
107.07014 1.305 0.9375000000 0.0845710426
438.97194 1.517 0.9375000000 0.0824981157
130.04974 4.011 0.9375000000 -0.0753381562
324.09111 12.039 0.9375000000 0.0017869354
136.04800 1.494 0.9375000000 -0.0135442802
172.13321 4.594 0.9375000000 0.1833552792
153.06584 9.4 0.9375000000 0.0226347032
93.07378 0.817 0.9375000000 -0.0253816837
120.06550 0.875 0.9375000000 -0.0001607893
185.03049 9.821 0.9375000000 -0.0149348683
190.92835 1.975 0.9375000000 0.0212296018
185.12834 7.4 0.9375000000 0.0479011112
116.92850 11.957 0.9375000000 0.0336298011
310.99992 9.847 0.9375000000 0.0292436603
195.99212 3.004 0.9375000000 0.0122299747
166.08610 7.964 0.9375000000 0.0656535923
276.19543 8.459 0.9375000000 0.0231126605
227.17524 7.949 0.9375000000 0.0107064187
267.84787 4.643 0.9375000000 0.0206042524
256.01510 9.976 0.9375000000 0.0031879663
194.92729 4.977 0.9375000000 -0.0327612361
178.05854 1.363 0.9375000000 0.0122044634
202.17990 9.685 0.9375000000 0.0104655923
298.18579 10.238 0.9375000000 0.0446032442
215.17541 7.058 0.9375000000 -0.0102007676
176.10292 0.994 0.9375000000 -0.0286347852
372.25891 11.165 0.9375000000 0.1014923894
187.94177 12.093 0.9375000000 0.0132040252
200.07205 9.032 0.9375000000 0.0268950049
230.98854 11.635 0.9375000000 -0.0295120218
160.13321 5.706 0.9375000000 -0.1828231310
138.05484 4.812 0.9375000000 -0.2159260982
396.45639 11.969 0.9375000000 -0.0110726888
295.12886 9.271 0.9375000000 0.0647552211
205.12233 10.874 0.9375000000 -0.1506258719
416.35181 10.38 0.9375000000 -0.0284952487
447.08203 1.032 0.9375000000 0.0002641803
575.39459 12.631 0.9375000000 -0.0021672299
269.12445 6.202 0.9375000000 0.0405522214
216.06872 8.046 0.9375000000 0.1306144789
158.04011 0.897 0.9375000000 -0.1104565841
261.14441 5.814 0.9375000000 0.0570777620
386.29016 12.02 0.9375000000 -0.0046793701
158.09236 9.95 0.9375000000 -0.0014459996
206.10339 0.808 0.9375000000 0.0947446549
206.10331 0.816 0.9375000000 0.0995361317
126.10252 0.936 0.9375000000 0.0937696935
297.98584 10.886 0.9375000000 -0.0132398179
302.06729 10.869 0.9375000000 -0.0371559836
177.14837 10.693 0.9375000000 -0.0683685832
137.04578 8.857 0.9375000000 -0.0384394752
311.00842 7.066 0.9375000000 -0.0424638749
283.01366 7.055 0.9375000000 -0.0536472360
179.08471 6.26 0.9375000000 -0.0317549338
161.96956 5.914 0.9375000000 -0.0419194743
217.05670 5.627 0.9375000000 -0.0067981953
155.15427 5.154 0.9375000000 -0.0771550164
428.05961 8.554 0.9375000000 0.0291404663
346.00940 8.557 0.9375000000 0.0174661490
294.14084 3.52 0.9375000000 -0.0980047284
166.94304 3.234 0.9375000000 0.0581360212
131.08252 0.985 0.9375000000 0.3103382435
522.08875 9.141 0.9375000000 0.0501300492
698.16820 9.398 0.9375000000 -0.2042995930
507.57935 0.991 0.9375000000 -0.1744812295
91.50454 9.41 0.9375000000 0.0681865043
81.52054 0.787 0.9375000000 -0.0179169853
430.36731 0.756 0.9375000000 0.0134772068
297.98564 9.851 0.9375000000 -0.0191771577
272.94442 0.605 0.9375000000 -0.0051890476
102.12759 12.537 0.9375000000 0.3448927714
314.23240 10.038 0.9375000000 0.0484868982
418.95567 10.153 0.9375000000 -0.0432805514
279.01201 9.316 0.9375000000 0.0236698563
210.05010 7.041 0.9375000000 0.0385833047
331.09246 10.166 0.9375000000 0.0712046938
283.10376 10.507 0.9375000000 -0.0062176270
231.07733 11.943 0.9375000000 0.0203537918
315.04162 10.418 0.9375000000 0.0106021569
126.97134 0.92 0.9375000000 0.0015163566
178.08624 9.139 0.9375000000 -0.0942269970
204.15923 8.684 0.9375000000 0.0000506331
131.07020 9.176 0.9375000000 0.0030421581
241.03105 1.001 0.9375000000 -0.0233659706
367.10513 0.988 0.9375000000 -0.3006179157
269.08778 1.414 0.9375000000 -0.3269066761
146.96100 1.206 0.9375000000 0.0647536452
199.10043 1.206 0.9375000000 -0.0142920451
167.09123 2.306 0.9375000000 -0.0062424632
180.06885 1.005 0.9375000000 0.0473280128
250.03838 8.012 0.9375000000 0.0048017377
721.86372 0.651 0.9375000000 0.0226337321
205.08172 2.444 0.9375000000 -0.1058026908
132.06535 4.662 0.9375000000 -0.0051817004
367.10526 0.978 0.9375000000 -0.3005032961
277.08920 2.364 0.9375000000 0.0262620321
200.10289 1.337 0.9375000000 -0.0026383081
176.06577 1.113 0.9375000000 0.0646156213
372.25923 10.504 0.9375000000 0.0004754004
210.05015 7.025 0.9375000000 0.0386770652
247.14414 10.417 0.9375000000 -0.0444344566
193.03524 2.468 0.9375000000 -0.0262170230
363.06231 1.036 0.9375000000 0.2220625455
345.07272 11.44 0.9375000000 0.0556651117
129.05452 7.943 0.9375000000 0.0745472568
249.10805 2.365 1.0000000000 -0.0382124908
118.05098 0.862 1.0000000000 -0.0328705218
374.59629 1.031 1.0000000000 0.1166956552
238.09924 7.85 1.0000000000 0.0034705306
85.07597 9.659 1.0000000000 -0.0355605054
164.95691 2.482 1.0000000000 -0.0160672725
635.06859 9.138 1.0000000000 -0.0104913628
195.05092 2.207 1.0000000000 0.1222820097
258.12554 8.709 1.0000000000 -0.0089539292
270.19113 8.84 1.0000000000 -0.0016729370
418.16272 8.633 1.0000000000 -0.0102389386
466.81659 1.86 1.0000000000 -0.0043856471
384.12233 6.947 1.0000000000 -0.0162754344
173.92616 11.435 1.0000000000 -0.0096447265
272.13379 2.368 1.0000000000 -0.0316539106
318.05966 8.714 1.0000000000 0.0228740278
243.75525 3.939 1.0000000000 -0.0077588553
297.04541 6.041 1.0000000000 0.0557120132
397.11301 1.167 1.0000000000 0.0876256370
191.13902 0.914 1.0000000000 0.0658340759
171.14906 0.951 1.0000000000 0.0808773917
101.05956 10.514 1.0000000000 -0.0178209707
102.95662 5.572 1.0000000000 -0.1733767783
240.11491 9.07 1.0000000000 0.0142258460
162.07700 0.889 1.0000000000 -0.0850445139
245.07683 8.42 1.0000000000 -0.0024911073
785.50444 12.594 1.0000000000 0.0122930482
354.93174 12.592 1.0000000000 0.0249298552
508.35937 12.585 1.0000000000 0.0093456910
689.95621 12.574 1.0000000000 -0.0363245414
111.02014 10.424 1.0000000000 -0.0250546360
137.04564 10.098 1.0000000000 -0.1542912854
119.07014 6.478 1.0000000000 -0.0331749097
419.04828 1.448 1.0000000000 0.0267284492
211.14407 9.009 1.0000000000 0.0383508447
256.10980 7.843 1.0000000000 0.0003836823
379.17993 11.998 1.0000000000 0.0624692327
371.12243 11.684 1.0000000000 0.0624955792
230.24769 11.321 1.0000000000 -0.0396105149
348.98978 11.448 1.0000000000 0.0741362103
432.27996 10.695 1.0000000000 0.0000000000
247.18027 8.894 1.0000000000 0.1618091552
203.00457 1.459 1.0000000000 -0.0720274088
170.15375 8.756 1.0000000000 -0.0087701566
171.09920 7.29 1.0000000000 0.0104917757
575.39471 12.566 1.0000000000 0.0005762607
156.07664 1.417 1.0000000000 0.0978450493
