"m.z" "r.t" "p.value" "t.score"
216.06872 8.046 0.0000157586 -1.4953993791
157.14146 7.82 0.0000157586 -0.6058869486
191.99763 10.928 0.0000157586 -0.9022821904
294.14084 3.52 0.0000157586 0.4147006196
155.15427 5.154 0.0000157586 0.3019305335
340.13251 6.956 0.0000245263 0.3760953407
508.01346 5.713 0.0000245263 -0.8770825468
277.08920 2.364 0.0000304909 -0.3105114191
297.09353 5.148 0.0000467965 -0.5428142385
289.22728 9.974 0.0000577723 -0.6466871596
289.15454 10.891 0.0000874397 -1.4468692324
251.17527 9.996 0.0001071995 -0.2185948014
379.14947 11.1 0.0001071995 0.5766504557
309.12663 11.904 0.0001071995 -0.1640057846
253.09279 5.964 0.0001311206 -1.0295365195
325.17107 10.465 0.0001311206 -1.6609172633
273.15962 10.88 0.0001948114 -1.0465151248
233.09932 6.804 0.0001948114 -0.7511927994
263.12129 11.682 0.0002366365 -1.5204984843
115.07521 4.193 0.0002366365 -0.2554998503
133.08570 7.047 0.0002867791 -0.5542868681
207.14907 8.611 0.0002867791 -0.2348267204
445.07303 5.714 0.0003467472 -0.4180739990
340.26912 12.54 0.0004182916 -0.8937610356
317.14938 10.984 0.0004182916 -0.2289306046
572.35541 12.497 0.0004182916 -2.0745444759
229.05791 5.313 0.0005034396 -0.2556351270
178.08624 9.139 0.0005034396 1.0015429542
185.11830 12.558 0.0005034396 0.2184209395
387.28674 11.884 0.0005034396 -0.1101123178
305.14947 10.889 0.0006045313 -0.3368932167
243.13377 10.443 0.0006045313 -0.3937967952
165.04176 12.772 0.0007242603 0.1790853994
272.13379 2.368 0.0008657177 -0.8211576581
117.09095 7.027 0.0010324405 -0.0485737732
390.87042 6.254 0.0012284633 -28.7656194066
311.15530 10.615 0.0010324405 -0.4706945524
564.35886 10.759 0.0012284633 -0.0274323114
278.17495 7.936 0.0010324405 0.0352471281
264.12424 11.817 0.0012284633 -1.2545941942
489.16273 12.42 0.0012284633 -1.0606107375
147.05113 9.687 0.0012284633 -0.1728303333
253.05434 6.017 0.0012284633 -0.2898740080
321.89751 4.849 0.0012284633 -0.5727013901
245.12827 10.024 0.0012284633 -0.1514393492
196.09662 9.84 0.0014583751 -0.0809842612
335.19002 11.609 0.0014583751 -0.3159346387
229.56251 1.002 0.0014583751 0.5488380167
465.12645 12.602 0.0014583751 -26.7742370162
377.91489 4.919 0.0017273789 -0.3073314447
569.26508 11.514 0.0017273789 -0.2498349332
286.20103 9.535 0.0020413563 -0.6692786092
360.99793 9.63 0.0020413563 -31.1528419388
191.06606 11.966 0.0020413563 -0.2334225788
291.20673 10.714 0.0020413563 -1.8113366650
382.34265 11.093 0.0020413563 -0.3815592349
335.22869 10.076 0.0024069349 -0.1096652369
182.08107 8.577 0.0024069349 -0.6409986315
520.33185 10.388 0.0024069349 -0.0314610121
690.50885 12.897 0.0024069349 -0.3265219418
172.09674 10.106 0.0028315604 -0.0992933333
344.20657 10.379 0.0028315604 -0.2032869679
268.15443 8.687 0.0033235705 -24.6583390492
297.04541 6.041 0.0033235705 0.5968129985
209.94902 5.841 0.0033235705 0.4600444614
165.06909 3.268 0.0033235705 -0.3796487404
158.08099 7.879 0.0033235705 -0.0856125902
160.84199 11.608 0.0033235705 -0.2843099740
209.03017 5.657 0.0033235705 -2.2753633702
421.20414 10.379 0.0038922722 -0.5959204787
174.14874 8.541 0.0038922722 -27.4778224094
174.04068 9.047 0.0038922722 -0.3408248438
177.10207 3.9 0.0038922722 0.4301770445
261.14835 12.903 0.0038922722 -1.6079445469
261.21717 11.699 0.0045480215 -0.2873719107
331.95245 4.82 0.0045480215 -0.2744145382
219.13381 10.095 0.0053023035 -0.1154571071
221.15347 12.88 0.0053023035 -27.2651010282
111.02003 12.66 0.0053023035 -31.4211505178
356.24314 11.873 0.0053023035 -0.0329878716
172.09669 9.97 0.0061678141 -0.0790630358
209.09206 9.067 0.0061678141 -0.0687734782
379.19346 9.538 0.0061678141 -0.8767000252
575.39459 12.631 0.0061678141 -0.3528052114
289.06943 3.383 0.0071585404 -0.0701799806
186.11234 2.243 0.0071585404 -0.1392533592
480.85041 0.749 0.0071585404 -0.0190926090
379.14916 11.813 0.0071585404 -0.6248071417
372.25891 11.165 0.0071585404 1.4107644882
417.30441 12.205 0.0071585404 -25.3380813501
397.15988 10.063 0.0082898401 0.3367616374
348.10080 8.211 0.0082898401 0.0000000000
188.16425 9.634 0.0082898401 -0.1354175651
370.07339 6.623 0.0082898401 -0.2443564296
217.11826 7.86 0.0095785178 -0.3558752229
279.18024 10.347 0.0095785178 -0.0434900952
331.09246 10.166 0.0095785178 0.4570242324
689.95621 12.574 0.0095785178 0.7759404319
111.08028 10.089 0.0095785178 -0.0481534634
421.20432 9.899 0.0110428974 0.2749963716
162.83902 11.979 0.0110428974 -0.4506336223
575.39471 12.566 0.0110428974 -0.3391440710
259.18052 10.234 0.0110428974 0.0000000000
345.07272 11.44 0.0110428974 0.8255841462
204.15923 8.684 0.0127028883 -0.0974966572
283.10376 10.507 0.0127028883 -0.0272005420
156.96584 6.254 0.0127028883 -0.1105169062
179.05607 7.974 0.0127028883 -0.5939943982
195.11263 6.089 0.0127028883 -1.1490694515
261.18080 11.062 0.0127028883 -0.1083295912
258.15450 8.641 0.0145800443 3.8038319493
176.12800 11.055 0.0145800443 -0.0755804415
243.11284 11.056 0.0145800443 0.3267906742
354.93174 12.592 0.0145800443 0.5828162254
126.10252 0.936 0.0145800443 -0.1583482523
233.16465 9.864 0.0145800443 -0.3424374094
305.22233 11.03 0.0145800443 -0.1592601260
476.30655 10.048 0.0145800443 -0.0136366415
287.10956 8.45 0.0166976143 -0.2196791094
326.23230 10.263 0.0166976143 -25.7047748681
219.12255 11.03 0.0166976143 -27.0927903230
212.11807 9.798 0.0166976143 -0.9133206970
177.14837 10.693 0.0166976143 -25.5434595767
652.35148 0.688 0.0166976143 -0.2794906559
275.21163 9.852 0.0166976143 -1.7533332402
230.98854 11.635 0.0166976143 -0.0962398209
228.99393 11.618 0.0166976143 -0.2364997554
158.11745 10.092 0.0190805801 -0.0922681356
290.13863 10.97 0.0190805801 0.0000000000
199.96928 8.234 0.0190805801 -0.1834549499
266.06696 10.05 0.0190805801 -30.6814698282
202.17990 9.685 0.0190805801 0.1144771737
250.03838 8.012 0.0190805801 -0.0922708106
240.15945 8.688 0.0190805801 -0.4484431933
233.07664 7.143 0.0217556834 -0.1374142652
258.11248 9.938 0.0217556834 0.4703696052
290.13862 11.042 0.0217556834 0.0000000000
247.08243 10.759 0.0217556834 0.1809432770
663.43469 12.755 0.0217556834 -28.5612553887
371.17238 10.818 0.0217556834 -0.4733335084
480.00681 6.217 0.0217556834 -0.3624686182
150.05495 10.804 0.0217556834 -0.2681161182
241.08692 11.965 0.0217556834 2.8198435415
530.20775 7.351 0.0217556834 0.2494353913
445.81506 12.734 0.0217556834 0.0000000000
286.20099 9.676 0.0217556834 -0.5209992461
153.06571 9.803 0.0247514361 1.6194244473
115.03881 4.262 0.0247514361 -0.2648954897
177.10193 10.234 0.0247514361 -0.1122705613
449.30468 12.874 0.0247514361 -0.5226099833
144.06298 0.713 0.0247514361 0.0522228522
548.29046 12.305 0.0280981151 1.1596771041
231.93170 11.761 0.0280981151 0.1547111734
321.89737 5.269 0.0280981151 -0.1407166844
463.48311 1.347 0.0280981151 -0.7140882431
761.58417 12.508 0.0318277372 0.0000000000
149.08072 5.991 0.0318277372 0.1926091056
207.07621 8.806 0.0318277372 -0.6791797815
604.13812 8.48 0.0318277372 -1.8712840244
553.88232 12.299 0.0318277372 0.4071718207
366.11176 6.382 0.0318277372 0.4778131836
447.89196 1.202 0.0318277372 0.6171313221
170.15375 8.756 0.0318277372 -0.0792532079
726.82403 0.698 0.0318277372 -0.1361539441
271.18060 10.852 0.0318277372 0.4842033028
87.04396 1.983 0.0318277372 0.2334319148
190.92842 8.022 0.0359740139 0.3884091778
175.04773 9.931 0.0359740139 0.3960435002
320.20668 12.357 0.0359740139 -0.3685455093
363.16229 10.301 0.0359740139 0.3187832323
307.11092 12.054 0.0359740139 -0.5984186946
225.07557 11.622 0.0359740139 -0.2893229977
314.34186 10.586 0.0359740139 0.1486329519
191.10249 10.256 0.0359740139 -0.1801695796
237.12318 6.91 0.0405722833 0.0631684470
323.19003 11.58 0.0405722833 -0.2264933716
153.06584 9.4 0.0405722833 -0.0874543710
328.24808 10.663 0.0405722833 -1.0268003736
344.22784 9.107 0.0405722833 -0.0301734226
440.02592 5.068 0.0405722833 -0.1851849153
249.15572 1.016 0.0405722833 0.0939703596
167.08539 12.572 0.0405722833 2.4542724056
102.12759 12.537 0.0405722833 -30.4987480415
785.50444 12.594 0.0405722833 -0.1439383647
190.92841 8.49 0.0405722833 0.3097353610
226.09353 10.051 0.0405722833 0.0542281982
190.92833 2.326 0.0456594178 0.3272343679
207.14903 10.244 0.0456594178 -0.0577064963
223.98822 12.487 0.0456594178 -2.6117102174
247.14414 10.417 0.0456594178 0.4841603419
118.08623 0.915 0.0456594178 0.2541408752
201.03806 1.449 0.0456594178 -0.0966026306
146.93845 2.351 0.0456594178 0.3380593535
344.22801 9.105 0.0456594178 -0.0057949395
145.08582 10.901 0.0456594178 -25.9189594941
311.00842 7.066 0.0456594178 0.3343442342
412.86265 1.253 0.0456594178 1.5213043184
190.92842 5.012 0.0512737061 0.4069425778
190.92835 1.975 0.0512737061 0.3004325830
245.16055 5.096 0.0512737061 -0.1414517314
349.10883 0.973 0.0512737061 0.1542877734
356.24298 12.717 0.0512737061 -0.7966898958
188.94916 1.43 0.0512737061 0.4448264478
188.94906 1.465 0.0512737061 0.4102733033
691.06024 9.046 0.0512737061 -0.3213467470
147.11266 1.298 0.0512737061 -0.2204906121
89.05965 3.335 0.0512737061 0.1349477544
346.08652 8.44 0.0512737061 1.4279070675
173.09203 1.034 0.0512737061 0.3175134347
190.92839 9.84 0.0574547081 0.2878280997
279.13399 9.833 0.0574547081 0.2448220850
149.04551 1.551 0.0574547081 -0.2963402309
204.12289 1.12 0.0574547081 0.2726148313
172.13321 4.594 0.0574547081 -0.4929524019
279.11598 10.313 0.0574547081 -0.1118540787
365.10514 4.803 0.0574547081 -0.3437182839
190.92831 11.975 0.0574547081 0.2372611603
137.04564 10.098 0.0574547081 -1.7077222601
360.23904 9.879 0.0574547081 -0.1373771618
228.99405 11.33 0.0642430816 -0.5196533963
173.92616 11.435 0.0642430816 0.2246700396
288.21670 9.624 0.0642430816 -30.6213511059
302.01938 5.534 0.0642430816 -0.2276291336
267.17197 12.682 0.0642430816 -27.0795223593
264.19561 6.634 0.0642430816 -23.9190815520
187.08647 12.053 0.0642430816 -0.2260879279
652.33835 11.955 0.0642430816 0.1601794479
102.01944 2.648 0.0642430816 -0.3439858478
439.28392 12.663 0.0642430816 -27.6362392035
208.06134 11.426 0.0716803808 -0.2762747223
206.10331 0.816 0.0716803808 -0.1797961515
310.20133 9.1 0.0716803808 -0.0502623066
246.04396 9.126 0.0716803808 -0.2251375131
412.30566 11.373 0.0716803808 -0.1001545389
193.09709 3.414 0.0716803808 0.2592630107
129.93629 10.623 0.0716803808 0.2726081433
383.24276 12.069 0.0716803808 -0.0301962613
333.14431 9.911 0.0716803808 -0.5546967122
450.01277 1.949 0.0798088256 -0.1577715644
410.56647 0.991 0.0798088256 0.2486909031
349.24438 10.041 0.0798088256 -0.0155395180
210.13340 6.021 0.0798088256 0.0662237948
361.18300 10.229 0.0798088256 -2.9655615424
229.91606 11.99 0.0798088256 -0.1327780984
206.10339 0.808 0.0798088256 -0.1708584986
269.13839 11.789 0.0798088256 0.0342732101
258.91571 10.016 0.0886710419 0.2921250286
525.28825 10.405 0.0886710419 -0.0217315959
207.12252 10.344 0.0886710419 -0.7084496276
334.12581 1.044 0.0886710419 -0.1133158558
310.99992 9.847 0.0886710419 0.1165511299
188.93295 2.197 0.0886710419 0.3923053426
135.10161 5.036 0.0886710419 -0.0311304824
694.92303 12.344 0.0886710419 -0.2294236992
345.07263 11.048 0.0886710419 1.0017637656
783.81581 0.699 0.0886710419 -0.2049193317
245.21100 12.02 0.0983097740 1.4495535783
108.04423 11.408 0.0983097740 0.2824606136
175.05762 0.989 0.0983097740 0.1770220680
444.99817 11.416 0.0983097740 0.1205162108
205.08172 2.444 0.0983097740 -0.1491897504
166.08610 7.964 0.0983097740 -0.1238709521
316.04492 9.022 0.0983097740 0.1456793012
157.01166 1.778 0.0983097740 -0.2972787374
190.92841 8.648 0.0983097740 0.6154425374
307.85583 8.541 0.0983097740 0.4204279820
211.08237 1.037 0.0983097740 -0.1362581393
283.01366 7.055 0.0983097740 0.2190284675
118.04970 3.758 0.0983097740 -0.2735957957
92.52214 1.525 0.1087675697 0.2757064729
205.06813 0.998 0.1087675697 -0.1512689456
266.08820 1.001 0.1087675697 0.1194418218
182.98610 9.194 0.1087675697 -28.0026593091
232.93500 9.648 0.1087675697 0.2494423647
446.29603 10.761 0.1087675697 0.1423907466
253.11829 6.707 0.1087675697 0.3650856220
384.12233 6.947 0.1087675697 0.6114592987
204.01919 9.981 0.1087675697 0.0412970294
338.11688 6.931 0.1087675697 0.5632453932
440.22751 8.348 0.1087675697 -0.0572487725
296.95007 11.91 0.1087675697 28.6990696001
487.30560 11.514 0.1087675697 -0.0476392327
99.51218 7.619 0.1200864398 -0.0594514285
203.05259 1.204 0.1200864398 -0.1316056592
363.06231 1.036 0.1200864398 0.1790365094
382.14517 12.078 0.1200864398 1.1736565449
324.19171 10.394 0.1200864398 0.4404618980
204.12297 0.92 0.1200864398 0.3844251574
487.03583 1.444 0.1200864398 -0.1879804658
205.10695 10.206 0.1200864398 -0.5422732525
388.25410 9.464 0.1200864398 -0.0207857958
205.12233 10.874 0.1200864398 -0.2427139789
298.18579 10.238 0.1323074942 29.7840748453
314.18100 9.212 0.1323074942 -0.2249348943
464.08922 11.123 0.1323074942 -0.5853607244
191.98266 0.935 0.1323074942 0.0930892819
175.09635 5.995 0.1323074942 0.0839120054
129.05452 7.943 0.1323074942 0.0884514885
260.16772 11.756 0.1323074942 -0.7339646762
217.04958 0.799 0.1323074942 0.0504118700
295.07913 5.605 0.1454705573 -0.1325703983
453.18585 12.336 0.1454705573 -0.5556125881
309.18085 10.921 0.1454705573 -0.1145808431
168.09294 7.024 0.1454705573 0.1268263808
272.94442 0.605 0.1454705573 0.0529038219
132.99174 11.641 0.1454705573 -0.0811581600
173.92615 11.13 0.1454705573 0.1824105418
110.54134 1.31 0.1454705573 0.1201840624
416.35181 10.38 0.1454705573 -0.3278634032
302.06729 10.869 0.1454705573 0.0172203610
272.07651 7.249 0.1454705573 -0.2690362408
130.08608 3.859 0.1454705573 0.1289985056
314.18103 9.232 0.1454705573 -0.2782449457
389.16269 10.288 0.1454705573 -0.2631889687
217.05670 5.627 0.1454705573 0.0219887060
193.09712 6.272 0.1454705573 0.1145315840
493.13580 8.792 0.1454705573 0.5121443442
279.11602 12.082 0.1454705573 -0.2765798258
201.98379 6.282 0.1454705573 0.1601725054
699.36720 0.627 0.1596137650 -0.0953598818
180.97290 1.07 0.1596137650 0.0226045361
174.95605 1.643 0.1596137650 0.0819155393
256.01510 9.976 0.1596137650 -0.0830909798
461.80297 1.263 0.1596137650 1.2019125241
132.06535 4.662 0.1596137650 0.0938044379
245.21099 11.725 0.1596137650 0.2834755057
154.12262 4.195 0.1596137650 -0.2594355978
233.12847 10.953 0.1596137650 0.2106365892
190.92843 10.84 0.1596137650 0.2150829198
414.33618 10.38 0.1596137650 -0.6512884410
231.93157 9.376 0.1596137650 0.0726030527
73.06475 7.028 0.1596137650 0.0344076715
160.13321 5.706 0.1596137650 -0.5616702395
104.03526 0.832 0.1596137650 -0.1715785453
211.10753 8.605 0.1747731493 0.4950764728
150.12764 10.599 0.1747731493 0.0385827628
328.16675 10.866 0.1747731493 -0.1505780871
189.08695 10.311 0.1747731493 0.2191796106
83.03560 0.578 0.1747731493 0.0263160665
163.09646 8.511 0.1747731493 0.0058590220
388.25419 9.449 0.1747731493 -0.0077573509
145.07600 11.109 0.1747731493 -0.0118205528
159.07629 1.01 0.1747731493 -0.0779650129
332.24300 9.924 0.1747731493 0.2644092794
458.98352 1.44 0.1747731493 -0.1125194180
190.15486 1.3 0.1747731493 29.9251895591
107.04896 8.69 0.1747731493 -0.3317374471
89.02439 1.449 0.1747731493 -0.2478089878
255.13494 9.538 0.1747731493 -0.1104964017
146.05992 10.774 0.1909822112 0.2101224477
189.14840 10.117 0.1909822112 -0.7138189206
705.82720 8.883 0.1909822112 27.7779476009
235.96117 3.8 0.1909822112 0.2574726272
719.96772 12.469 0.1909822112 0.6031387548
72.08071 0.917 0.1909822112 0.0411168232
347.84913 2.085 0.1909822112 0.2606120372
421.16730 12.055 0.1909822112 0.0392469415
314.18103 9.221 0.1909822112 -0.2129829838
328.10279 10.232 0.1909822112 0.0297287953
168.12290 3.516 0.1909822112 0.0941710335
208.10014 4.098 0.1909822112 0.0313488288
88.98779 8.834 0.1909822112 0.0000000000
263.17526 10.779 0.1909822112 -0.3850502871
92.04305 1.438 0.1909822112 0.0994984837
75.00862 7.446 0.1909822112 -0.1382026346
451.21470 10.875 0.1909822112 0.5198597454
250.17998 7.782 0.1909822112 0.0677787215
244.07913 1.192 0.1909822112 -0.1386389390
185.12834 7.4 0.1909822112 -0.1806255949
281.02414 3.841 0.1909822112 0.1452590282
226.12834 4.744 0.1909822112 -0.2228301825
364.09756 6.636 0.1909822112 0.5561867603
146.06332 5.783 0.1909822112 0.0000000000
90.52582 0.761 0.1909822112 0.0367577589
152.03747 0.922 0.2082714900 -0.2889948890
374.59629 1.031 0.2082714900 0.2844972669
212.11265 2.743 0.2082714900 -0.6560345506
313.01459 8.756 0.2082714900 0.1038774698
288.00378 4.675 0.2082714900 -0.3328801078
348.89496 2.036 0.2082714900 -0.1794992996
80.97482 3.003 0.2082714900 -0.1223701523
187.04184 1.45 0.2082714900 -0.1624882475
309.18077 10.914 0.2082714900 -0.4130426671
353.16799 1.006 0.2082714900 -0.0342141554
353.14236 11.998 0.2082714900 0.1213370069
105.03673 2.076 0.2082714900 -0.3037960446
189.08795 4.9 0.2082714900 -0.5408044686
252.12307 9.556 0.2082714900 0.1268622092
315.04150 8.971 0.2082714900 0.1620387300
140.07022 1.01 0.2082714900 0.2379703935
140.07021 1.019 0.2082714900 0.2256576400
135.02986 1.549 0.2082714900 0.2321408533
197.15340 12.767 0.2266681320 -0.2890582614
223.96317 2.425 0.2266681320 0.0801086915
459.28007 10.076 0.2266681320 -0.0036490552
635.06930 10.43 0.2266681320 0.0973106866
399.49400 1.286 0.2266681320 -0.6754445779
515.56788 1.001 0.2266681320 0.4864248112
102.95673 5.012 0.2266681320 0.4188622323
756.24129 8.822 0.2266681320 25.2407105707
379.17993 11.998 0.2266681320 -0.1118146037
144.10184 1.135 0.2266681320 -0.4488693465
111.02019 7.619 0.2266681320 -0.0858409762
160.93532 9.172 0.2266681320 -0.1817835322
116.92850 12.983 0.2266681320 -0.0134371491
426.35752 12.401 0.2266681320 2.3436673746
294.20617 9.687 0.2266681320 -0.0479509323
140.07027 1.006 0.2266681320 0.2499966894
189.15960 1.36 0.2266681320 0.1943628873
117.06976 7.935 0.2266681320 0.0387353319
432.27996 10.695 0.2461954642 0.0000000000
241.03105 1.001 0.2461954642 -0.1684271091
146.96100 1.206 0.2461954642 -0.1248427982
217.06176 9.907 0.2461954642 0.2047999979
346.00940 8.557 0.2461954642 -0.1076491107
320.13331 1.017 0.2461954642 -0.2820140898
237.08673 7.957 0.2461954642 -0.0180873936
698.16849 9.637 0.2461954642 0.1969178219
326.70016 9.515 0.2461954642 0.2284605017
187.99651 0.829 0.2461954642 -0.4089122434
145.12218 6.4 0.2461954642 -0.4418685720
583.15175 9.301 0.2461954642 0.3673344192
219.07628 10.787 0.2461954642 0.2731256698
336.85849 10.106 0.2461954642 0.2550013572
290.15961 6.066 0.2461954642 0.1127763297
143.10651 6.511 0.2461954642 0.0853632244
189.12329 3.624 0.2461954642 0.3216408891
179.08471 6.26 0.2461954642 2.8465768909
210.05010 7.041 0.2461954642 0.1163120943
196.14204 0.68 0.2461954642 0.0824151397
210.05015 7.025 0.2461954642 0.1161912957
223.11742 8.987 0.2461954642 -28.6898173966
184.04007 6.249 0.2668725795 0.2739988992
323.14249 11.965 0.2668725795 -0.1204909071
247.18027 8.894 0.2668725795 -0.5220525866
180.01162 0.852 0.2668725795 -0.2621155158
310.11444 1.452 0.2668725795 0.0634944128
272.16433 10.137 0.2668725795 -0.1073361534
310.11444 1.459 0.2668725795 0.0647147292
504.99519 10.333 0.2668725795 0.0810136603
197.80798 4.227 0.2668725795 -0.1986463232
160.13313 0.929 0.2668725795 0.4898011270
261.12341 10.988 0.2668725795 -0.1091193414
526.33502 11.108 0.2668725795 -0.2238864557
279.13378 10.427 0.2668725795 0.5261337074
269.08780 10.595 0.2887139389 -0.0119280817
490.28535 11.201 0.2887139389 2.7911245986
388.87366 2.809 0.2887139389 0.0771902072
81.52054 0.787 0.2887139389 0.0298135074
353.26603 0.658 0.2887139389 0.2680492190
437.23557 9.826 0.2887139389 0.0194756610
229.11827 0.988 0.2887139389 0.1751858123
231.08377 4.726 0.2887139389 0.0607764384
71.01366 1.245 0.2887139389 -0.0755516744
153.12730 10.118 0.2887139389 -0.4219829968
778.20494 9.657 0.2887139389 0.0000000000
71.06032 9.925 0.2887139389 0.2430292389
272.95899 0.639 0.2887139389 0.0220365128
241.15468 4.688 0.2887139389 0.1688879456
199.03354 0.882 0.2887139389 -0.1353466249
308.18542 9.698 0.2887139389 -0.1294597271
116.92850 11.957 0.2887139389 -0.1678907756
259.09244 5.411 0.2887139389 0.2001293634
549.21370 9.63 0.2887139389 0.0000000000
428.05961 8.554 0.2887139389 -0.1947979503
279.17010 9.088 0.2887139389 0.0971206322
173.09307 1.007 0.2887139389 -0.0474055551
102.95672 6.736 0.2887139389 0.0777739028
306.08103 11.419 0.2887139389 0.1713669215
582.15784 9.692 0.2887139389 0.1560893154
176.12802 0.894 0.2887139389 -0.3937858380
194.92729 4.977 0.2887139389 0.2734350929
427.21881 10.726 0.2887139389 0.0883077929
90.50687 7.619 0.3117289962 -0.0904634481
185.03049 9.821 0.3117289962 -0.0093069152
209.06660 1.251 0.3117289962 -0.4425556853
96.04426 4.377 0.3117289962 0.3856489342
127.03890 1.207 0.3117289962 -0.0459616376
386.29016 12.02 0.3117289962 -0.0162406019
398.32649 11.304 0.3117289962 0.4799277336
146.11750 0.877 0.3117289962 -0.0918810528
118.05098 0.862 0.3117289962 -0.1733543151
264.09794 10.479 0.3117289962 0.1445131660
379.97192 3.482 0.3117289962 -0.0287286590
287.07730 9.604 0.3117289962 0.1746254826
265.15854 9.744 0.3117289962 0.1527078792
258.15462 8.299 0.3117289962 -0.0082718655
434.87184 1.655 0.3117289962 1.2810610031
416.37491 11.688 0.3117289962 0.0786598753
178.05854 1.363 0.3117289962 0.2488359570
141.01566 3.755 0.3117289962 0.3630923581
231.07733 11.943 0.3117289962 -0.0211338074
302.01923 4.916 0.3117289962 -0.2327082015
101.01674 5.642 0.3117289962 0.1701609378
161.09203 4.717 0.3117289962 -0.1625993995
89.05968 2.623 0.3359218519 -0.0635682828
183.09899 6.515 0.3359218519 0.2686088299
524.15241 10.436 0.3359218519 0.1031173986
698.16820 9.398 0.3359218519 0.1151867297
294.20602 6.275 0.3359218519 -0.0247843163
385.90170 1.566 0.3359218519 0.3053304611
149.11722 7.029 0.3359218519 0.0137441696
98.98413 2.329 0.3359218519 0.0191920341
132.10186 1.065 0.3359218519 0.1374130438
632.05529 1.0 0.3359218519 -0.1327477193
165.11209 5.944 0.3359218519 0.0448273986
255.04659 1.162 0.3359218519 0.4325111538
518.83193 1.289 0.3359218519 0.3518196187
257.02774 4.803 0.3359218519 27.9666652311
276.19543 8.459 0.3359218519 0.0501396034
261.14441 5.814 0.3359218519 0.2067380419
659.33848 0.69 0.3359218519 -0.0956360311
129.06569 0.987 0.3359218519 0.2096028344
131.54204 0.971 0.3359218519 0.2030979606
486.24869 9.759 0.3359218519 0.0708908331
104.07053 0.875 0.3359218519 0.0525677522
87.00860 1.205 0.3359218519 -0.0730941222
101.07077 0.99 0.3612909419 0.1868693200
522.08875 9.141 0.3612909419 0.0402120577
569.31421 11.238 0.3612909419 -0.0313884230
206.02797 12.026 0.3612909419 -0.1516489623
667.32529 0.715 0.3612909419 -0.1849361880
454.24306 9.525 0.3612909419 0.0530481948
437.29077 11.98 0.3612909419 0.0533199908
310.17598 10.833 0.3612909419 0.8710370358
133.10515 1.114 0.3612909419 0.1827528450
200.07205 9.032 0.3612909419 -0.1111732936
81.52049 1.948 0.3612909419 0.0959390162
126.97134 0.92 0.3612909419 0.0966810452
105.01920 1.397 0.3612909419 0.1495083098
166.05314 0.939 0.3612909419 0.1120962191
635.06932 10.199 0.3612909419 0.0559518413
111.02000 9.054 0.3612909419 -0.0699086363
132.03019 2.166 0.3612909419 -0.2102965864
427.09502 6.181 0.3612909419 -0.1061296524
195.99212 3.004 0.3612909419 -0.1121967990
86.05991 1.918 0.3612909419 -0.2723607543
439.68412 3.58 0.3612909419 0.0620578385
181.07165 0.988 0.3612909419 -0.0498285004
209.83376 3.865 0.3612909419 -0.0872616761
132.99174 11.311 0.3612909419 -0.2527635952
205.06814 1.161 0.3612909419 -0.1501243997
286.17993 9.975 0.3612909419 0.0362094401
440.29200 12.712 0.3878287666 26.3350937775
166.94304 3.234 0.3878287666 -0.0526732686
377.14150 10.798 0.3878287666 1.7248972527
179.09351 9.273 0.3878287666 0.1429305401
195.12266 6.237 0.3878287666 0.0332255903
158.04011 0.897 0.3878287666 0.2826029307
197.06686 8.384 0.3878287666 -0.1156167546
174.12357 5.985 0.3878287666 0.6506100458
269.12445 6.202 0.3878287666 0.0624184094
188.06636 9.702 0.3878287666 -0.0870561038
437.21277 12.146 0.3878287666 0.0218192305
283.16937 12.138 0.3878287666 -0.1808778741
396.45639 11.969 0.3878287666 -0.0770312154
226.92738 2.457 0.3878287666 0.1374715466
165.07559 2.494 0.3878287666 -0.3997295641
176.06577 1.113 0.3878287666 0.1258914055
310.21667 9.245 0.3878287666 -0.2389476705
105.05448 1.968 0.3878287666 0.3129410599
203.01723 1.563 0.3878287666 -0.0028164582
239.09126 11.735 0.3878287666 -0.1646074850
311.00019 10.587 0.3878287666 0.0181706088
134.89444 9.219 0.3878287666 -0.1491677005
612.85868 0.702 0.3878287666 -0.1132385672
154.06217 1.055 0.3878287666 -0.1575332280
435.19839 11.83 0.3878287666 -0.0168053136
202.01221 0.86 0.3878287666 -0.1630715698
416.28513 11.536 0.3878287666 -0.6714689201
127.05112 0.93 0.3878287666 0.0051086341
275.05621 0.754 0.3878287666 -0.0421142876
272.20084 10.484 0.4155216664 -0.0517858864
706.32819 8.954 0.4155216664 1.2648974326
665.37395 0.645 0.4155216664 0.0140144077
438.97194 1.517 0.4155216664 0.1998868558
415.54919 1.007 0.4155216664 0.1726948668
272.17023 7.569 0.4155216664 0.0371057626
88.07557 0.874 0.4155216664 0.1337428309
437.93057 3.589 0.4155216664 0.0367336941
291.20654 9.885 0.4155216664 -0.0163728032
271.09953 11.391 0.4155216664 0.0212709686
120.06550 0.875 0.4155216664 -0.1364794941
186.11247 5.226 0.4155216664 -0.2772759452
145.07600 10.718 0.4155216664 -0.0123811661
214.03322 0.96 0.4155216664 -0.1960601305
793.36467 9.087 0.4155216664 -0.2842346176
210.06989 1.178 0.4155216664 0.1953015246
705.32525 9.166 0.4155216664 -0.4966132817
210.13344 8.407 0.4155216664 0.1963248307
197.12844 8.684 0.4155216664 0.0904833576
209.83377 4.275 0.4155216664 -0.0965496851
480.15680 12.825 0.4155216664 -0.4455480924
264.17474 9.936 0.4155216664 0.0798626983
131.07020 9.176 0.4155216664 0.0008641206
642.31799 0.711 0.4155216664 0.0149396514
317.05597 8.648 0.4155216664 -0.0125643444
162.07595 3.034 0.4155216664 0.1777865186
269.05336 10.389 0.4155216664 0.0816169881
245.09525 8.796 0.4155216664 -0.5899253178
126.97144 0.943 0.4155216664 0.0586109993
170.11762 6.354 0.4155216664 -0.2369968494
617.28564 8.799 0.4443496472 -0.1924283083
85.07597 9.659 0.4443496472 -0.0806226594
128.04530 10.421 0.4443496472 -0.0740062542
139.53088 1.201 0.4443496472 -0.0456214735
183.07790 9.596 0.4443496472 -0.7627837058
227.89438 8.954 0.4443496472 0.1059784911
130.06211 1.029 0.4443496472 0.0462819127
108.94851 0.711 0.4443496472 -0.0793994163
174.08828 0.997 0.4443496472 0.0349063849
128.95069 2.586 0.4443496472 0.0624861489
161.04539 1.564 0.4443496472 -0.1415147936
162.07594 1.02 0.4443496472 0.0583298656
131.04616 0.888 0.4443496472 -0.0531725672
104.10691 0.751 0.4443496472 0.0908484332
317.05572 7.921 0.4742862624 0.0996038442
225.93234 3.726 0.4742862624 0.0592617026
393.11557 10.785 0.4742862624 0.2183583931
214.08938 9.197 0.4742862624 0.5624228247
406.07755 8.931 0.4742862624 0.1374724402
172.20593 8.813 0.4742862624 -0.0884146728
793.36499 8.806 0.4742862624 -0.1021734002
324.09111 12.039 0.4742862624 -0.0591031637
168.07661 2.356 0.4742862624 -0.6282424731
209.10183 7.667 0.4742862624 0.0726976285
331.17529 11.712 0.4742862624 -0.1314709437
415.25378 9.765 0.4742862624 0.0091829703
112.98560 0.672 0.4742862624 -0.1042773445
322.94348 10.845 0.4742862624 -0.1196950510
232.15429 4.856 0.4742862624 0.1896111229
180.06885 1.005 0.4742862624 -0.0868690751
113.03080 1.937 0.4742862624 0.2803605226
244.15546 11.136 0.4742862624 -0.0886093325
508.08591 1.012 0.4742862624 0.0885753754
248.16462 9.682 0.4742862624 0.0261865248
243.75525 3.939 0.4742862624 -0.0308195708
120.08070 7.05 0.4742862624 0.0612972388
97.02831 0.999 0.4742862624 -0.0793184212
101.02426 1.2 0.4742862624 -0.0108913053
368.27930 10.977 0.4742862624 0.8332387993
137.04578 8.857 0.4742862624 -0.0322570094
297.98564 9.851 0.4742862624 -0.0414228049
90.50677 12.471 0.4742862624 29.3131341330
91.05396 9.695 0.4742862624 0.0118095553
296.20090 9.244 0.4742862624 -0.2543541981
146.96129 2.582 0.4742862624 0.0322184335
180.08653 1.783 0.4742862624 -0.0800011087
176.10292 0.994 0.4742862624 -0.0383871860
118.06085 1.015 0.5052985531 -0.0401735253
85.02931 0.991 0.5052985531 -0.1071637713
725.33099 11.1 0.5052985531 0.1201450172
233.00668 11.007 0.5052985531 0.0882088223
95.01369 0.988 0.5052985531 0.1312861416
502.85944 1.678 0.5052985531 0.3539129556
175.10759 1.012 0.5052985531 0.1226099945
409.08652 10.494 0.5052985531 0.1110668323
780.21894 9.092 0.5052985531 -0.1285273196
508.35937 12.585 0.5052985531 2.0572459846
182.98867 11.912 0.5052985531 -0.1160076653
407.18846 10.548 0.5052985531 0.5291997936
241.10289 0.989 0.5052985531 0.0882235833
239.14878 8.324 0.5052985531 0.3111355498
231.06209 9.352 0.5052985531 29.4730872851
124.00731 0.904 0.5052985531 0.2332365585
102.95674 5.952 0.5052985531 0.0833339654
348.98978 11.448 0.5052985531 -0.0716928280
582.15797 10.491 0.5052985531 0.1967495444
85.02830 0.999 0.5052985531 -0.0479404675
177.08682 8.887 0.5052985531 0.1708871649
322.12982 12.527 0.5052985531 -0.0965953388
90.52578 1.842 0.5052985531 0.0185658487
401.15295 10.707 0.5052985531 -0.0447397314
228.12846 0.972 0.5052985531 -0.0064673540
632.05540 0.993 0.5052985531 -0.1046695267
229.15463 3.876 0.5052985531 0.1136290465
278.19036 9.315 0.5052985531 -0.2176585601
233.10721 6.699 0.5052985531 -0.0217224611
255.04329 11.107 0.5052985531 -0.0256015719
231.17020 3.973 0.5052985531 0.2781418389
314.23240 10.038 0.5052985531 2.0512914828
114.06612 1.012 0.5373470507 -0.0667038904
245.07683 8.42 0.5373470507 0.0039337355
181.05831 4.499 0.5373470507 -0.1069549114
219.19531 12.438 0.5373470507 -26.8144037712
269.08792 0.988 0.5373470507 0.1344683861
99.04488 1.009 0.5373470507 -0.0751830802
159.05110 3.693 0.5373470507 0.0195060024
635.06921 9.54 0.5373470507 0.0891344959
169.97727 2.61 0.5373470507 0.0142187329
129.06566 9.317 0.5373470507 0.0760824485
309.11905 9.619 0.5373470507 -0.1129191845
721.86372 0.651 0.5373470507 0.0464832620
116.07055 0.913 0.5373470507 0.3200105976
246.97734 4.126 0.5373470507 -0.1732650952
178.09031 10.06 0.5373470507 0.1760541295
193.03524 2.468 0.5373470507 0.0888174956
189.13456 6.238 0.5373470507 -0.0188770686
295.12886 9.271 0.5373470507 0.0482760030
725.33091 10.798 0.5373470507 0.1157148811
422.92822 10.675 0.5373470507 0.1228053955
504.99520 10.63 0.5373470507 0.0266162595
426.21209 8.442 0.5373470507 -0.0140747691
187.87337 8.733 0.5373470507 0.0438717494
319.00836 0.533 0.5373470507 -0.0319220028
78.91870 3.875 0.5373470507 0.0259003218
249.02274 11.666 0.5373470507 0.0361178939
707.35472 0.668 0.5373470507 -0.0052330444
302.23231 9.527 0.5373470507 0.2852660446
165.01160 11.331 0.5373470507 0.1367476330
235.12873 7.948 0.5373470507 0.0155653272
487.28036 11.49 0.5373470507 0.0710611779
640.16250 9.308 0.5373470507 -0.2790574128
256.93816 2.426 0.5703858445 0.0294410315
132.07667 1.015 0.5703858445 -0.2225071869
329.08807 11.946 0.5703858445 0.0392411790
93.07378 0.817 0.5703858445 -0.0155508199
557.34613 12.217 0.5703858445 -0.0567148669
371.12243 11.684 0.5703858445 -0.1064793885
179.05488 1.986 0.5703858445 0.1244995938
582.15788 10.23 0.5703858445 0.1104104925
780.21934 9.608 0.5703858445 0.0274596027
79.51944 1.507 0.5703858445 0.0695094851
229.56254 1.202 0.5703858445 1.3209527768
315.04162 10.418 0.5703858445 0.0142368514
146.96114 0.743 0.5703858445 0.0568597402
333.09137 11.511 0.5703858445 -0.0427522347
76.07560 0.762 0.5703858445 0.2430003482
432.04721 8.318 0.5703858445 0.0657457149
179.09099 9.09 0.5703858445 0.1611143463
317.05589 8.206 0.5703858445 0.0352067645
99.09158 0.871 0.5703858445 -0.3553102556
257.09938 9.828 0.5703858445 -0.0419467739
161.12841 1.01 0.5703858445 -0.1462771598
257.09930 9.85 0.5703858445 -0.0679602412
473.97051 0.82 0.5703858445 -0.3708162672
189.95895 3.192 0.5703858445 0.0273270882
276.14394 5.173 0.5703858445 -0.4426139022
178.08377 9.047 0.5703858445 0.1605906959
113.09592 6.146 0.5703858445 -0.1215834376
141.06581 4.488 0.5703858445 0.0457536334
187.87340 8.427 0.6043627147 0.0412770871
180.13815 10.712 0.6043627147 0.0303739751
103.04006 2.128 0.6043627147 0.1696496504
191.08138 10.787 0.6043627147 0.2601860318
384.11905 1.015 0.6043627147 -0.0849300269
738.44891 12.651 0.6043627147 -0.6122120720
203.00457 1.459 0.6043627147 0.0838147886
397.17136 10.833 0.6043627147 -0.1531498185
414.30011 11.739 0.6043627147 0.1705511715
249.10805 2.365 0.6043627147 -0.3164191330
159.07617 9.025 0.6043627147 0.1454936969
230.24769 11.321 0.6043627147 -0.0179257940
434.15768 9.106 0.6043627147 -0.1398193929
209.13823 7.93 0.6043627147 -0.0045077521
327.93213 5.808 0.6043627147 0.0988137068
133.09701 9.684 0.6043627147 0.1464606155
145.06186 0.91 0.6043627147 -0.0708291460
405.01419 1.275 0.6043627147 -0.1187211300
101.05956 10.514 0.6043627147 0.0125890572
437.23540 10.424 0.6043627147 0.1399129490
255.82207 3.971 0.6043627147 -0.1241237665
230.08427 9.943 0.6043627147 0.0148958698
159.07624 9.146 0.6043627147 0.1441254259
311.12905 0.991 0.6043627147 0.3359797039
215.86845 7.975 0.6043627147 0.0235150083
138.05490 5.226 0.6043627147 -0.3996898609
324.99643 2.073 0.6043627147 -0.0923912193
88.07559 0.78 0.6043627147 0.1752535301
297.98553 8.106 0.6043627147 -0.0260335633
780.21936 9.632 0.6043627147 0.0529178879
180.08652 1.003 0.6043627147 -0.0549747811
242.28430 9.88 0.6043627147 0.0123713353
284.17015 9.68 0.6043627147 1.7491722743
705.32528 9.119 0.6043627147 -0.1930971776
321.13092 8.71 0.6043627147 0.0012556578
582.15729 9.277 0.6043627147 0.0774476102
147.11269 2.171 0.6043627147 0.2320210617
212.07631 2.342 0.6043627147 0.4809891090
584.16293 9.677 0.6043627147 0.0372010087
397.11301 1.167 0.6043627147 0.3785892980
113.03078 1.938 0.6043627147 0.2807885596
343.12322 5.46 0.6043627147 0.0749884362
189.04672 0.935 0.6043627147 0.0242497129
150.05492 9.579 0.6043627147 -0.0186198816
401.24885 9.151 0.6392193320 0.1664375585
267.84787 4.643 0.6392193320 -0.0507317993
226.95144 0.643 0.6392193320 -0.0045307714
156.07664 1.417 0.6392193320 0.0097390972
307.16514 10.397 0.6392193320 0.0423361028
281.24847 0.429 0.6392193320 -0.0022475790
412.19637 8.44 0.6392193320 0.0149335199
311.00024 10.987 0.6392193320 -0.0064388578
480.15680 12.579 0.6392193320 28.6613252819
695.42517 12.546 0.6392193320 0.1920960073
352.16861 12.568 0.6392193320 -0.0246306067
102.95673 6.96 0.6392193320 0.0051776820
423.12576 9.396 0.6392193320 0.0056372302
304.15421 10.089 0.6392193320 0.0348576942
215.17541 7.058 0.6392193320 -0.1392254398
236.58849 1.017 0.6392193320 0.0575402878
506.20748 7.308 0.6392193320 0.5991028205
237.08688 10.308 0.6392193320 0.1907043832
189.12341 0.99 0.6392193320 0.0033360025
150.02283 0.922 0.6392193320 0.0631811200
382.58487 0.991 0.6392193320 0.2433419814
305.09646 11.916 0.6392193320 -0.0055386012
612.36945 9.954 0.6392193320 -0.0208960636
167.09123 2.306 0.6392193320 0.3191493745
171.02739 2.092 0.6392193320 0.2115483559
102.95662 5.572 0.6392193320 -0.0228244859
417.03007 9.815 0.6392193320 0.0179306064
277.11832 10.94 0.6392193320 -0.1201797651
199.06892 9.647 0.6392193320 0.1380437108
672.85934 0.671 0.6392193320 0.0090522426
199.06869 9.063 0.6392193320 0.1389155184
185.09192 7.552 0.6748915230 0.2803974754
316.94798 0.643 0.6748915230 0.0314830646
319.20160 9.052 0.6748915230 -0.1282086161
149.04539 1.234 0.6748915230 0.0189180546
307.14011 10.363 0.6748915230 -0.0013228674
200.07224 9.616 0.6748915230 0.0398310220
85.02833 1.167 0.6748915230 0.0903960257
177.11198 6.256 0.6748915230 -0.0406056256
307.11091 10.806 0.6748915230 -0.0353231468
248.96050 0.661 0.6748915230 0.0202982903
125.02431 1.208 0.6748915230 0.0233388802
152.05663 10.045 0.6748915230 0.0936221620
583.16022 8.649 0.6748915230 0.0531447513
297.98584 10.886 0.6748915230 -0.0166092475
199.09645 9.587 0.6748915230 -0.0439145921
317.18723 11.592 0.6748915230 -0.0142006066
247.07118 11.161 0.6748915230 0.1528745227
725.29382 9.519 0.6748915230 28.9945655824
303.20673 9.547 0.6748915230 -0.0117927150
269.08932 8.607 0.6748915230 -0.1190242936
220.14418 9.691 0.6748915230 0.0163767600
208.09662 10.549 0.6748915230 -0.0742245119
261.94159 4.797 0.6748915230 0.0000000000
279.01201 9.316 0.6748915230 -0.0269232478
608.38342 11.87 0.6748915230 0.0716519789
289.06771 9.654 0.6748915230 0.0000000000
432.14178 9.674 0.6748915230 -0.0018158693
477.00025 10.29 0.6748915230 0.0210938239
419.14191 9.659 0.6748915230 0.0000000000
220.98079 11.494 0.6748915230 0.0000000000
175.11892 1.026 0.6748915230 -0.0039749481
102.95671 8.75 0.6748915230 0.0140019134
315.04161 9.833 0.6748915230 0.0430185515
217.03298 1.411 0.6748915230 0.0350659631
445.11963 12.49 0.6748915230 0.0395733541
130.08616 0.963 0.6748915230 0.0149550936
419.04828 1.448 0.6748915230 -0.1691561525
237.08701 10.015 0.6748915230 0.0692104635
225.04926 4.79 0.6748915230 -0.1455559719
136.04808 1.003 0.6748915230 -0.0463901851
281.07666 10.459 0.6748915230 0.3885364448
261.09446 1.214 0.7113096001 0.1087336586
87.05520 0.896 0.7113096001 -0.0798350249
375.16199 11.717 0.7113096001 0.0183094702
195.05092 2.207 0.7113096001 -0.0263232040
102.05483 8.933 0.7113096001 0.1347112931
151.06264 11.301 0.7113096001 0.4634313858
221.05068 9.929 0.7113096001 -0.0418913868
217.04941 1.246 0.7113096001 -0.3350777894
181.06275 0.995 0.7113096001 -0.0497168388
219.07643 9.969 0.7113096001 0.1557395770
106.04982 0.84 0.7113096001 -0.0209056839
231.93167 11.489 0.7113096001 0.0129982041
201.02649 10.16 0.7113096001 -0.0655504374
128.03523 4.581 0.7113096001 -0.1111556599
242.02522 10.323 0.7113096001 -0.0201043224
131.08129 8.998 0.7113096001 0.1774597455
237.89749 2.487 0.7113096001 0.1044786120
303.91345 1.715 0.7113096001 0.0855727747
310.14136 10.22 0.7113096001 0.2877033855
161.96956 5.914 0.7113096001 0.0022501957
269.02976 10.317 0.7113096001 0.0423520155
316.04490 10.475 0.7113096001 0.0025072286
307.11085 12.348 0.7113096001 -0.4299398804
101.02432 0.988 0.7113096001 0.0409531039
250.17998 6.152 0.7113096001 -0.0248206656
358.25885 9.566 0.7113096001 0.0470682362
551.22836 9.747 0.7113096001 0.0132050833
198.09718 1.002 0.7113096001 -0.0514628791
305.06317 10.048 0.7483987531 0.0088415375
257.11322 8.472 0.7483987531 0.0496237661
173.10430 1.503 0.7483987531 -0.0100095870
157.06169 4.523 0.7483987531 -0.1277102695
409.06754 1.095 0.7483987531 -0.0541530072
250.18018 7.42 0.7483987531 0.0372425002
138.05484 4.812 0.7483987531 -0.0130819910
420.92733 9.22 0.7483987531 0.0089362350
418.95567 10.153 0.7483987531 0.0708066947
200.54568 1.004 0.7483987531 -0.1390862703
179.08727 9.381 0.7483987531 0.0467271602
131.08142 4.505 0.7483987531 0.0550442371
276.00377 4.139 0.7483987531 0.0265533187
110.54142 0.75 0.7483987531 0.0039782001
83.53570 0.571 0.7483987531 0.0248824057
290.26883 12.224 0.7483987531 -0.5127627238
349.08928 10.373 0.7483987531 0.0770780851
270.19113 8.84 0.7483987531 0.0187317194
312.21699 8.835 0.7483987531 0.3339650398
164.95691 2.482 0.7483987531 -0.0640493463
336.85871 2.805 0.7483987531 0.1145141012
205.08168 1.646 0.7483987531 0.0040039805
612.88161 0.614 0.7483987531 -0.0127856589
372.25923 10.504 0.7483987531 -0.0098547802
76.03924 0.818 0.7483987531 -0.1512611506
242.98246 7.374 0.7483987531 -0.3233886988
198.04960 1.023 0.7483987531 0.0470569701
449.11725 0.993 0.7483987531 0.0279760100
90.05492 0.83 0.7483987531 0.0866691931
147.07632 5.289 0.7483987531 0.0888341982
91.00367 9.096 0.7483987531 -0.0332030602
180.10164 9.656 0.7483987531 0.0125160963
315.04139 9.462 0.7483987531 0.0411207299
441.19742 11.281 0.7860794998 -0.0425591769
311.00018 10.361 0.7860794998 0.0045170548
147.07643 0.914 0.7860794998 0.0523095961
146.93846 9.294 0.7860794998 0.2367446305
213.03271 11.009 0.7860794998 0.0461010913
227.03508 9.688 0.7860794998 0.0364216683
134.04472 2.01 0.7860794998 -0.1411287608
196.09682 7.784 0.7860794998 -0.0111852918
196.09681 9.124 0.7860794998 0.0067526367
396.31046 11.517 0.7860794998 0.0645417030
197.12923 6.244 0.7860794998 -0.0126519891
199.10770 8.742 0.7860794998 0.0401279747
127.03885 1.001 0.7860794998 0.0288298901
199.10043 1.206 0.7860794998 0.0723040409
178.09029 4.179 0.7860794998 -0.0450307104
119.08140 9.653 0.7860794998 0.0887692584
255.82197 4.751 0.7860794998 -0.0776624151
342.26364 10.588 0.7860794998 0.6183570253
185.00655 4.81 0.7860794998 0.0000000000
191.08147 10.173 0.7860794998 -0.0454011353
203.05260 0.997 0.7860794998 -0.0324925822
240.11491 9.07 0.7860794998 0.0383023567
640.16271 9.119 0.7860794998 -0.1179036888
242.98224 6.978 0.7860794998 -0.3228985791
161.04543 0.992 0.7860794998 0.0615994258
143.03485 0.992 0.7860794998 0.0388638985
284.17018 9.876 0.7860794998 27.1970477423
97.02825 1.049 0.7860794998 -0.0083047674
238.09924 7.85 0.7860794998 -0.0155362317
228.07861 8.707 0.7860794998 1.3022218708
180.06532 8.396 0.7860794998 27.5148998831
647.41104 12.469 0.7860794998 0.0389235612
133.06070 0.894 0.7860794998 0.0415625873
426.21226 8.517 0.7860794998 -0.0159844371
379.28156 0.626 0.7860794998 -0.0928577282
356.27935 11.065 0.7860794998 0.5323955446
258.91731 1.113 0.7860794998 -0.0503751986
139.03992 10.477 0.7860794998 -0.0137316862
143.03486 0.991 0.7860794998 0.0388638985
143.03486 0.991 0.7860794998 0.0388638985
133.08579 6.236 0.7860794998 -0.0114719857
219.96644 7.563 0.7860794998 0.0559337364
207.01410 0.908 0.7860794998 -0.0272591054
203.04026 4.626 0.7860794998 -0.0527445251
203.05251 1.003 0.7860794998 -0.0324925822
447.08203 1.032 0.8242681901 0.0420508174
125.87298 8.404 0.8242681901 -0.0043446702
507.57935 0.991 0.8242681901 0.1687427696
567.39009 0.618 0.8242681901 0.0074917976
303.22939 0.639 0.8242681901 0.0275756728
186.07591 5.789 0.8242681901 -0.1162605111
100.07559 2.81 0.8242681901 -0.1166083167
177.08678 6.573 0.8242681901 0.1020443146
408.08248 9.042 0.8242681901 0.0217018883
111.52172 12.498 0.8242681901 0.0283063249
236.22177 12.503 0.8242681901 26.8801551172
223.14409 9.125 0.8242681901 -0.1664005162
328.24829 9.581 0.8242681901 -0.0047358598
315.04155 8.621 0.8242681901 -0.0204710074
91.05396 10.004 0.8242681901 -0.0168398175
318.05966 8.714 0.8242681901 0.0523251507
281.15950 9.565 0.8242681901 0.0024155687
146.08114 0.943 0.8242681901 0.0179215479
226.08222 7.649 0.8242681901 0.0158502743
101.07896 2.801 0.8242681901 -0.1099393088
317.14536 3.942 0.8242681901 -0.0838905851
115.03993 0.99 0.8242681901 0.0081279524
269.08778 1.414 0.8242681901 0.0922205058
307.24774 12.579 0.8242681901 0.8697168599
119.07014 6.478 0.8242681901 0.0124849400
418.95567 10.374 0.8242681901 0.0261687037
116.07153 0.909 0.8242681901 0.0871174634
113.02429 0.991 0.8242681901 0.0555009454
220.11785 6.676 0.8628775594 0.4560399105
256.16943 9.741 0.8628775594 0.0898501727
148.06036 0.977 0.8628775594 -0.1249783504
206.10211 8.266 0.8628775594 -0.0037370241
308.20098 9.244 0.8628775594 -0.0200212873
255.82195 4.296 0.8628775594 -0.0882849006
349.60466 1.028 0.8628775594 0.0281605575
190.11859 1.167 0.8628775594 -0.2653312974
213.12320 2.188 0.8628775594 0.2481622835
130.04974 4.011 0.8628775594 0.0299942904
160.07973 4.375 0.8628775594 -0.0322224804
299.01967 4.218 0.8628775594 0.0041252265
430.36731 0.756 0.8628775594 -0.0178833057
246.16996 5.941 0.8628775594 0.0524477446
203.04007 4.18 0.8628775594 -0.0211556795
200.23726 9.743 0.8628775594 -0.0322317863
145.09707 0.931 0.8628775594 -0.0824327529
258.12554 8.709 0.8628775594 0.0837103720
276.00379 4.592 0.8628775594 0.0602530952
117.08494 1.011 0.8628775594 0.0440846929
169.09472 0.91 0.8628775594 -0.0361120404
107.07014 1.305 0.8628775594 -0.0874413481
466.81659 1.86 0.8628775594 0.2643317423
247.03088 1.446 0.8628775594 0.0484186584
100.07559 1.37 0.8628775594 0.0895569643
163.06002 1.001 0.8628775594 -0.0011332757
145.04935 0.994 0.8628775594 -0.0574274405
165.01913 9.687 0.8628775594 0.0650097418
136.04800 1.494 0.8628775594 0.0058639250
180.05942 1.204 0.8628775594 0.0152458888
145.04945 1.0 0.8628775594 -0.0574274405
83.03866 0.637 0.8628775594 0.0222242857
146.08105 6.033 0.9018173247 0.0021056180
195.05086 2.523 0.9018173247 -0.1092517690
285.97708 9.15 0.9018173247 0.4777428261
131.08252 0.985 0.9018173247 -0.0074391072
144.06544 5.699 0.9018173247 0.1046399042
168.12286 3.898 0.9018173247 -0.0188897805
396.03459 4.792 0.9018173247 0.0028928558
365.10535 5.437 0.9018173247 0.0407503643
793.31830 11.544 0.9018173247 0.0900603520
119.03487 0.991 0.9018173247 0.0348835281
211.14407 9.009 0.9018173247 -0.0804703780
325.20100 11.795 0.9018173247 0.0016780035
227.17524 7.949 0.9018173247 -0.0039820206
209.83365 4.953 0.9018173247 0.0183011473
191.06619 1.892 0.9018173247 0.0461669008
201.01679 2.458 0.9018173247 0.4005382070
235.07137 9.931 0.9018173247 -0.0045605481
367.10513 0.988 0.9018173247 -0.0006986211
221.05066 7.947 0.9018173247 0.0917046449
367.10526 0.978 0.9018173247 -0.0007866158
187.94177 12.093 0.9018173247 -0.0068900096
522.20241 6.584 0.9018173247 0.1241411429
88.07560 1.067 0.9018173247 0.0331027241
239.12775 12.444 0.9018173247 0.0080981641
131.03477 0.991 0.9018173247 0.0132092479
172.07175 9.946 0.9018173247 0.1812406345
162.07700 0.889 0.9018173247 -0.0002521878
200.10289 1.337 0.9018173247 -0.0333900549
471.19640 11.271 0.9018173247 -23.1804893294
86.09634 1.065 0.9409948168 0.1036532050
293.09537 12.356 0.9409948168 0.0003486441
91.50454 9.41 0.9409948168 0.0200317560
204.05581 1.036 0.9409948168 -0.0104470985
332.19155 8.904 0.9409948168 -0.0041264958
88.04027 1.037 0.9409948168 0.2234957389
551.22772 8.55 0.9409948168 -0.1643333633
256.10980 7.843 0.9409948168 -0.0597977881
73.07600 9.618 0.9409948168 0.0664627112
387.11466 5.628 0.9409948168 0.0773111457
277.15562 9.231 0.9409948168 -0.1537680278
88.03921 2.029 0.9409948168 -0.1172263206
183.11264 6.732 0.9409948168 0.0446312529
318.22760 10.422 0.9409948168 0.0215330907
270.08905 11.955 0.9409948168 0.0161966893
434.21735 8.685 0.9409948168 0.0283868426
114.09122 5.331 0.9409948168 -0.1004067635
223.09228 0.991 0.9409948168 -0.0405876084
191.13902 0.914 0.9409948168 0.0490630120
119.52785 7.619 0.9409948168 0.0749622817
128.04539 9.945 0.9409948168 0.0289118514
370.07357 5.901 0.9409948168 -0.0759464237
307.11093 11.428 0.9409948168 -0.0602288784
275.03886 11.955 0.9409948168 0.0040150078
321.89743 5.763 0.9409948168 0.1193094449
262.18017 8.577 0.9409948168 0.0674674680
88.11195 0.79 0.9409948168 0.2725529430
255.09499 7.907 0.9409948168 -0.0003077452
265.11811 10.779 0.9409948168 23.8168591641
187.07130 10.882 0.9803156410 -0.0248512394
276.13611 4.661 0.9803156410 -0.0275191871
225.06165 1.205 0.9803156410 0.0110485622
509.38014 12.432 0.9803156410 -0.0318089328
418.16272 8.633 0.9803156410 0.3877203364
333.11538 10.392 0.9803156410 -0.0558821903
360.02505 8.292 0.9803156410 -0.0295341399
298.05252 1.172 0.9803156410 -0.0136185989
471.24462 10.798 0.9803156410 -0.0164398233
330.91568 12.664 0.9803156410 -0.0230747457
111.02004 12.395 0.9803156410 0.0000000000
276.11887 5.255 0.9803156410 0.1390860620
96.96958 2.479 0.9803156410 -0.0042786131
258.10995 0.974 0.9803156410 0.1845185590
300.20181 8.715 0.9803156410 0.0011988561
360.96807 11.999 0.9803156410 -0.0021185972
111.02014 10.424 0.9803156410 0.0018969047
264.07714 0.994 0.9803156410 -0.2860734948
242.13058 8.916 0.9803156410 0.0000000000
86.09628 1.047 0.9803156410 0.0942272414
487.62840 3.778 0.9803156410 -0.1068018480
308.20093 9.228 0.9803156410 0.0071288935
182.10223 1.084 0.9803156410 0.1470965794
635.06859 9.138 0.9803156410 -0.0673124864
193.10697 8.321 0.9803156410 0.1163643717
171.09920 7.29 0.9803156410 -0.0092877987
130.05081 0.9 0.9803156410 0.0039261214
239.01650 0.999 0.9803156410 0.1180462365
239.01644 1.016 1.0000000000 0.1125652644
209.06651 1.5 1.0000000000 0.0949869544
242.98245 7.562 1.0000000000 -0.0914411385
168.07780 1.032 1.0000000000 0.0320169414
783.57184 12.247 1.0000000000 0.0490565517
282.11969 8.251 1.0000000000 0.0013549153
377.91455 5.802 1.0000000000 0.0209209186
276.10116 7.893 1.0000000000 -0.0225023688
171.14906 0.951 1.0000000000 -0.0086872117
151.09639 3.899 1.0000000000 -0.0172261744
232.05761 9.265 1.0000000000 -0.2491519312
711.06927 2.468 1.0000000000 27.9702184514
198.12756 10.512 1.0000000000 0.0007895789
233.87537 2.909 1.0000000000 0.0336510027
376.21774 9.262 1.0000000000 -0.0000845030
222.99521 11.996 1.0000000000 -0.1349792708
158.09236 9.95 1.0000000000 -0.0223681509
206.10229 7.942 1.0000000000 -0.2587662029
