"m.z" "r.t" "p.value" "t.score"
1054.97362 21.6374852635058 0.0000000001 -33.8282641742
538.48299 6.64984389580239 0.0000000001 -33.4705124312
736.49228 7.94913734105586 0.0000000001 -32.7368416208
806.68683 17.5470926919131 0.0000000001 -33.7406586566
561.48883 13.1581818237378 0.0000000001 -34.0389450156
1097.02057 21.8577031791158 0.0000000001 -35.0945127867
1071.00492 21.8021031932053 0.0000000001 -33.4970424580
1075.03622 22.2272700293582 0.0000000001 -33.4913958441
808.66610 15.2926862036791 0.0000000001 -31.1014205952
831.63745 12.3309298603856 0.0000000001 -31.1080014310
790.69192 18.9613743988494 0.0000000001 -30.9650883891
838.69192 19.2785591862241 0.0000000001 -31.0874021517
884.73378 18.1777721222614 0.0000000001 -31.0121057648
798.52796 10.0199104253459 0.0000000001 -31.0127970768
800.52008 7.00529186720658 0.0000000001 -31.0938319433
832.70248 17.9104454003649 0.0000000001 -30.9887658781
932.73378 18.7780916692925 0.0000000001 -31.0041846668
744.66531 20.9369401257098 0.0000000001 -30.9409906495
832.70248 18.9964478641512 0.0000000001 -31.0740845018
831.63745 12.5092239702787 0.0000000001 -30.9548666160
910.74943 17.7345957013036 0.0000000001 -31.0042116648
872.58000 10.9374339665835 0.0000000001 -31.0514432144
780.67118 19.0957418247026 0.0000000001 -31.0247165997
780.67118 18.9099025139418 0.0000000001 -31.0034531070
798.52556 9.96851421522603 0.0000000001 -31.0365275235
824.61638 11.9954974542944 0.0000000001 -31.0817943025
598.54050 15.5084030975704 0.0000000001 -31.0372853775
634.61327 17.6319395883584 0.0000000001 -31.0134941909
892.60381 14.3065056849868 0.0000000001 -31.0987982600
832.70248 19.1785617031494 0.0000000001 -30.9544834668
692.61875 17.6306018998363 0.0000000001 -31.0429747487
826.71305 17.9751998039885 0.0000000001 -31.1169041041
819.61093 10.7711743305582 0.0000000001 -31.5313861269
750.50443 6.90835286677073 0.0000000001 -31.0216424417
788.52248 8.630284343459 0.0000000001 -31.0794964214
803.66367 7.49280608940534 0.0000000001 -31.0222227031
872.57759 11.4901192517225 0.0000000001 -31.0484462558
838.69192 18.8158373469008 0.0000000001 -31.0452928743
1008.89537 21.1674514292546 0.0000000001 -31.0518205702
730.54050 11.6714273823859 0.0000000001 -31.1528788156
838.55926 5.90826679290631 0.0000000001 -30.9274918085
808.70248 19.7207297847253 0.0000000001 -31.0203957386
838.55926 6.29566271833174 0.0000000001 -30.9106572644
582.50920 12.5131635258936 0.0000000001 -30.9004615366
838.55926 6.97461568849113 0.0000000001 -30.8801962236
1008.89537 21.3493391355033 0.0000000001 -31.0770923071
1106.75610 13.4691689992642 0.0000000001 -31.0305883297
838.55926 11.5171097840673 0.0000000001 -31.0068773920
834.71813 19.7024842141707 0.0000000001 -30.8508569585
682.64966 21.2500256419296 0.0000000001 -30.9331399668
593.51395 14.7986388488556 0.0000000001 -31.0224713773
886.78582 19.6966578494945 0.0000000001 -30.9720249258
942.81203 20.5328877850625 0.0000000001 -31.1023211059
955.77251 20.9201143944706 0.0000000001 -31.0267804242
842.56943 9.99018256168592 0.0000000001 -30.9386441976
832.70248 17.6077147587415 0.0000000001 -31.0039395412
828.55966 9.00662114892922 0.0000000001 -30.9325380712
1024.67785 8.65224253047407 0.0000000001 -31.3145088560
763.63876 17.9344687427686 0.0000000001 -31.0133558231
694.59802 17.7874457901788 0.0000000001 -33.6716899075
818.56943 10.6752780889912 0.0000000001 -31.2234062360
927.61096 14.2420765502054 0.0000000001 -31.0649077844
888.64528 15.1423347059567 0.0000000001 -31.0233325627
866.66333 16.1311032822682 0.0000000001 -31.0471292631
808.66610 15.0654361565242 0.0000000001 -31.1656273493
694.63440 18.598961260615 0.0000000001 -31.0216996528
694.63440 18.3553007082915 0.0000000001 -31.0464783431
521.42005 4.56245991383664 0.0000000001 -31.0378358711
682.64966 21.2037438795692 0.0000000001 -30.9338501742
774.60073 16.2362152812099 0.0000000001 -31.0782686697
902.74435 17.2563816857018 0.0000000001 -30.8404336929
878.56943 7.3036778221345 0.0000000001 -30.9833606100
956.73251 18.2063702884559 0.0000000001 -32.6655546679
634.61327 17.2609706958659 0.0000000001 -31.0032388534
620.59762 16.7396977575606 0.0000000001 -30.9559920388
634.61327 17.046546987421 0.0000000001 -31.0036332117
736.49118 7.95376324806415 0.0000000001 -31.0225621355
864.64768 14.4603596661296 0.0000000001 -31.0075288086
512.46734 6.90917724543291 0.0000000001 -30.9569392059
832.70248 19.3221789584865 0.0000000001 -31.0517420846
936.76508 18.5186099282481 0.0000000001 -30.9912373923
760.64497 17.9993307313395 0.0000000001 -30.9738630985
936.76508 19.1179883382877 0.0000000001 -30.9432599906
582.50920 12.7753852773845 0.0000000001 -31.1468676338
906.71813 16.7899063087552 0.0000000001 -31.0275800525
1040.95797 21.5668988741834 0.0000000001 -31.0406534106
818.56703 10.0990382757739 0.0000000001 -31.0111530866
908.73378 17.5335121646671 0.0000000001 -31.0419750843
754.53813 9.88018527485945 0.0000000001 -31.0874483472
620.59762 16.4863827907993 0.0000000001 -30.9723139095
878.61994 8.43416308088934 0.0000000001 -31.0326715717
884.73378 17.9493702637135 0.0000000001 -30.9231687684
1040.95797 21.0951352585558 0.0000000001 -30.9684346857
946.71892 15.6794470700887 0.0000000001 -31.0531573109
645.54525 17.326768853654 0.0000000001 -31.0589253608
1000.92667 21.7006674697822 0.0000000001 -30.9958840507
884.73378 18.2921117320691 0.0000000001 -31.0147450587
938.78073 19.4082545818847 0.0000000001 -30.9291874899
838.69192 19.1221229252974 0.0000000001 -30.9785958333
838.55926 11.9920506155625 0.0000000001 -31.0412549753
838.55926 5.74322668110538 0.0000000001 -30.8376481706
768.55138 8.9843632360349 0.0000000001 -31.0243814727
834.71813 19.5884635380838 0.0000000001 -30.9937175306
808.70248 19.53252474725 0.0000000001 -30.9503907129
890.72322 19.6916151495635 0.0000000001 -30.9884227655
902.74435 17.6365384225453 0.0000000001 -30.7081599498
906.75452 20.0215279646577 0.0000000001 -30.8299982030
942.81203 20.1232368911019 0.0000000001 -31.0123861487
838.55926 5.42834274301472 0.0000000001 -30.6571297479
942.81203 19.2286735879301 0.0000000001 -31.0986264221
919.73613 19.1677797138039 0.0000000001 -30.9200787139
926.81712 19.9961071843996 0.0000000001 -30.8620049824
942.81203 19.4462315033979 0.0000000001 -30.8197171551
838.55926 5.56502084678931 0.0000000001 -30.3377647321
880.76000 18.8551280257099 0.0000000002 -30.0243899893
1000.92667 21.0634287715864 0.0000000002 -30.9598590736
664.60271 20.6638709867292 0.0000000002 -31.7682209919
868.73887 19.5012183316609 0.0000000004 -30.6192216920
916.73887 19.687053728927 0.0000000004 -30.4979424824
1068.98927 21.7209722491142 0.0000000004 -32.4263129971
974.87463 20.3029731425367 0.0000000004 -33.7315821929
890.72322 19.4435201936027 0.0000000004 -30.6209096779
918.81203 19.3009013520459 0.0000000007 -31.0253278646
778.53573 8.83688841170851 0.0000000008 -31.3168135215
876.57601 8.19824993908171 0.0000000009 -2.6874129661
890.72322 19.3382342296112 0.0000000009 -30.4190916912
886.78582 19.9591459073843 0.0000000010 -30.6074598719
938.81712 19.8425766580366 0.0000000011 -30.8592260770
678.47045 4.03781475879018 0.0000000023 -32.4169686323
754.69192 18.7537397440771 0.0000000029 -32.4509983466
754.69192 18.9316579655695 0.0000000030 -32.4687287638
916.73887 19.4646229304789 0.0000000034 -30.7077233122
1099.03622 22.0229615972476 0.0000000039 -33.9213437818
778.53573 9.27395638253587 0.0000000046 -31.6936739605
664.41951 3.30834380407739 0.0000000067 -2.3724752445
641.51395 15.1740289860443 0.0000000070 -31.4270512315
813.69426 20.5201278422302 0.0000000086 -34.1456969225
838.78582 20.3699000055068 0.0000000097 -2.3966967604
946.84333 20.3755432478324 0.0000000244 -33.6590976106
1101.05187 22.1911342757731 0.0000000259 -29.6273343125
670.59802 18.7985306813644 0.0000000298 -32.8861453686
743.60615 14.7694142748399 0.0000000455 -32.8070093138
687.55341 17.9772641607232 0.0000000985 -30.4719321400
687.55341 17.9907817872888 0.0000000985 -30.4719321400
920.77017 19.6194986597358 0.0000001069 -30.4699675224
668.54598 7.98467547530437 0.0000001479 -31.7441362593
857.51856 6.78720399650259 0.0000003169 -30.8041564856
800.66101 16.0513020085876 0.0000006275 -33.4328139541
670.63440 18.5185223829866 0.0000006275 -29.4243814550
904.76000 17.7429242930023 0.0000007130 0.0000000000
806.56242 5.8302685831104 0.0000008305 -29.4073510952
746.56943 14.616686840722 0.0000012116 -31.6223258031
866.81712 20.6864549321464 0.0000015159 -32.5437862426
995.89771 21.7376585462497 0.0000018020 -2.3236367529
678.56672 16.2927558222061 0.0000018020 -34.1455481862
678.56672 16.431549127195 0.0000018929 -34.1358687542
774.52906 7.87181094106 0.0000020408 -33.1646485120
782.72322 19.5597745781931 0.0000046234 -34.0989408180
907.53311 7.80151880012668 0.0000046234 -29.5374815982
754.65553 17.7675590795001 0.0000047342 0.0000000000
778.53573 9.10865057062369 0.0000048476 -31.2168913552
935.73345 18.2582126927483 0.0000075654 -0.7971810306
766.69192 19.5151673166915 0.0000091016 -32.5153527228
972.85898 20.1777156725036 0.0000160616 -30.5892637143
852.76508 19.5195850782149 0.0000164257 -32.8460536225
821.62658 12.2074870089472 0.0000167976 -28.8321595365
714.50683 8.93825499182348 0.0000175656 -30.7732814472
860.77017 19.5521233850854 0.0000179621 -30.1882536146
873.69426 20.1698019502014 0.0000179621 -26.1554600803
615.49830 14.7970414634254 0.0000187807 -30.6447736809
848.54471 7.29505914299636 0.0000191055 30.9329724864
781.63166 19.5054389752395 0.0000196348 -30.7209158748
814.53813 12.2523247458168 0.0000196348 -30.8563767158
661.52790 9.69447754506992 0.0000196348 -30.8031941188
862.63203 13.9793865361005 0.0000439523 0.0000000000
778.53813 6.85727614892335 0.0000394917 0.0000000000
524.50372 11.3822844500956 0.0000430236 0.0000000000
826.53573 7.43053805823641 0.0000412218 0.0000000000
658.54050 14.1221329561315 0.0000458670 0.0000000000
672.54090 8.20773676598412 0.0000421135 0.0000000000
662.57180 15.5908266441928 0.0000347056 -27.2556003639
776.58000 9.99120757874444 0.0000439523 0.0000000000
852.55138 7.82364064179835 0.0000378307 0.0000000000
660.55615 14.1730374212904 0.0000370253 0.0000000000
862.63203 11.9512535006425 0.0000285464 -28.5831213292
662.57180 15.4290186726661 0.0000285464 0.0000000000
568.56632 15.451306688055 0.0000449000 0.0000000000
826.53573 7.74611818368022 0.0000370253 0.0000000000
916.60381 13.1587670191815 0.0000354630 -27.0132237522
964.83277 20.746725863282 0.0000325243 0.0000000000
826.53573 8.05664216501058 0.0000339635 0.0000000000
818.49666 7.64414006691952 0.0000430236 0.0000000000
660.55615 15.3663824574461 0.0000386527 0.0000000000
824.54361 10.7181607840464 0.0000421135 0.0000000000
862.63203 12.2833803435442 0.0000291756 -15.5140524694
838.55926 5.06340574600331 0.0000378307 0.0000000000
1006.87972 20.4391355232986 0.0000458670 -27.4126912044
860.54121 8.47092903531008 0.0000412218 0.0000000000
844.58508 10.7854915782518 0.0000421135 -29.2211040134
878.58816 12.7629630372409 0.0000421135 0.0000000000
800.54361 11.5977043071417 0.0000421135 0.0000000000
798.59833 12.2436626760011 0.0000304737 -30.2402358706
834.52796 7.92853126333138 0.0000370253 0.0000000000
848.61638 11.5896624503375 0.0000394917 0.0000000000
526.29282 2.29104696651524 0.0000298179 -28.1615022341
800.61638 13.1279830128862 0.0000219348 -30.3425644328
822.56435 7.46586625635427 0.0000458670 0.0000000000
822.56435 6.98915339023115 0.0000362362 0.0000000000
792.48101 7.38003461304003 0.0000421135 0.0000000000
848.54361 10.4299192267077 0.0000378307 -29.0302564311
748.54870 7.53976224564786 0.0000378307 0.0000000000
860.54361 9.05982176456638 0.0000439523 0.0000000000
822.56435 8.43735291513157 0.0000347056 0.0000000000
860.54361 8.38474410173571 0.0000347056 0.0000000000
745.62180 16.1458603866542 0.0000386527 0.0000000000
734.62932 18.3386039538541 0.0000458670 -29.4552257980
956.79130 19.4535207201066 0.0000362362 0.0000000000
1034.91102 21.1509599448459 0.0000304737 -29.5354751236
1034.91102 21.6242738234341 0.0000255891 0.0000000000
1002.84842 20.7777363196825 0.0000412218 0.0000000000
1026.94232 21.4520957667081 0.0000439523 0.0000000000
806.72322 19.2355055086854 0.0000244899 -32.3516112196
902.78073 19.570113456069 0.0000362362 0.0000000000
836.67627 18.6357788846501 0.0000421135 0.0000000000
666.53033 6.64359598509578 0.0000403479 0.0000000000
956.77017 19.9634717117313 0.0000370253 0.0000000000
930.75452 19.5970339347887 0.0000386527 0.0000000000
748.64497 18.8205068382173 0.0000421135 0.0000000000
881.68650 17.350154695584 0.0000370253 0.0000000000
881.68650 17.4836337700889 0.0000412218 0.0000000000
1036.92667 21.2203718984661 0.0000439523 0.0000000000
860.54121 8.2015241960463 0.0000370253 0.0000000000
860.54361 7.08624726430884 0.0000412218 0.0000000000
800.52248 7.25042467467313 0.0000439523 0.0000000000
932.77017 19.8525281248487 0.0000386527 0.0000000000
884.54361 8.41095632218902 0.0000449000 0.0000000000
644.59762 15.2198626568904 0.0000430236 0.0000000000
796.54629 7.98897680006058 0.0000412218 0.0000000000
552.53502 13.5982849335961 0.0000439523 0.0000000000
891.70483 18.8863638533251 0.0000449000 0.0000000000
793.55889 8.66615893672386 0.0000347056 0.0000000000
842.66333 16.0335957915798 0.0000386527 0.0000000000
826.63203 10.8441037589627 0.0000386527 0.0000000000
804.61130 11.6613723077388 0.0000394917 0.0000000000
742.53813 7.9032488405802 0.0000458670 0.0000000000
618.58197 16.8515136611189 0.0000430236 0.0000000000
884.54121 8.56678313424988 0.0000421135 0.0000000000
860.54121 8.65870550996592 0.0000347056 0.0000000000
822.56194 7.2826229910224 0.0000386527 0.0000000000
788.52248 10.6156606168787 0.0000354630 0.0000000000
674.64457 17.6769971067008 0.0000412218 0.0000000000
564.53502 13.016760221587 0.0000449000 0.0000000000
1149.88206 11.9145627667086 0.0000430236 0.0000000000
814.50175 8.28706860620359 0.0000421135 0.0000000000
820.51231 9.20583662612468 0.0000370253 0.0000000000
820.51231 8.44617022668243 0.0000439523 -28.3400342782
910.55926 9.20945876592457 0.0000458670 0.0000000000
771.63745 16.0121158351908 0.0000421135 0.0000000000
666.63949 17.0532694771335 0.0000430236 0.0000000000
822.52796 7.86313854524781 0.0000403479 -29.4992958706
820.54870 7.51647340501577 0.0000421135 0.0000000000
900.61130 13.3894818630432 0.0000332365 0.0000000000
790.59565 10.1741571526494 0.0000403479 0.0000000000
776.52008 7.4031156410416 0.0000386527 -28.7638905552
776.52248 7.23964423955735 0.0000458670 0.0000000000
752.52008 7.93427582991434 0.0000261562 -29.5373980885
820.54870 9.30071755361875 0.0000449000 0.0000000000
776.52248 7.68767677248695 0.0000403479 -28.7397198603
964.83277 20.4689942462704 0.0000421135 0.0000000000
885.54635 7.7713487642378 0.0000421135 0.0000000000
684.55615 14.0212976895966 0.0000311432 -28.2956626008
1134.78740 15.0179941635531 0.0000370253 0.0000000000
1134.78740 15.346940214106 0.0000421135 0.0000000000
953.75686 20.4907993543649 0.0000362362 0.0000000000
1136.80305 16.5401036363083 0.0000412218 0.0000000000
953.75686 20.3308731897674 0.0000378307 0.0000000000
996.64655 6.94142941247537 0.0000412218 0.0000000000
1022.66220 7.16196778049472 0.0000421135 0.0000000000
770.56943 14.0563745517994 0.0000449000 -26.7286206874
1132.77175 13.3299254915796 0.0000439523 0.0000000000
914.58816 10.9428386356678 0.0000394917 0.0000000000
996.80147 20.212933606418 0.0000291756 -29.0383727707
692.52248 12.0416949597893 0.0000362362 0.0000000000
557.45644 4.03606346915314 0.0000347056 0.0000000000
779.60615 8.88831180841904 0.0000370253 -28.1147298876
589.48025 14.6938891025669 0.0000421135 -29.4977636853
906.60661 10.9954806200241 0.0000378307 0.0000000000
1010.91102 21.2903281116972 0.0000311432 -26.8964381758
1010.91102 21.3809305163438 0.0000291756 0.0000000000
624.55615 15.2359536765845 0.0000439523 0.0000000000
744.59254 17.5258161752218 0.0000412218 0.0000000000
858.71813 19.1482565223238 0.0000458670 0.0000000000
753.59050 8.67537806258626 0.0000394917 0.0000000000
790.53813 9.86387168759099 0.0000318266 -30.4207912509
780.52901 7.25572502669142 0.0000430236 0.0000000000
858.71813 19.3689287705758 0.0000354630 -28.8859250483
830.56703 9.26299199256904 0.0000354630 -27.2829803071
686.57180 14.8685647194608 0.0000370253 -28.5138191385
834.71813 18.4485323971623 0.0000347056 0.0000000000
1108.77175 15.1342740346312 0.0000403479 0.0000000000
690.60310 16.8133125031881 0.0000378307 0.0000000000
628.35849 3.85206451276393 0.0000439523 -26.6912425573
742.64966 20.5986169077755 0.0000250338 -30.8577440613
968.77017 19.9537432075493 0.0000332365 -30.8959904287
626.57180 16.9606438751328 0.0000394917 0.0000000000
928.59096 9.0351711901142 0.0000439523 -28.9564756551
951.74121 20.2440568300512 0.0000362362 0.0000000000
746.68096 21.2352965492086 0.0000439523 0.0000000000
622.54050 14.2298657740344 0.0000386527 0.0000000000
790.53813 10.1376915294494 0.0000261562 -30.2496633745
718.64966 20.9885479032109 0.0000347056 0.0000000000
796.54870 6.73042125074951 0.0000386527 0.0000000000
796.54870 7.97134259044364 0.0000412218 0.0000000000
742.53573 12.0805817474551 0.0000378307 0.0000000000
762.50683 8.7867781831381 0.0000370253 0.0000000000
1004.86407 20.7677610825149 0.0000421135 -27.9464655826
1004.86407 20.8282943621821 0.0000421135 -27.9464655826
762.50683 8.17303562964144 0.0000354630 0.0000000000
750.50683 8.87963413499846 0.0000354630 0.0000000000
624.55615 15.5823917350051 0.0000430236 0.0000000000
1004.86407 21.0179301694015 0.0000403479 0.0000000000
900.55966 7.26078663209715 0.0000430236 -25.8554956725
686.57180 15.9654149812827 0.0000412218 0.0000000000
742.64966 20.6011187736777 0.0000285464 -30.8513274050
686.57180 15.4507181641884 0.0000378307 -29.6603757292
650.57180 15.9704632345045 0.0000394917 0.0000000000
834.71813 18.4029145964906 0.0000403479 0.0000000000
639.49830 13.3423273390183 0.0000378307 -30.6974829677
835.53311 7.87810370052952 0.0000386527 -27.4531980088
690.60310 16.9847488289727 0.0000378307 0.0000000000
762.50443 8.17792824107983 0.0000354630 0.0000000000
755.60615 9.77593965244202 0.0000378307 -29.9048914820
972.73457 15.5643539966878 0.0000285464 -29.9918884886
770.56943 12.3151054857801 0.0000458670 0.0000000000
762.50443 8.7639163553579 0.0000370253 0.0000000000
716.56711 9.64189199345199 0.0000403479 -27.5623488359
755.60615 12.6154342502388 0.0000439523 0.0000000000
740.52248 9.29037375530442 0.0000394917 -28.6744984184
664.58745 16.9059194033 0.0000370253 0.0000000000
996.80147 20.2808981984853 0.0000267353 -29.4682688846
664.58745 16.5915303155701 0.0000362362 -29.6219310850
860.61398 12.8436534231233 0.0000311432 0.0000000000
812.52008 12.5446320617231 0.0000430236 0.0000000000
860.61398 14.0406008432365 0.0000394917 0.0000000000
728.60350 12.3703602829537 0.0000318266 0.0000000000
970.71892 14.152363837516 0.0000332365 0.0000000000
816.55138 9.00539700019513 0.0000370253 0.0000000000
624.32719 2.37772744078826 0.0000458670 -26.6744359308
770.56943 13.1877330009195 0.0000378307 -27.7721218328
1006.87972 20.9550512295005 0.0000439523 -29.3050647982
626.34284 3.15904989717205 0.0000403479 0.0000000000
766.53813 7.65739773700549 0.0000403479 0.0000000000
688.58745 16.0393490043176 0.0000421135 0.0000000000
940.83277 20.7497846482681 0.0000311432 -30.1984153740
812.65514 18.911232777149 0.0000370253 0.0000000000
907.77251 26.3700618026339 0.0000412218 0.0000000000
918.68762 13.7460953575189 0.0000430236 0.0000000000
791.61366 12.3881898744884 0.0000378307 0.0000000000
783.45714 2.98186299648712 0.0000449000 0.0000000000
860.61638 10.814572123533 0.0000354630 0.0000000000
860.61638 10.4766470056212 0.0000311432 -28.7577308181
767.60615 12.7337436123045 0.0000386527 0.0000000000
700.57220 10.2433176901315 0.0000318266 -29.5555683239
652.58745 16.9354448595998 0.0000378307 0.0000000000
940.83277 21.0017683424938 0.0000439523 0.0000000000
819.63745 13.1161312191406 0.0000394917 -27.2742009240
805.62180 10.0358196364818 0.0000332365 0.0000000000
662.57180 16.0205121754695 0.0000430236 0.0000000000
783.63745 12.5822459095545 0.0000430236 0.0000000000
742.53813 12.0213414389539 0.0000403479 0.0000000000
805.62180 11.9884327858594 0.0000291756 -28.9823001550
974.75022 16.9362575111927 0.0000370253 0.0000000000
971.70991 19.4800049739226 0.0000468538 0.0000000000
670.64966 21.4265644864745 0.0000468538 0.0000000000
934.78582 20.2942234800067 0.0000468538 -30.5337259559
848.54361 10.047191338987 0.0000468538 0.0000000000
848.61638 12.4766974271809 0.0000468538 0.0000000000
842.62695 9.03822113025416 0.0000478607 0.0000000000
600.32719 2.9382701936241302 0.0000478607 -26.9905572365
889.57765 10.2944029330796 0.0000478607 -26.1269764579
854.72322 19.9405815392757 0.0000488880 0.0000000000
754.53813 8.19847468907275 0.0000488880 -27.3873350989
615.49830 15.0490793396637 0.0000488880 -30.0660298232
575.46700 5.38680386869267 0.0000488880 0.0000000000
682.54050 12.2558316489976 0.0000488880 0.0000000000
592.49355 4.9402285411521 0.0000499363 0.0000000000
608.59762 17.1278515911952 0.0000499363 -26.8730675292
912.80147 19.786720202544 0.0000510058 -29.8903792971
752.52008 8.38462031932374 0.0000510058 -29.4634129018
994.78582 19.7892142749866 0.0000520970 -30.1876726574
539.43062 4.05616896686207 0.0000532104 0.0000000000
734.62932 18.7524257712838 0.0000532104 -30.0482608877
932.77017 20.0116510240289 0.0000532104 0.0000000000
700.48878 7.51491353390292 0.0000543462 0.0000000000
918.75452 19.1835581393877 0.0000543462 0.0000000000
936.80147 20.3239508673701 0.0000543462 -30.6530657975
742.53813 11.3931641140085 0.0000543462 -29.3545741278
752.52008 8.13585410742861 0.0000555050 -31.5303240493
910.55686 9.90662773587235 0.0000555050 -24.5168840288
684.55615 13.7310499656203 0.0000555050 0.0000000000
665.51395 14.8451470102648 0.0000555050 -30.5332023649
819.64731 19.4473886504971 0.0000566871 -30.2806981830
1006.87972 21.0670194722587 0.0000566871 -29.3078170995
658.54050 12.8856863424462 0.0000566871 -30.1783792971
916.60381 13.4903661896687 0.0000578931 0.0000000000
802.53573 8.15660751544341 0.0000578931 -30.3859663295
909.54876 9.52944471960353 0.0000591234 -29.3226344840
743.60615 10.5243643238476 0.0000603784 -30.2831938387
645.56051 18.3142285392967 0.0000603784 -25.8797714323
819.64731 19.2645504718872 0.0000629644 -29.8295588283
854.72322 19.7196279872418 0.0000629644 0.0000000000
642.61836 21.2138729018903 0.0000642964 -26.8394810471
934.80695 18.7914005540053 0.0000642964 -28.8770143878
864.80147 20.3671931500569 0.0000642964 -31.4714159411
825.68440 14.7942929438249 0.0000656551 -30.4167772129
688.60271 20.4871782455611 0.0000656551 -29.2219230743
936.80147 20.5558443683721 0.0000670408 -30.9074112274
727.56599 18.2335352367007 0.0000684543 -30.1131252531
828.55138 8.70478008207161 0.0000698959 0.0000000000
770.56943 13.7982120308637 0.0000698959 -30.7258242544
749.62311 18.2614813650962 0.0000713662 2.5453229778
610.50412 4.10610576732975 0.0000713662 -29.2113753985
610.50412 4.24553244043687 0.0000728657 0.0000000000
754.53813 7.21731266224712 0.0000743949 -30.2146571553
996.80147 20.0499702842408 0.0000791669 -30.3015358076
734.62932 18.0313215530983 0.0000808209 -28.8391112761
640.60271 20.8730521925162 0.0000808209 -29.8457293406
898.58149 7.76283948997714 0.0000834125 -2.4627937427
704.63401 20.8362749700071 0.0000859810 1.0660751488
770.56943 13.7949172257704 0.0000877691 -30.6698310866
828.55138 8.50758787087697 0.0000895923 -30.7118181471
860.61398 13.3799551707263 0.0000914512 -30.6039210674
906.81203 19.9086914544665 0.0000933465 -33.2892324237
998.81712 20.324465212769 0.0000952789 -29.1462759282
966.84842 20.353538437359 0.0000972490 -30.7477163803
770.56703 13.797233012235 0.0000992576 -30.7781751249
718.64966 20.7345479674261 0.0000992576 -31.1011476718
970.78345 19.5917473672994 0.0000992576 -29.7699473250
652.55107 15.7972972243683 0.0001013052 -31.3730762250
1000.83277 20.5569187697393 0.0001055207 -29.9839678200
716.63401 20.8641595968282 0.0001055207 -30.5886642565
912.80147 20.596400283124 0.0001055207 -31.3572277502
912.80147 20.4616649087917 0.0001099014 -28.0103965632
734.62932 18.5910462984725 0.0001216156 -26.9448290084
1010.91102 20.8292256386248 0.0001216156 -28.4457563926
907.70215 17.5619717156372 0.0001240955 33.5870149546
980.86407 20.9952050110786 0.0001266230 -30.3801949224
994.78582 19.9427527160353 0.0001372265 -29.3869664646
944.82768 20.8102044715988 0.0001372265 -30.6301642625
998.81712 20.5375483102129 0.0001372265 0.0000000000
942.75452 19.8410686516691 0.0001578219 -30.1827628177
614.53542 5.02286815760841 0.0001609913 -29.4882286827
660.55615 14.7983884212096 0.0001642205 -29.3889971937
782.68683 18.1693132593408 0.0001675106 -29.8524432707
580.56632 15.6431414919584 0.0001675106 -2.5575867951
954.77565 18.8474141098594 0.0001813011 32.0042217386
873.69426 19.9600399364991 0.0001849119 -30.8355020732
794.49776 5.46257694858127 0.0002008257 32.4415703193
946.78582 19.8770708820694 0.0002080359 -30.4906957772
842.59056 6.44734556710153 0.0002080359 0.5508366236
756.55138 11.9555150360957 0.0002121445 -30.9388538960
890.81712 20.2140279003404 0.0002163293 -30.7608317345
540.33070 1.84850309373919 0.0002239460 30.2312718321
1052.70915 10.6948651490635 0.0002249323 0.7333757219
770.65045 17.6273221834902 0.0002293533 -32.0155901186
752.63988 16.3912993696017 0.0002338557 32.3894344271
802.53573 8.8072254871286 0.0002626600 -31.6447495827
932.79130 17.8258773830643 0.0002836761 -33.0454069894
840.70757 19.2947741222214 0.0003062600 -30.7164921969
396.31084 0.98204159640549 0.0003062600 -29.8451763958
840.70757 19.5456883292014 0.0003433119 -30.8184209560
850.58149 6.18428849202841 0.0003955848 33.3217237625
752.52248 8.40281504295583 0.0003992603 -28.9169127943
690.50683 10.2541770466429 0.0004145216 -3.2776709915
840.57491 5.17233813631043 0.0004145216 33.6514468364
907.70215 17.7316289680842 0.0004223550 32.8151279358
666.56672 16.7917730699918 0.0004223550 -31.2108979755
964.83277 19.941587796613 0.0004466925 -30.9416011966
692.63401 20.9725110038892 0.0004723339 -31.7008284662
944.77017 20.1130707501232 0.0005181420 -31.0566902558
872.56584 4.96633835499076 0.0005399057 33.7479977717
907.69974 17.5044412299098 0.0005680640 32.4864597452
742.53813 11.5687569218062 0.0006111886 -28.9766405381
824.54471 12.6215207088815 0.0006186575 -2.0285496307
866.59056 8.48356825144931 0.0006224359 32.6228483746
907.70215 17.2735716599763 0.0006693786 32.7510504432
914.81712 20.8205031467714 0.0007067233 -31.7379994316
670.59802 17.678965354013 0.0007195957 -33.1687904871
934.80695 19.1902897071621 0.0007195957 -30.7256394343
892.73887 19.5021780171159 0.0008015172 -31.1647548395
742.53813 10.460452919561 0.0008306934 -31.3590531607
968.77017 19.7574627327258 0.0008306934 -30.5421053114
974.81712 20.261442945698 0.0008456482 -30.7740042041
742.53813 10.9538884115265 0.0008608523 -31.4362122024
976.83277 20.5932494912448 0.0011021048 -31.5889159826
834.75452 19.8122443409182 0.0012024510 -2.1989691948
872.77017 17.4569158865644 0.0015563371 30.2490468061
742.53813 11.1492621359779 0.0015563371 -30.9501551184
933.71780 17.6915891918748 0.0015830440 33.1327119285
933.71780 17.4551530890066 0.0015830440 33.1333800278
842.70796 17.694879108752 0.0016941453 0.0000000000
840.70757 19.4793375238574 0.0017230194 -30.2137753363
754.53573 10.1538623908481 0.0018123789 -31.9567266974
498.26262 1.78215904919559 0.0018695604 0.0000000000
840.57491 6.07030481037946 0.0019381534 -0.0085121202
840.57491 6.56318676086745 0.0020376898 0.0541217863
1035.00492 22.09824741533 0.0020376898 -30.8483945523
642.56672 17.5627122923697 0.0021777040 0.0000000000
942.75452 19.6028425657993 0.0022140591 0.0000000000
914.81712 20.1061089271613 0.0022884432 -31.6325360555
594.37655 2.99198249115227 0.0022884432 32.2616861697
862.55926 6.14886646467297 0.0022884432 30.7297664721
598.50412 13.7863523370105 0.0024043188 -33.3664819151
946.84333 20.1393152901222 0.0024043188 -33.6450982983
960.82260 18.8231641035878 0.0024441218 32.0656627794
840.70757 19.3775205163669 0.0025671763 0.0000000000
840.57491 6.39393155746639 0.0025671763 0.1262748846
764.67627 18.9609767038825 0.0026094370 -2.9314477710
836.54361 4.80313582363978 0.0027849163 34.1645997475
642.56672 17.8943152494222 0.0028304383 0.0000000000
940.60381 12.0061833729497 0.0028766389 0.0000000000
940.60621 12.272387208172 0.0028766389 0.0000000000
976.83277 20.7679484889391 0.0029235269 -30.8067158312
928.76000 18.1150713059698 0.0032717649 30.4056806348
948.85898 20.3127156013115 0.0036573996 -31.6872164399
790.65553 16.0535794870784 0.0038958896 0.0000000000
652.55107 16.4689038839025 0.0038958896 -0.5652774610
780.70757 18.8977527335424 0.0039576785 -31.4666579290
906.77565 19.1793709313384 0.0044157181 -30.6013233782
642.56672 17.3170901896051 0.0044157181 0.0000000000
982.68955 3.12520071322685 0.0044849365 0.0000000000
904.79638 19.6350400633875 0.0047717490 -2.1483466444
876.72870 17.4887805084043 0.0048459987 33.1436963376
768.51740 7.92862167289972 0.0050750615 -29.8483536509
866.59056 6.64467757590123 0.0058221600 32.8794536014
528.30847 2.75739817509036 0.0060923968 31.4117152463
852.57601 9.1575747483828 0.0064604809 30.8099663158
890.57531 8.56170672772429 0.0065679813 31.5644331984
880.73887 19.154743256211 0.0067673825 0.0000000000
842.59056 6.97840730105147 0.0070766941 29.7777152243
922.84333 19.9170818205574 0.0075088401 -26.8276322557
690.47045 4.05779859626465 0.0076205090 2.0731453619
950.68556 15.933915867878 0.0078376318 0.0000000000
840.57491 7.24425473313992 0.0080822191 0.3027897787
840.57491 6.98302179574783 0.0086944854 0.3837903447
856.64260 13.9341442612362 0.0089507780 -28.9077063120
954.77565 19.2538908230624 0.0090814373 31.7421144871
766.50175 8.15633711614708 0.0090814373 -31.5866189092
854.62695 11.710716483512 0.0092137967 -29.2342650731
881.51746 7.67061403001131 0.0092137967 1.1716724489
795.63745 17.2437848228664 0.0093478751 0.0000000000
572.48847 13.085586598735 0.0096212651 0.0000000000
774.52906 6.77889265692154 0.0097289585 0.0000000000
669.56051 17.9790592463352 0.0106351222 33.4820691844
474.30615 1.6451602143514 0.0106351222 -0.3783799961
790.50175 8.11831765233682 0.0107874617 -26.0266922531
696.57728 15.8457917899866 0.0120776696 30.3954580313
845.72288 18.8317151343534 0.0125956812 31.0537795400
912.76508 17.8787071922527 0.0146672532 -1.0475829799
838.55926 4.81403846069614 0.0150746026 32.1941503069
283.15160 0.777603382514871 0.0157043108 0.2177906423
505.42623 9.42082750728656 0.0161393556 0.0000000000
715.58471 19.0322109278503 0.0165798570 -30.0462313727
746.49776 8.20006651458217 0.0165506758 -0.3334900353
682.63440 19.037569606701 0.0170334933 0.7036761103
893.66296 18.9258016594971 0.0170334933 31.4830588305
860.54361 5.9976161847069 0.0174979843 -29.2504764444
903.74121 26.4223197218448 0.0182155401 1.1706390051
900.59714 6.76682040608038 0.0189815608 30.0291652148
786.52796 8.31755657965752 0.0192122849 0.1568073787
924.59714 6.44189087338189 0.0199399616 33.9317267004
872.56584 5.14933363678303 0.0204348105 32.4313428014
736.44064 3.69118304403745 0.0204348105 0.0000000000
814.55926 4.93970511985715 0.0210716094 29.6054306693
936.57601 6.96630602871089 0.0211971624 2.7164893092
678.56672 15.9855257875705 0.0233867791 -1.6883239141
882.75452 19.2639297982881 0.0236911571 0.0000000000
633.50887 8.41454721275307 0.0236911571 31.5868589513
358.29628 3.67315702398483 0.0242083235 -0.3472172284
692.63401 21.041892340345 0.0243102374 -31.9330841658
536.50372 10.509208423509 0.0252651367 0.0000000000
900.59714 6.12023959738057 0.0260020603 33.1426029329
974.81712 20.384280103872 0.0276203203 -30.6343034343
590.34635 2.71744863036992 0.0285716603 -0.1435568294
474.30615 1.53272052921968 0.0294164046 -0.3441525823
860.63861 14.9034921259111 0.0299365134 0.1398655103
780.55138 9.79972772539102 0.0305415782 0.1625742347
691.66098 19.8595490829256 0.0313570407 -33.2627179659
600.55615 16.6047355297481 0.0333115871 29.5989027923
878.74435 18.7662066812243 0.0333115871 0.2612823220
886.61788 11.5219161262171 0.0335961007 -0.4679360580
902.61279 7.52701308865099 0.0343722284 1.6752002336
882.58658 6.95010110983653 0.0351636251 0.0000000000
960.73457 16.4040791377762 0.0354193747 0.0000000000
796.54980 8.69745924566983 0.0355651218 3.8352994533
678.61836 20.6683180146395 0.0371865737 29.9541534784
884.77017 19.3221372557493 0.0380979677 -0.8681132279
481.42514 4.04330644716952 0.0385607430 -30.6621446775
899.76983 19.5192648001211 0.0404599068 33.0815312191
690.50683 10.254350732483 0.0409469023 0.0558702420
690.50683 10.2633397689426 0.0409469023 0.0539835683
980.86407 20.3334856839622 0.0409469023 0.0000000000
796.51231 6.39891832833015 0.0414388555 30.4621218564
910.80695 19.639266776861 0.0419358049 0.0000000000
890.81712 20.3922009142705 0.0434570145 -32.1845971060
624.29431 3.21329177627375 0.0439693365 0.0000000000
1002.94232 21.625995387222 0.0444968427 0.0000000000
979.86641 21.4848472667142 0.0455575856 28.4246082467
802.55926 10.3202341629118 0.0455575856 0.0000000000
612.33070 2.13505952074836 0.0454387385 0.0000000000
676.55107 15.1931824760204 0.0529841178 30.7628952511
605.47516 15.2824436412883 0.0529841178 0.0000000000
758.62932 18.0689527429452 0.0535950639 0.0000000000
824.58000 9.6926698481206 0.0542118813 0.8641784103
676.66022 18.0880555919204 0.0548346110 -3.3365615539
808.73887 19.4789433221002 0.0560979727 1.2266575833
914.64918 13.7230281777726 0.0581359878 -0.4238857150
758.62932 18.4987935386269 0.0600342634 0.0000000000
712.64497 18.7308969181232 0.0607120718 0.0000000000
792.57491 6.25706140767907 0.0627836393 1.4701282483
894.62296 11.6446721268431 0.0645115370 -0.3395943644
810.75452 19.9849887103618 0.0649133080 0.0000000000
810.60073 11.843308732296 0.0656363068 0.1415468457
802.55926 10.6574420779 0.0663659312 0.0000000000
950.81712 20.688621773897 0.0685949841 1.4856642028
814.63203 12.6613429025469 0.0701149302 0.0000000000
871.53421 8.44473902873824 0.0714534103 0.0000000000
712.60271 20.2896396465817 0.0716624052 0.0000000000
808.70248 18.1216121349425 0.0724465734 0.2732413210
860.60223 7.88585511404219 0.0729127556 29.3681692802
594.34126 2.51071489736444 0.0743964011 32.3268631930
450.26262 2.12921976162158 0.0759046237 29.2972808764
858.60073 9.63352025319336 0.0764734449 -0.3106053179
952.83277 20.458637392069 0.0764734449 -3.8539624486
916.79638 18.7577446168061 0.0773003274 29.2836056531
854.53305 8.8617910459713 0.0781344801 0.0000000000
926.74435 17.5858811997927 0.0789759463 0.0000000000
736.44064 3.63035858141885 0.0797845241 0.0000000000
858.60073 9.39929989853473 0.0824158114 0.1537065070
610.33618 1.00581372339599 0.0830032030 32.0610724551
298.31044 4.60763436225434 0.0832944944 -0.8404391310
804.51850 11.3263225046212 0.0838241010 -0.3730125285
796.70248 18.7920251571022 0.0906002357 -26.6690616533
752.55887 13.9768290065122 0.0915486374 -8.2590644838
834.60073 13.9094896302591 0.0915486374 0.2257728895
780.70866 18.8798975705685 0.0932946324 29.0231470683
654.61836 21.0416689520848 0.0934693726 0.2420799079
842.70796 17.4882012477371 0.0934693726 0.0000000000
282.27914 4.05225055027731 0.0944417924 0.3412215165
770.49666 8.7233577179488 0.0944417924 -31.1281634080
769.62180 14.6479309917326 0.0954223044 0.0000000000
910.78582 19.5903718907248 0.1004477542 0.0000000000
369.35158 21.1707662960087 0.1004477542 0.1005697618
902.57531 7.8476288981191 0.1035628798 29.4392762306
774.62423 18.3132368173869 0.1067543068 32.6257940243
878.78073 19.5099114299722 0.1078352699 -0.0134454590
828.69231 17.2137732777944 0.1078352699 -0.2046493080
892.79638 19.2859606993813 0.1089248808 29.2696974861
312.32609 6.04525990208375 0.1145041239 -0.1759428553
924.80147 20.5899344752001 0.1156465037 0.1808131545
566.34635 2.07466059055652 0.1169358641 31.6474174107
848.77017 18.1875551675254 0.1167978247 28.4524775961
765.60036 18.7723689624469 0.1191274557 0.9410365135
900.66991 16.2834845684093 0.1191012876 -0.2025211093
822.60073 11.6133237959531 0.1191274557 0.1385154888
834.75452 19.623617780153 0.1203058483 -1.8141536493
502.29282 2.42363161790282 0.1226899934 29.8655768776
972.80147 20.3421750978582 0.1226899934 5.3534197918
790.53813 12.8512910956349 0.1238958278 30.0365436382
878.57531 8.00328355330391 0.1238958278 29.6170554223
812.54361 4.75777593475662 0.1238958278 32.4763489162
786.52906 9.54781366597177 0.1246523701 0.5551989594
502.37383 2.54547397014855 0.1251108910 -0.1900989288
972.80147 20.1841074795638 0.1251108910 30.5801546085
770.57053 14.9447183623338 0.1257864246 -0.1711157438
904.59096 7.68094156461773 0.1263352236 0.0000000000
898.58149 5.60587406267922 0.1269285012 -0.4842947895
826.67666 15.9411548377082 0.1275688660 -0.3530244884
419.25680 3.70931000022401 0.1280786321 0.2712584698
918.62296 11.4890559076187 0.1280786321 -0.2204047484
918.75452 19.7629886366507 0.1288118586 -32.1051755323
838.63203 13.2259585884285 0.1313260543 0.1231009068
734.47663 7.85423995381365 0.1315776732 -0.6639932649
832.58508 8.63191998538658 0.1325973373 -0.1388954931
826.54401 7.42890087014012 0.1325973373 0.0000000000
794.56943 13.8108287014337 0.1325973373 2.7766610783
886.56036 6.96652449498132 0.1339512273 -0.6676427466
861.54986 9.64228640547383 0.1339512273 -0.3821148335
788.54361 5.03673171860434 0.1364684012 32.4223466379
558.28375 2.49449716638524 0.1375734824 -0.1516160444
940.83277 20.1661815948031 0.1390971821 -31.8750522577
878.57531 8.33550877663642 0.1404261107 29.3605014914
782.53415 13.6397363078019 0.1450440100 -0.5181556817
650.64457 18.2046555342791 0.1458396430 28.7540690260
856.58508 8.70629782001326 0.1486056313 0.2089496189
794.56943 9.80425172899345 0.1486056313 27.5298058399
694.64966 20.9714780654114 0.1514115010 1.4265525249
892.60621 14.1193307211879 0.1514115010 28.7488614721
904.60621 15.7121643288585 0.1542575476 28.7104706789
914.58816 12.1295437681812 0.1542575476 29.2660776602
818.53305 10.012809250657 0.1542575476 0.0000000000
888.70757 19.1638807447092 0.1542575476 -3.4173741018
836.54361 9.52829618383562 0.1556957286 28.4693317887
816.57491 6.54104460144424 0.1571440628 0.9743834768
686.55655 8.93954766289255 0.1586025863 27.9942701104
902.57531 8.40777597764156 0.1600713345 28.5466213059
774.66062 19.10110760512 0.1615503430 28.1629618342
912.57251 10.1489104584263 0.1615503430 28.3685335811
932.62226 10.990910959421 0.1615503430 0.0000000000
894.69463 17.26798736618 0.1615503430 28.5490440662
914.58816 11.4549287797669 0.1600713345 28.4767360653
794.53305 5.40879971691005 0.1600713345 33.0225291175
812.54361 10.7224346048556 0.1615503430 28.2761455652
594.37655 3.63708330876173 0.1615503430 32.6656342458
756.61367 17.6770244796814 0.1615503430 30.5015316583
842.66333 16.4569772072823 0.1630396467 29.3475425479
316.24824 0.911313870521185 0.1630396467 0.1915809961
892.60621 14.269776412408 0.1630396467 29.0779468730
911.56200 10.3169881981364 0.1645392805 28.5954421725
886.55686 9.91590302768569 0.1645392805 28.7924791188
742.53573 10.0062373355179 0.1645392805 28.4547940070
776.63988 15.4470356803124 0.1645392805 28.8281836374
592.56632 15.263897634046 0.1660492790 28.0357998507
890.65632 11.3010359829542 0.1660492790 28.1169916354
838.55686 11.6489497894507 0.1660492790 28.3198947994
944.77017 19.9101787173837 0.1660492790 -32.2258451169
794.56943 10.0512169828038 0.1660492790 28.5084799939
781.48726 7.15971061618098 0.1664830025 26.0774241844
648.32719 2.17865509719125 0.1675696765 28.3344696447
535.47318 12.3276548719111 0.1678981281 -33.2009562995
886.55926 8.57816991215886 0.1691005070 29.1504861480
572.52485 15.3794694053575 0.1691005070 31.5084641206
720.66531 20.8553086450585 0.1691005070 28.3628727072
476.27717 1.86263426161962 0.1691005070 28.5263051910
798.56435 9.39019550686799 0.1706418042 28.2249217358
886.55686 9.77556956966247 0.1706418042 29.2328697805
972.73457 15.9008881752571 0.1706418042 27.9022361034
846.55019 4.69614526550089 0.1707554471 33.9978250457
844.51231 8.40001784466841 0.1721936017 27.9114726576
812.54361 8.69583647723979 0.1721936017 27.8943965473
970.84333 20.787414113719 0.1721936017 28.0617395147
1077.05187 22.3149972740452 0.1737559325 0.0000000000
808.66610 17.3130593589511 0.1737559325 0.0000000000
846.55019 4.92473130045344 0.1736490357 33.9934339985
774.66062 18.9367944515235 0.1737559325 28.3756770385
893.72048 18.9673373341336 0.1737559325 28.4750544081
882.59833 11.2774711133797 0.1753288297 27.8869266573
798.56435 7.40936832634803 0.1785064527 28.2825101360
756.63480 14.9382181617438 0.1769123256 28.7848880820
836.54361 6.69187420605594 0.1785064527 28.0902131498
652.55107 16.1077760555979 0.1785064527 -1.2448041414
449.36254 4.69384636354502 0.1785064527 28.1665815291
606.28375 2.14189733332432 0.1780578866 -0.2875069435
998.91102 21.3514110167093 0.1769123256 28.5530991084
826.59565 6.61402762876569 0.1785064527 28.1257856866
796.66610 15.6209886249695 0.1785064527 27.9153720151
684.61367 18.8156612971124 0.1801112429 -0.4078314950
888.76508 18.2461233448749 0.1817267278 28.5377136950
886.55686 8.74647435991662 0.1817267278 29.1068292076
908.79130 19.1546367349306 0.1817267278 28.1419274152
828.70757 19.5893528903648 0.1817267278 28.9925765931
828.51740 8.78639476467082 0.1833529387 27.9126077292
942.84842 20.9329945481314 0.1833529387 29.8187952638
866.72322 19.7874246248282 0.1833529387 30.7417687904
888.76508 18.4553307275951 0.1849899068 28.8552571910
796.66610 15.453594050896 0.1849899068 27.8873968931
836.54361 5.89059209797699 0.1849899068 28.2178702002
886.63203 14.1498379234974 0.1849899068 27.9027554965
540.49864 8.7195918250089 0.1866376627 27.7677650942
836.54361 5.56437474523934 0.1866376627 27.5348784265
886.62963 14.1753157763862 0.1866376627 27.9113612240
935.76743 19.7157583960086 0.1866376627 28.0142104666
1056.98927 21.7393811083369 0.1866376627 28.0121589466
787.67861 20.5205245932454 0.1882962367 -32.3659515840
970.87972 21.0948246984237 0.1882962367 27.5481084868
790.53573 8.61770766977979 0.1899656590 28.7726964772
843.70723 18.4689944607603 0.1899656590 27.7877233382
828.70757 19.682232899643 0.1899656590 28.8541949029
852.57601 9.13167035851157 0.1917838413 -0.3357054959
832.64260 12.320496784545 0.1916459591 0.0846332839
783.61093 11.7380588391728 0.1916459591 -25.8575622667
913.74910 19.302198557412 0.1916459591 28.0056252904
970.87972 21.3626190675767 0.1916459591 29.1038484734
666.60310 16.3950706417439 0.1933371664 0.0000000000
798.56435 7.74104100674684 0.1933371664 28.1219628497
680.41443 3.78815629557579 0.1949370447 0.0000000000
734.49776 6.15760990380038 0.1949370447 28.5710498797
848.77017 20.6807771811994 0.1950393100 0.1616562001
694.64966 20.9081246444429 0.1950393100 2.0355877221
950.81712 20.1666057797395 0.1967524185 28.3744461553
914.59166 8.74099188690999 0.1981281080 0.2303341025
668.63401 21.1877234383072 0.1984765202 0.0786016089
566.55067 14.9770299074136 0.1984765202 0.1307609286
826.59565 5.41358206450525 0.2002116430 27.6200783222
864.76508 18.5487957679309 0.2054834122 28.2296655405
886.74943 18.4161279046149 0.2072628916 0.0000000000
326.34174 5.72823548083821 0.2072628916 -0.5725042989
370.29519 1.38490071583004 0.2072628916 0.2355013414
768.55488 13.0541579667641 0.2079302430 -0.2618206303
862.62502 9.24482835869706 0.2126683637 0.3568790265
913.74910 19.1360211597815 0.2126683637 0.0000000000
824.54471 7.51477064789875 0.2129611526 -0.1095143716
918.75452 19.7211827315918 0.2144926167 -32.0889328941
538.51937 12.6347754672218 0.2144926167 28.8643870945
820.51231 7.22694746136388 0.2163281253 -30.1051131248
862.74943 18.3761521168708 0.2163281253 28.2564892972
992.77017 19.6172518313539 0.2163281253 28.4267167848
913.74910 19.0395013049888 0.2163281253 0.0000000000
812.54361 5.61346600504397 0.2181749137 28.4887983870
1122.78740 15.8363295455154 0.2200330056 0.0472487453
926.74435 16.8933009556608 0.2200330056 0.0000000000
844.51341 9.89377038181134 0.2215402528 -0.1315605148
780.51740 7.52666946501343 0.2219024242 29.3023417159
692.61985 17.4848633218795 0.2232853828 -0.3104579977
764.52248 9.05626457131515 0.2237831923 0.1349001833
739.63876 16.900312756479 0.2256753325 33.8789848982
830.62695 9.47081111978543 0.2256753325 -33.0266786259
864.70757 19.3124897141101 0.2256753325 29.3005497804
838.56036 8.02647337930021 0.2250403259 0.1181863362
860.60937 7.69006025387614 0.2256753325 0.0463287135
844.51231 7.60670784244211 0.2275788668 25.8665030459
826.59565 6.30493958316165 0.2294938167 27.7950006865
992.86407 20.3242270711278 0.2314202034 29.2285866164
608.52485 12.9131676509597 0.2353073696 28.5663378849
692.41443 3.7976868451019 0.2357770280 34.0181292551
970.78582 20.0961155933915 0.2372681892 2.9862764151
944.77017 19.7557496249126 0.2372681892 0.0000000000
864.70757 19.5347191991189 0.2372681892 29.3982894749
794.56943 9.62792156052975 0.2392405258 29.2445945155
968.86407 21.0233859718751 0.2392405258 0.1419796452
677.64533 19.6289636219167 0.2412792200 -30.7254574806
785.65310 13.0593623394444 0.2412243984 -0.0695265521
864.70757 19.1255593728647 0.2432198254 26.9737031426
794.56943 9.22258334352286 0.2452268248 28.4352753950
926.81712 20.8231705070098 0.2472454143 0.1162152704
827.66367 13.4443841781333 0.2513174309 28.6426828558
856.54980 13.2285364361674 0.2525533282 -0.2472984597
608.35691 3.10659482580248 0.2525533282 0.9716372173
837.54986 10.9564082702198 0.2525533282 0.0000000000
558.50920 14.6358506551898 0.2554360061 -0.9314045942
558.50920 14.4930865314761 0.2554360061 -0.9339566670
876.80147 20.8894861974896 0.2596012633 0.1170694773
1089.05187 22.2640553517993 0.2596012633 0.0000000000
790.65553 16.5310349134248 0.2596012633 -0.4980443043
772.54870 7.78099368630519 0.2617014339 0.0519590249
714.60310 16.4127143615306 0.2617014339 23.5638800217
916.79638 19.7921841218105 0.2617014339 0.2191192241
818.55528 6.92229191705089 0.2622248567 0.6614214143
812.54361 5.4848494774895 0.2659369278 27.3428521350
710.62932 18.9236599374701 0.2659369278 -0.3804417936
752.67627 19.7364073030962 0.2659369278 -0.5172303668
936.82260 19.8146090045997 0.2680722768 0.0000000000
908.79130 18.9241115323477 0.2702193770 3.3876409682
911.56551 9.50308592837286 0.2701440808 -0.0938469533
750.66062 19.303631926467 0.2723782400 -0.1395259302
757.62180 15.5650548262963 0.2723782400 -29.0080102554
816.64768 14.1567685630827 0.2745488769 0.0000000000
794.60582 13.239657597937 0.2767312984 0.1151331710
738.50683 8.6070909281738 0.2767312984 0.0056164603
810.60073 10.6539352456157 0.2811315350 0.0823823125
902.81712 20.9108048706781 0.2811315350 0.0900474803
904.83277 21.1064113922071 0.2811315350 0.0854856249
847.53421 8.60069259165601 0.2864704845 -0.2459017527
460.36327 5.97311485141087 0.2878205094 -0.0824364371
876.55138 7.51800595058321 0.2878205094 0.0000000000
866.59166 10.2392818144882 0.2885571846 0.2106424735
732.61367 17.6182328647394 0.2946160154 -0.2757253519
908.77017 20.2589387360271 0.2946160154 5.1073650294
916.83277 21.2181831868393 0.2946160154 0.0000000000
942.84842 21.2651997878172 0.2969048886 27.3978450125
856.58268 10.7614273483348 0.2992056233 0.0420006958
754.69192 20.1556688906248 0.2992056233 -0.0120827398
856.57093 5.59898090401648 0.2991441115 -0.1253263264
910.78582 20.5091294842484 0.3015182241 0.1633742944
779.60615 11.941578065939 0.3015182241 0.0770286233
682.59802 18.1858372139026 0.3015182241 -0.1231648020
512.29940 1.8988154721447 0.3034505647 -30.0028347302
836.77017 20.0263596233108 0.3061790401 -0.2389894027
958.80695 18.8135919199941 0.3061790401 0.3023709628
806.56943 10.7447375430588 0.3061790401 0.0962665016
862.78582 20.7958659569877 0.3085272618 0.1259131205
926.81712 20.8472913641354 0.3132593448 0.1051950694
714.61836 20.4773139342567 0.3180389567 -0.0922858299
836.54121 9.66111197969298 0.3204465874 0.1488753303
828.56250 7.70033268976266 0.3210865517 -0.3416492121
1103.06752 22.3870488232244 0.3204465874 0.0000000000
862.78582 20.131039248869 0.3204465874 -0.2067103173
772.51341 5.96456573024283 0.3210865517 31.6287444396
810.71813 18.8814848582909 0.3228661007 -0.5610295292
888.57251 10.3234294327613 0.3228661007 0.0762585590
750.66062 19.4397721180416 0.3252974957 -0.4925711396
774.60073 16.239879683181 0.3277407708 -0.1995791531
680.58237 17.21947713271 0.3277407708 0.0061640947
850.78582 21.0328132545998 0.3301959235 0.1808701365
930.71686 17.9905511258975 0.3324424191 -0.1528727773
874.78582 20.6551008507198 0.3326629512 0.1129214365
762.50793 9.88437228359852 0.3347443507 -0.1226059950
909.54986 8.85308910423651 0.3370565286 -0.0408480094
674.43915 3.99701216912249 0.3401352465 28.5600074766
582.28375 2.16568011387043 0.3417116085 0.0681714315
740.67627 19.9589682141611 0.3426497335 -0.2616920270
796.58508 10.5598451276684 0.3477142563 0.1065042710
656.58237 18.1953468075651 0.3477142563 -0.2814651317
917.72048 18.7076729355266 0.3502642784 0.2600162317
822.55019 8.15084487162761 0.3511445343 -0.0006082663
822.55019 8.15084487162761 0.3511445343 -0.0006082663
811.66875 16.5864032197892 0.3528261311 -0.0814490884
708.40934 2.72117811946089 0.3535283096 0.0000000000
776.54471 8.56905255440471 0.3535283096 0.0022526042
640.62384 16.8566078083224 0.3528261311 0.0284509321
572.48847 12.7974983020348 0.3553998059 0.0000000000
832.58508 10.2907777895735 0.3553998059 0.0247692405
810.56435 9.73288587403672 0.3579852939 0.5517705967
831.50291 6.78658871939567 0.3607408335 -28.8096258120
742.53923 13.051048931761 0.3607408335 -0.2383717878
888.80147 19.8628934003178 0.3605825857 1.4223033033
810.66062 18.5768638517623 0.3631916709 26.2266155703
748.49228 8.77720742785254 0.3631653816 -0.0914099693
368.27954 1.11949597398012 0.3631916709 0.3187962440
870.62296 12.2863974177693 0.3631653816 -0.2778914757
821.66296 19.9192597458782 0.3658125388 29.9118647260
790.56036 9.58067464557815 0.3656001024 0.1389501539
810.59833 14.2968601810478 0.3790931966 0.0871449834
854.56943 8.76940203453354 0.3790931966 0.1966574982
690.61836 20.7653896034918 0.3790931966 0.0338312131
864.57491 7.16949664425744 0.3764135993 0.0000000000
417.24115 3.00222020015042 0.3779259594 0.0201340811
736.49228 8.51287416030218 0.3754405220 0.1922681393
868.60731 11.2473227269963 0.3779259594 0.1251452512
966.84842 20.8354479557231 0.3790931966 0.1032147991
820.51341 5.60057732510117 0.3779259594 -0.1867022743
860.60937 7.92503841474245 0.3764135993 -0.1983803265
768.70757 19.8991416440939 0.3764135993 -0.1364762344
848.56584 4.59011008861944 0.3804215075 0.0000000000
712.64497 19.4779248020852 0.3844874896 -0.2999919858
816.57491 5.88522899420606 0.3844874896 0.2070222620
762.66062 19.1494242182228 0.3844874896 -0.2040481590
870.62296 13.0522604846586 0.3854428873 0.1252220584
806.56703 10.7532530230852 0.3872021543 0.1254438535
576.29431 3.59203282784882 0.3879686937 -0.9194776665
890.59166 9.44134340764166 0.3879686937 -0.0983418776
832.58268 11.1712248907127 0.3872021543 0.1182648159
766.53813 10.6408584802938 0.3899284758 0.0105154076
758.46138 3.8462541015738 0.3905045598 0.0000000000
668.65514 17.9540843972568 0.3926664372 0.0204235423
846.75452 20.3996068946452 0.3954160204 0.1165121287
738.66062 19.5020359915863 0.3981772071 -0.1992462082
760.64497 18.5930055205169 0.4009499781 -0.0755661399
790.53923 10.8349915198868 0.4007483378 -0.0307727340
784.64497 18.1130067841994 0.4009499781 0.5085833269
680.63401 21.0205391312414 0.4009499781 0.1436429897
781.59528 11.9242255849815 0.4009499781 0.0646800647
862.78582 20.0472493350856 0.4037343137 -0.0736656365
894.62296 11.1820495510885 0.4033342850 -0.1300884209
930.84842 21.0342588558108 0.4037343137 -0.0116202697
654.56672 17.08224639763 0.4065301935 -0.0412373904
628.36200 2.740829679828 0.4085360702 0.0934602419
766.53573 10.1042840974005 0.4093375963 -0.0097328858
784.58268 14.0451754389781 0.4121565005 0.0444087407
740.52248 10.4417155448795 0.4121565005 -0.0564664887
960.89537 21.0543832240577 0.4121565005 0.0350541345
650.40386 3.11774402177906 0.4137775952 0.0000000000
804.55138 9.80440119660059 0.4149868836 0.0980687372
850.55926 9.97313958271886 0.4149868836 0.0000000000
772.58508 15.071718443991 0.4178287227 -0.1840855672
768.55378 11.5990952444136 0.4206819939 0.4006708327
937.74669 18.1964243961727 0.4206819939 2.0714818982
863.56551 11.1939219766798 0.4217140770 -0.2495824585
762.66062 19.2269143263533 0.4235466731 0.0882819579
926.74435 17.7968690197008 0.4235466731 0.0000000000
930.60661 9.55844054400059 0.4235466731 -29.8878278595
666.60420 16.9236782031008 0.4243792796 -0.3269423574
796.73887 20.6695718689207 0.4264227351 -0.1047583432
904.59096 9.52193022737572 0.4264227351 -0.2290226154
830.55528 7.71586559912584 0.4270543032 0.1175685048
876.55966 7.67783157205526 0.4293101543 -0.1986599834
864.80147 20.9858952501716 0.4293101543 0.0125107609
894.75452 19.8568965973651 0.4293101543 -0.2065324164
872.77017 20.4651812734825 0.4351189583 0.1197542411
718.53813 12.6119143033882 0.4351189583 -0.1740555985
654.56672 17.0491844284422 0.4380402885 -0.0601777327
758.53305 9.56620509239456 0.4380402885 0.0000000000
882.60073 11.2291958892711 0.4380402885 -0.4315593740
696.61367 18.5094407700841 0.4409728665 -0.4499406897
696.61367 18.4863938934817 0.4409728665 -0.4499406897
864.57601 9.271659570933 0.4433094906 0.0079294659
784.58508 14.2519779255557 0.4439166635 0.0556314304
500.27717 1.80526225662231 0.4468716497 0.0000000000
796.54980 10.1020926217767 0.4460526532 0.4719964453
888.76508 20.0952089837461 0.4468716497 0.0341123201
913.58116 10.8268609934318 0.4460526532 -0.4019741804
866.72322 19.5272690278866 0.4498377949 0.8167706078
834.60073 10.0765451541135 0.4498377949 0.1491841150
866.59166 11.3918812773896 0.4515678779 -0.0603385564
898.78582 20.4625150733069 0.4558034377 0.1405526076
752.63988 17.8127702102955 0.4558034377 0.0000000000
970.78582 19.9160094318401 0.4558034377 29.8128992545
885.54986 9.39242550148017 0.4543398901 -0.1925593521
934.74943 19.0842250857724 0.4558034377 0.3854309046
833.51856 7.87926381918979 0.4571214682 -0.2422488807
680.63401 20.9741333105279 0.4588028714 0.0665950299
762.58785 18.9646196899545 0.4588028714 1.7488832304
766.69192 19.9642690390832 0.4618133361 -0.0620577780
922.78582 20.3539450232585 0.4618133361 0.0494200892
587.40593 3.02881482781673 0.4627132169 0.0107720428
811.61995 10.3903172586242 0.4655233336 -0.0298521186
904.59096 9.65470530168122 0.4648347984 -0.2374701896
811.62223 10.3901499952463 0.4655233336 -0.0300272985
811.62223 10.3901499952463 0.4655233336 -0.0300272985
811.62223 10.3901499952463 0.4655233336 -0.0300272985
820.58508 10.0547049703842 0.4678672239 -0.0371650044
732.61367 17.526794006018 0.4678672239 -0.2674445792
814.55926 5.68613653091241 0.4709105776 0.2548555281
792.51740 8.51720523089222 0.4709105776 0.1608689308
816.70757 19.6638951849072 0.4739648239 -0.1358551026
890.59166 8.8999990423556 0.4768580991 -0.0189770971
782.68683 18.6950798691491 0.4801058488 0.3659318203
796.58508 14.4598345498102 0.4801058488 0.0104789544
800.54471 7.78684331794852 0.4825816549 0.0685239050
794.57053 14.3596110292374 0.4854573711 0.1768767763
857.67533 14.8225245983435 0.4854573711 -0.0987772011
810.71813 19.0531617797204 0.4893981523 0.0000000000
426.35779 2.96213578956672 0.4893981523 0.0218593158
344.27954 1.17961021580051 0.4893981523 0.1781217745
255.23295 4.44104822206778 0.4912365246 -0.0660937655
726.66062 19.5659650583043 0.4925169695 -0.0626199285
906.84842 21.2989558922693 0.4925169695 0.1759796459
828.75921 21.4075115003261 0.4956464114 -31.1257399174
314.23259 0.858734122982426 0.4956464114 0.1832027789
890.81712 21.012173390491 0.4956464114 0.0997007897
806.56943 10.3150696441416 0.4956464114 -0.0025803682
507.44188 10.2344286229577 0.4970524265 -32.2423001172
1023.92901 21.8985576701038 0.4987864372 -30.2640991069
790.53923 12.0710857916984 0.5029048140 -0.1200639278
878.81712 21.2157968899821 0.5019370053 0.0808726307
894.81203 19.8348260234993 0.5019370053 0.0000000000
736.49228 8.97475847568944 0.5029048140 0.0052977716
776.52358 10.597279058561 0.5058446057 -0.1935175208
738.66062 18.845843684782 0.5050980734 0.0000000000
415.22550 2.2971871782529 0.5058446057 0.1092083026
600.29431 3.49984980830846 0.5087934167 0.0000000000
738.50793 10.3223454629904 0.5087934167 0.1100290161
828.61130 11.736746831848 0.5114515378 0.2005734779
535.47318 12.6725741779396 0.5147179564 -30.3973065730
856.58268 11.9721737527777 0.5146438463 0.0642426897
764.67627 19.5727436936319 0.5178464794 -0.0014851404
714.50793 10.6346404336776 0.5176936135 -0.1130304711
874.55926 7.78244762153085 0.5210593916 -26.1676262969
835.66875 15.0213345601098 0.5242825367 -0.0158180853
480.30847 3.32203324393808 0.5242825367 0.1196070277
718.53813 12.5773093985538 0.5242825367 -0.0379786496
784.64497 18.4519098295377 0.5242825367 0.4553161225
822.60073 10.8100594438517 0.5275158680 0.0916012716
927.81720 20.755136055392 0.5307593379 0.0145312339
892.60731 10.577662703913 0.5296846329 -0.1333720363
812.67627 18.9236297817154 0.5307593379 0.1368352029
840.64768 14.7822018531406 0.5307593379 0.1089892223
882.62296 13.7517202717092 0.5327042969 0.0998362289
840.57251 6.99006307663248 0.5340128985 1.1348305174
859.53421 8.24101135509744 0.5357326476 -0.1494640450
664.38313 3.84527286284107 0.5357326476 -0.0166821706
794.72322 20.3548455367529 0.5372765009 -0.1634020312
606.50920 11.3664559785921 0.5372765009 0.0000000000
784.64497 18.5061961041781 0.5405500958 0.4555120825
798.52906 7.04077675779076 0.5418152506 0.3963068249
664.38313 3.46430112791016 0.5418152506 -0.0539384156
810.68175 16.368849155244 0.5438336331 -0.0496391461
880.59096 9.77374469016367 0.5438336331 -0.3179688210
859.53421 7.92057324881927 0.5448694227 -0.0148264637
792.55378 11.5036067657378 0.5471270621 0.2139142234
794.56943 10.9076942958864 0.5471270621 -0.0137358709
840.57601 8.68447863864778 0.5479321210 -0.2009443023
948.80147 20.0720898335975 0.5504303316 0.2119802659
806.59166 12.3291959793821 0.5540829301 0.0167706180
832.58508 9.52978056734568 0.5537433895 -0.0247428982
958.87972 21.1887436128506 0.5537433895 -0.2404822005
889.58116 11.4035752748231 0.5540829301 -0.1077167721
692.65514 17.5342247435258 0.5570661834 0.7559020672
792.70757 20.0128427929347 0.5570661834 -0.0979400233
898.65426 14.8815554206521 0.5633720418 -0.0295434959
846.62296 14.1480869236257 0.5633720418 -0.0174314783
778.53573 10.989356969197 0.5637407652 0.0506785405
713.56906 18.0533920310098 0.5670924449 -0.0319143800
400.34214 2.75683372821921 0.5670924449 0.0323945322
870.75452 20.3412563136878 0.5704536438 0.1853773510
842.72322 19.7756649267803 0.5704536438 0.0243755627
766.53813 11.4098198392024 0.5738243062 0.0080827218
814.55926 6.37993733446262 0.5772043758 -0.1548952886
812.67627 19.2339459476073 0.5805937955 -0.1040659636
732.55378 13.7898606452611 0.5805937955 -0.0589216484
862.69192 18.8890142787847 0.5839925079 0.0000000000
828.56312 7.70033268976266 0.5853340302 -0.1689007142
834.59833 13.1038855851378 0.5874004546 -0.0198160558
906.62296 12.2694733747612 0.5885036379 0.1507044584
870.75452 20.2184890366306 0.5908175768 0.0227618139
870.75452 20.1676760525226 0.5908175768 0.0293070546
818.72322 20.0338848425105 0.5908175768 -0.0172403213
836.61638 11.2458731168424 0.5942438152 0.0682888107
764.55646 11.1847196551103 0.5942438152 0.0623489988
1051.96031 22.0699268190539 0.5942438152 0.0000000000
838.56036 8.49260297716673 0.5980597003 -0.1644862074
826.56036 8.89322465729424 0.5980597003 -0.0004056970
887.56200 9.03211311526418 0.5976791097 -0.1370879678
838.74943 19.2308373135313 0.6011233996 -0.0680262874
391.22550 1.95022124283357 0.6044692910 0.2620026302
828.57601 9.17683585111281 0.6044692910 0.1075924887
561.41497 4.05267503384357 0.6045766238 0.0446397591
984.89537 21.2837825292426 0.6045766238 -0.3879611693
694.63550 18.5406403840492 0.6044692910 0.1214192262
638.36748 2.87184771456332 0.6076856036 0.0000000000
882.75452 20.1657219730558 0.6115096268 -0.0409648463
798.52796 7.58688371826229 0.6115096268 -6.2202947322
283.26425 5.54413522518662 0.6141410128 -0.0648245795
866.78073 19.4648205694529 0.6149892802 -0.1391989193
814.56036 8.70784836086253 0.6173800082 -0.1244242302
898.78582 20.6126099765998 0.6184776169 0.0886276800
505.42623 8.56639182555465 0.6173800082 -2.2478546327
591.49590 16.2122872123923 0.6184776169 0.0097368450
940.73887 19.2568685978849 0.6219745727 0.0000000000
660.62892 16.8651646243239 0.6219745727 0.8775834862
888.80147 20.8119473955546 0.6219745727 -0.0262110379
840.57601 9.74422867036594 0.6206264622 -0.0565381742
764.52248 10.0117698170554 0.6254800828 -0.0902332317
552.29431 3.93674128282783 0.6238803233 0.1655727057
482.32412 3.95183895239711 0.6254800828 0.0065366960
882.75452 19.9974779552551 0.6254800828 0.0870812927
716.52358 11.9465095907597 0.6271415390 -0.0541600283
857.51856 7.51366050660253 0.6271415390 -0.1887215386
766.53573 12.6762752449308 0.6289940819 -0.0793021581
760.58508 13.6784031410833 0.6289940819 0.0401973725
806.72322 19.9441742952686 0.6325165039 -0.0617629441
920.77017 20.0271059755271 0.6325165039 0.0266849439
762.66062 18.9031009536148 0.6360472825 -0.0299596443
768.55378 12.0939846851885 0.6395863506 0.0218731576
802.69192 19.5474843364263 0.6395863506 0.1329807316
842.59166 10.6327775433985 0.6402588895 0.0211373669
782.68683 19.4732445342659 0.6431336404 0.6281796715
595.49322 4.59309164913435 0.6431336404 0.1356767400
910.74943 19.2548489487144 0.6431336404 -0.0416097995
828.56312 7.70033268976266 0.6468603035 -0.1502011612
834.75452 20.5419295597483 0.6466890838 -0.0132237637
830.59166 11.2053244385669 0.6468603035 0.0760690225
766.53573 12.2186684930661 0.6538241557 -0.0272041900
744.55378 13.1816891747472 0.6574036451 0.1239112681
836.77017 20.796253076464 0.6574036451 0.0737928906
840.72870 20.1467182274454 0.6609910097 0.0000000000
822.60073 10.4066146224881 0.6609910097 -0.1487112852
658.40544 3.61046134045157 0.6645861786 0.0000000000
912.76508 19.8415631670713 0.6645861786 -0.0710519006
886.74943 19.8293334938339 0.6645861786 0.0673758287
593.47757 4.55185692542188 0.6681890802 0.1767308202
526.29392 2.86628042953785 0.6668302019 0.1019127292
780.55378 7.62769635644574 0.6681890802 -0.1046037584
770.65045 15.744097481983 0.6681890802 -0.0283533750
772.58508 14.8183615857382 0.6681890802 0.1118548568
887.56551 10.1732158611296 0.6701820830 -0.1668708557
972.89537 21.2939994107217 0.6754177932 -0.1176125776
920.82768 20.1359677045881 0.6790434589 0.4370008342
636.62892 18.1737697021783 0.6790434589 -0.0178529845
772.51341 6.98020684902401 0.6802769684 0.2618150190
768.55138 12.8482763736528 0.6826765661 0.0223257542
978.84842 20.8363407855246 0.6826765661 0.0441522358
818.72322 19.9347146472392 0.6863170407 0.0052423422
844.60731 12.3088040433833 0.6904294778 -0.0537123476
819.58980 10.106011857773 0.6899648080 0.0000000000
782.63792 9.11959454265665 0.6904294778 -1.4782299680
439.22550 2.19356720458965 0.6904294778 0.0000000000
792.55378 12.2489819937957 0.6936197930 -0.0260124271
780.55378 8.62808563887929 0.6972819200 0.0125181858
662.36748 3.05994006398348 0.6972290325 -0.0797422784
854.56943 9.30511668582244 0.7009511128 0.0522956036
868.60731 12.0187943927317 0.7006379922 0.0321745697
650.64457 18.6323604040323 0.7009511128 0.0352305782
860.77017 20.5551104196995 0.7046272947 -0.0488853292
846.60073 10.2250847957101 0.7046272947 0.0354942382
976.92667 21.3071020836908 0.7083103888 0.0505499598
830.51889 5.79259261034692 0.7109008623 0.0000000000
591.49830 16.2051605704834 0.7120003173 0.0272471335
880.71774 19.7805826656054 0.7156970022 0.0213559750
638.57180 16.4073643619277 0.7156970022 0.0684118341
914.72322 19.374899610818 0.7156970022 -30.2648652181
766.53573 9.20532126393346 0.7194003648 0.0085056821
766.65553 17.2361887475667 0.7194003648 0.2173441592
885.54986 8.41930328969624 0.7177721454 -0.0684466463
858.58658 7.25741261056723 0.7177721454 0.5086136028
866.81712 21.1917113644046 0.7194003648 0.0775096626
728.52358 11.4838282938149 0.7212164091 -0.2282126450
633.50646 17.0899299089191 0.7231103262 0.0000000000
757.62180 10.582432341997 0.7231103262 0.0025159861
848.60937 8.31997001575712 0.7231103262 0.0373513165
840.57251 6.5611544030305 0.7268268069 1.0557266527
624.62892 18.080783619151 0.7268268069 -0.0587122045
890.78073 20.1930690555323 0.7268268069 -0.1659690063
881.51856 6.846961686859 0.7281218631 0.0458857541
832.54870 11.3722044632676 0.7342790058 0.0000000000
812.69740 17.4862072751591 0.7342790058 -0.0219219564
812.66101 15.4849345277848 0.7342790058 0.0000000000
617.51395 16.2934649041849 0.7342790058 0.0690666284
892.60731 10.2780298686904 0.7350494577 -0.0850892678
854.59166 10.549563876613 0.7385213959 0.1069262555
814.55926 5.97949093240209 0.7380145627 -0.0055138476
750.62423 18.9794039360553 0.7380145627 -0.2618432179
892.60731 11.4788278968874 0.7385213959 -0.0512572131
807.50291 7.43071866250971 0.7419986746 -0.1038081132
764.54471 9.32333773598623 0.7419986746 -0.0042152671
962.91102 21.1182268551194 0.7417563162 -0.0672591357
778.69192 17.9411885302442 0.7455041848 0.2965839256
844.60621 7.61999523216409 0.7492580861 -2.5084857040
732.44573 3.9558180703373 0.7489689901 -0.3269146761
689.56906 18.965613712175 0.7530179375 0.0000000000
279.15909 2.08814028821953 0.7530179375 0.1257819772
878.59166 10.3264429958715 0.7559598756 0.0247221626
856.60731 11.3111523877457 0.7559598756 -0.0930285345
974.91102 21.1054190039006 0.7567836561 -0.0555060012
760.64497 18.3896311393913 0.7605551583 -0.0783647010
616.36200 3.22359374491745 0.7594628654 0.0000000000
804.51740 9.11919690134941 0.7605551583 -30.9540179752
478.29282 2.51055646603237 0.7681151779 0.0340021074
740.63401 20.5689674938009 0.7643323604 0.0000000000
827.55963 7.71119040490319 0.7664836032 0.0695625174
786.56435 11.6864428816002 0.7681151779 0.0000000000
858.75452 20.5596565742527 0.7681151779 -0.0550826278
827.55963 7.71119040490319 0.7664836032 0.0695625174
764.52248 11.4149055732965 0.7681151779 0.0129967420
827.55963 7.71119040490319 0.7664836032 0.0695625174
342.26389 1.0117714934768 0.7719035263 0.0479169739
280.26349 3.19974283945907 0.7719035263 4.3291018115
703.58471 19.034943597028 0.7756973204 0.0000000000
920.86407 21.3591606765783 0.7756973204 -0.0095415427
638.64457 18.5261975271008 0.7756973204 -0.0189355054
792.55488 13.6628891651468 0.7770505885 0.1709434488
664.66022 19.0291120692078 0.7833009038 -0.0251189701
912.57601 7.65674305910021 0.7841183665 -0.1621211950
839.74630 19.5302285560416 0.7871105210 27.5921835771
866.72322 19.9644538148942 0.7871105210 20.1403941320
788.67627 19.1019091305746 0.7909252398 -0.0360112365
844.64370 15.9871121200936 0.7912039971 -0.0394734239
900.80147 20.701114540079 0.7909252398 -0.0284524632
890.78073 19.4456108316391 0.7947449733 -0.1848146530
636.35183 2.91066391919065 0.7947533332 -0.0466118069
738.50793 9.3891293478669 0.7947533332 -0.1243925889
594.58197 16.5808252982973 0.8023991346 -0.1032618727
882.77565 19.0902499633058 0.8023991346 0.9011580618
832.54980 13.8466342636181 0.8018646967 -0.0221294278
884.73378 19.4554963506516 0.8023991346 0.0270519089
558.47282 19.3047972289926 0.8023991346 0.0000000000
578.30996 4.01765601032919 0.8018646967 0.0000000000
904.54980 8.14853124545839 0.8089925117 -30.1861299740
652.66022 18.9565300323588 0.8100723022 -0.0403699854
858.62296 14.4865074634277 0.8089925117 -0.0835417182
904.54980 8.14853124545839 0.8089925117 -30.1861299740
846.52906 7.84948201325996 0.8089925117 -1.1643052291
766.53813 10.5906541623826 0.8062333868 -0.1748018747
810.75452 20.803038640365 0.8100723022 0.1020126715
758.62932 17.6912907215723 0.8177637678 0.3424392324
788.52008 13.188931568567 0.8177637678 -0.1303858015
632.52485 12.2504468890402 0.8177637678 0.0000000000
835.53421 9.07165114702388 0.8197138378 -0.1869684090
804.55138 8.77656548044588 0.8216161395 0.0035530319
880.73887 19.9132617818535 0.8254728177 0.1233313760
1016.77017 19.4037236732008 0.8293337125 0.0000000000
768.55378 12.8432310112672 0.8293337125 0.0369354728
747.51816 9.49434090209419 0.8304689687 -0.0680280899
834.62296 14.2641245045085 0.8340611878 0.4992850152
816.57601 9.98910138246181 0.8340611878 -0.1237870709
662.64457 17.870110823799 0.8331987334 0.0491917124
828.57601 9.5650283442539 0.8340611878 -0.0226156134
948.89537 21.406196054594 0.8370677899 0.0346500357
648.62892 17.5698495820039 0.8370677899 -0.0038080330
806.56943 8.24593676582157 0.8370677899 -0.0158731842
622.61327 17.6665487371794 0.8409407912 -0.0088677730
808.58508 9.57275303253541 0.8409407912 -0.2228200412
786.66062 18.5270266098151 0.8409407912 0.0582411059
858.75452 20.2874561402326 0.8409407912 0.0452102633
784.58508 10.3233036038536 0.8448176460 -0.0249362004
888.80147 20.0545330641803 0.8448176460 0.4397018760
752.55887 14.0124081160384 0.8448176460 0.1299902525
666.61836 20.9163576335506 0.8448176460 0.0300432622
988.92667 21.1107415457453 0.8486982628 -0.0809361428
762.50793 8.91601757017107 0.8520728207 -0.1400970736
750.54432 13.8459072743801 0.8556847412 0.0103125084
642.60310 18.4860728535768 0.8603617674 0.0116675035
934.87972 20.9370845076923 0.8603617674 0.0886866825
883.53421 7.70091079716446 0.8592996875 -0.0462509356
297.24352 3.67371959514229 0.8592996875 -0.0582203362
297.24352 3.67371959514229 0.8592996875 -0.0582203362
738.50683 9.06434144561287 0.8642565127 -0.0122872836
842.59166 11.1797763754823 0.8629175855 0.0346281559
716.52248 10.7508630510489 0.8642565127 0.0833134731
568.36200 3.4839113258688 0.8629175855 -0.1640677607
920.77017 20.2206750068248 0.8642565127 0.0356613471
1004.95797 21.4395827699356 0.8681545588 -0.1703206351
634.54050 13.8233926110864 0.8681545588 0.0760201805
818.59166 11.746784880334 0.8701619389 -0.0174430020
820.51341 10.3338103400281 0.8701619389 -0.0507955095
932.86407 21.2841935441372 0.8798675711 -0.1354318510
587.40822 3.02760195502158 0.8774172045 0.0460538818
587.40822 3.02760195502158 0.8774172045 0.0460538818
587.40822 3.02760195502158 0.8774172045 0.0460538818
798.52906 8.27524659245033 0.8810487420 -0.0910417957
908.62226 11.6883948918954 0.8798675711 -0.1359150542
832.60731 12.9683338889536 0.8774172045 -0.0707028674
860.77017 20.7904013020572 0.8759601814 -0.1418672898
834.58658 9.37576488646634 0.8810487420 -0.0608529458
794.56703 13.4993131154608 0.8720558128 0.1612939158
716.52248 10.5192519460083 0.8720558128 0.0641018969
640.58745 17.3168212821192 0.8798675711 -0.0019811494
764.52358 11.249843012875 0.8774172045 0.1132521692
804.55378 8.81059673369339 0.8798675711 -0.0274694896
836.61398 14.570955316115 0.8759601814 -0.0345982937
678.39878 3.38303720394832 0.8774172045 3.1812688744
920.86407 21.274428634414 0.8837778882 0.0678430113
646.61327 16.6655881288927 0.8837778882 -0.0593148772
544.45717 10.6548749156376 0.8876910390 0.0000000000
768.55488 13.6632194275774 0.8883192505 -0.1081183503
786.66062 18.7552834757157 0.8916069291 0.1844261977
760.64497 19.1452866048731 0.8916069291 -0.0222412031
892.60731 10.8208545468372 0.8919580706 0.1247617919
782.65045 15.1582073084874 0.8916069291 -0.0075579849
1002.94232 21.263914453612 0.8955254645 -0.0754499630
664.66022 18.8590914128475 0.8955254645 0.0200795659
896.63861 14.4323845984573 0.8955991671 -0.0218448360
920.82768 20.6273148520773 0.8955254645 0.3884757157
766.53923 11.4782118136062 0.8992424641 0.1062111572
858.59833 11.798831533089 0.8994465505 0.0272333806
850.56036 7.46523297334516 0.8992424641 0.0713668965
866.59166 9.92024020757231 0.8992424641 0.0245375828
772.58508 12.1252067023408 0.9033700925 0.0598535689
818.72322 19.5139440914823 0.9033700925 0.0000000000
836.73378 18.2878433172025 0.9033700925 -0.0508955677
778.56036 10.3678682672453 0.9028878858 0.0038004681
786.60073 11.535491056944 0.9072959956 0.0529848351
630.50920 10.3275777366483 0.9072959956 0.0000000000
848.54471 12.7158979315603 0.9065353560 -0.0124057563
642.60310 18.4937055413521 0.9072959956 -0.0022984584
634.54050 13.2313475527551 0.9112241647 0.2838536705
920.82768 20.4830579070842 0.9112241647 0.4251567684
864.57601 8.42552388797496 0.9101847985 -0.1017370335
894.62296 12.1688712332503 0.9101847985 0.0638162005
451.45205 17.3397220101266 0.9101847985 0.1348005714
638.57180 16.837530747892 0.9151545048 0.0382295557
832.73887 20.2421245068439 0.9151545048 -0.0215121534
864.76508 19.4686000531756 0.9151545048 0.0736997024
882.62296 13.2721389221678 0.9174892950 -0.0129102292
568.36200 3.84595053331385 0.9174892950 -0.0692936387
804.55378 8.34116613876049 0.9190869203 -0.0436890817
634.54050 13.3829831408155 0.9190869203 0.2146973084
790.53923 11.3707863287423 0.9248007631 0.2015919198
612.55615 16.2959897737381 0.9230213159 -0.0712990419
766.53923 12.707427916444 0.9248007631 0.0260074934
826.59675 11.3604975803528 0.9248007631 0.0385083009
480.30957 3.80069758487822 0.9211441959 0.0312947213
241.14453 0.751799644535705 0.9248007631 -0.0052267917
808.73887 19.6163037534519 0.9230213159 -0.1085996378
281.24860 4.55722166813514 0.9211441959 0.0126442562
580.49355 11.105666543637 0.9269575958 -31.6138231816
940.73887 19.3919776691838 0.9269575958 -0.0162988873
784.66610 16.4558181851827 0.9308956642 0.0043910589
946.87972 21.3465143213717 0.9308956642 0.0491213731
856.73887 20.0751401044702 0.9348354252 0.0416437939
824.54361 8.60993483439603 0.9348354252 0.1005866256
798.68175 16.9964989272478 0.9348354252 0.0474949551
938.81712 20.7857558021573 0.9348354252 -0.0114424182
279.23295 3.97452791301577 0.9357796938 -0.0513082628
842.59166 10.4629958197791 0.9394421571 -0.0634720656
766.53923 11.9637099189358 0.9394421571 -0.1158256839
554.34635 2.9150829282304 0.9431059017 -0.0778804065
648.62892 17.7893797949017 0.9466639028 0.0038507809
886.78582 20.5689864060295 0.9466639028 -0.0301211796
892.73887 19.9859357963146 0.9466639028 0.0555167873
778.53813 11.0364371463682 0.9466639028 -0.0088599273
838.78582 21.0177456000067 0.9506094726 -0.0068642131
792.57601 11.5524762918147 0.9504369258 -0.0411010311
614.57180 17.3938530870431 0.9506094726 0.0087300153
773.65310 17.2781521674756 0.9506094726 0.1043892039
814.59675 11.1910876235275 0.9541040506 0.1964107721
454.29282 3.10399841091146 0.9585041493 0.0119777618
636.62892 17.9776998627378 0.9585041493 -0.0188342117
536.50482 11.9927273865675 0.9577721473 0.0623094488
878.78073 19.6686886948245 0.9624530629 0.0000000000
808.58508 10.0363339847443 0.9624530629 -0.0248766980
844.73887 20.1003227634172 0.9624530629 0.1333833809
820.73887 20.4635039794541 0.9624530629 -0.0279571559
820.73887 20.3870925868491 0.9624530629 -0.0279538480
424.34214 2.23884645680796 0.9664028979 0.0009153581
812.54471 7.81306659205716 0.9724527018 0.0866291692
794.53415 9.89714753220415 0.9724527018 0.0858318153
854.59166 10.8790042287516 0.9724527018 -0.0014876475
898.58149 6.01125290382151 0.9724527018 0.6272008784
796.73887 19.7977855137768 0.9703535574 -31.8610509839
884.77017 20.2962955262457 0.9743049445 -0.0140286356
956.79130 18.2809158884653 0.9743049445 0.0000000000
896.77017 20.1628227835612 0.9822095139 -0.1961719998
580.32561 4.70399939122124 0.9797967923 0.0000000000
764.52248 9.08166283994999 0.9822095139 0.0981766726
860.73378 19.7167902627459 0.9822095139 0.1708284884
636.55615 15.2007447017287 0.9822095139 0.0869497246
764.52358 10.4697163186512 0.9908159451 0.0279803942
822.75452 20.6626827325744 0.9901158303 -0.0153692341
808.58508 12.0302760705724 0.9901158303 -0.0086451365
854.57531 9.23324022612519 0.9901158303 -0.4738898980
986.91102 20.8580526666136 0.9901158303 -0.0519941213
666.60310 17.4600631742548 0.9940694011 0.0322453263
610.54050 15.0388247279259 0.9940694011 0.1211139936
738.50793 9.18889688125833 0.9944894892 -0.1810423607
678.67587 19.3487219475599 0.9940694011 -0.0704002493
807.57454 10.0418056473801 0.9940694011 -0.0401516698
940.73887 19.5700696641439 0.9980231175 -0.1966247778
810.68175 16.6437867142649 0.9980231175 0.0034350998
