"m.z" "r.t" "p.value" "t.score"
1054.97362 21.6374852635058 0.0000000001 -33.5824454892
806.68683 17.5470926919131 0.0000000001 -33.3876026619
561.48883 13.1581818237378 0.0000000001 -34.6721031085
538.48299 6.64984389580239 0.0000000001 -34.4466188822
736.49228 7.94913734105586 0.0000000001 -30.7781455322
956.73251 18.2063702884559 0.0000000001 -5.4330807708
788.52248 8.630284343459 0.0000000428 -2.7832673433
906.71813 16.7899063087552 0.0000000412 -2.7990672297
798.52796 10.0199104253459 0.0000000397 -2.8737783483
1075.03622 22.2272700293582 0.0000000078 0.0000000000
1024.67785 8.65224253047407 0.0000000282 -2.6327497977
942.81203 20.5328877850625 0.0000000412 -2.8589947738
1097.02057 21.8577031791158 0.0000000241 -33.3509887607
620.59762 16.4863827907993 0.0000000397 -2.7836843783
868.73887 19.5012183316609 0.0000000316 -2.6342699748
828.55966 9.00662114892922 0.0000000412 -2.7121161359
634.61327 17.6319395883584 0.0000000412 -2.9051425172
800.52008 7.00529186720658 0.0000000368 -2.6768128960
955.77251 20.9201143944706 0.0000000428 -2.7337796544
936.76508 18.5186099282481 0.0000000428 -2.8088378861
942.81203 19.2286735879301 0.0000000428 -2.7888675297
634.61327 17.2609706958659 0.0000000146 -2.7578446067
634.61327 17.046546987421 0.0000000382 -2.7068918447
664.60271 20.6638709867292 0.0000000251 -2.1720561108
790.69192 18.9613743988494 0.0000000412 -3.0566252303
890.72322 19.3382342296112 0.0000000199 -2.4583373897
890.72322 19.4435201936027 0.0000000293 -2.5198070744
736.49118 7.95376324806415 0.0000000445 -2.7563152661
906.75452 20.0215279646577 0.0000000271 -2.4772339493
1040.95797 21.5668988741834 0.0000000428 -2.8401870152
1040.95797 21.0951352585558 0.0000000428 -2.7851674715
938.81712 19.8425766580366 0.0000000098 -2.5115063119
744.66531 20.9369401257098 0.0000000412 -2.9217973512
521.42005 4.56245991383664 0.0000000354 -2.7492537587
682.64966 21.2037438795692 0.0000000397 -2.8121011800
512.46734 6.90917724543291 0.0000000428 -2.8003679445
910.74943 17.7345957013036 0.0000000412 -2.8185775116
694.63440 18.3553007082915 0.0000000412 -2.8412029553
694.63440 18.598961260615 0.0000000412 -2.8574501935
919.73613 19.1677797138039 0.0000000397 -2.7865223663
916.73887 19.4646229304789 0.0000000316 -2.4420142798
838.55926 11.5171097840673 0.0000000412 -2.8576006348
838.55926 5.56502084678931 0.0000000397 -2.7432956181
838.55926 11.9920506155625 0.0000000412 -2.8713336896
1071.00492 21.8021031932053 0.0000000081 0.0000000000
598.54050 15.5084030975704 0.0000000412 -2.8322886629
916.73887 19.687053728927 0.0000000304 -2.6740553812
886.78582 19.9591459073843 0.0000000368 -3.1302637668
932.73378 18.7780916692925 0.0000000428 -2.8650222123
886.78582 19.6966578494945 0.0000000091 -2.6113466699
926.81712 19.9961071843996 0.0000000293 -2.6932437215
692.61875 17.6306018998363 0.0000000428 -2.8021887455
780.67118 19.0957418247026 0.0000000428 -2.8028318245
582.50920 12.5131635258936 0.0000000293 -2.9672317262
593.51395 14.7986388488556 0.0000000428 -2.8075697255
838.69192 19.1221229252974 0.0000000445 -2.8631222554
892.60381 14.3065056849868 0.0000000428 -2.6341691976
754.69192 18.9316579655695 0.0000000125 -3.6333914098
818.56703 10.0990382757739 0.0000000445 -2.6713668650
760.64497 17.9993307313395 0.0000000412 -2.9555709398
878.61994 8.43416308088934 0.0000000412 -2.8689514683
582.50920 12.7753852773845 0.0000000428 -2.7578594801
682.64966 21.2500256419296 0.0000000397 -2.8317733403
763.63876 17.9344687427686 0.0000000215 -3.0142320011
872.57759 11.4901192517225 0.0000000428 -2.8083667720
927.61096 14.2420765502054 0.0000000428 -2.8588526180
808.66610 15.2926862036791 0.0000000412 -2.8186246820
884.73378 18.2921117320691 0.0000000445 -2.7137142035
750.50443 6.90835286677073 0.0000000428 -2.7839515159
884.73378 17.9493702637135 0.0000000428 -2.8080123571
908.73378 17.5335121646671 0.0000000412 -2.8034486917
798.52556 9.96851421522603 0.0000000397 -2.8832878513
831.63745 12.3309298603856 0.0000000428 -2.7102109348
831.63745 12.5092239702787 0.0000000412 -2.7151841047
938.78073 19.4082545818847 0.0000000445 -2.7304934176
826.71305 17.9751998039885 0.0000000428 -2.8544481532
824.61638 11.9954974542944 0.0000000412 -2.8348535467
1000.92667 21.7006674697822 0.0000000304 -2.7903366166
946.71892 15.6794470700887 0.0000000445 -2.7159162305
803.66367 7.49280608940534 0.0000000412 -2.8756872811
1000.92667 21.0634287715864 0.0000000341 -2.5255590505
838.69192 18.8158373469008 0.0000000412 -2.7665142511
838.69192 19.2785591862241 0.0000000382 -2.6402110806
834.71813 19.5884635380838 0.0000000135 -2.4972278153
834.71813 19.7024842141707 0.0000000081 -2.5497657683
754.53813 9.88018527485945 0.0000000328 -2.8186608500
768.55138 8.9843632360349 0.0000000428 -2.7348684265
754.69192 18.7537397440771 0.0000000095 -4.2423869501
818.56943 10.6752780889912 0.0000000125 -2.6972371042
780.67118 18.9099025139418 0.0000000382 -2.7093799427
1106.75610 13.4691689992642 0.0000000412 -2.8688160165
888.64528 15.1423347059567 0.0000000412 -2.8355239264
866.66333 16.1311032822682 0.0000000445 -2.7181829864
620.59762 16.7396977575606 0.0000000125 -2.7105216832
832.70248 19.3221789584865 0.0000000428 -2.6457961623
872.58000 10.9374339665835 0.0000000428 -2.8139365398
832.70248 18.9964478641512 0.0000000184 -2.7088523670
878.56943 7.3036778221345 0.0000000412 -2.7908004904
864.64768 14.4603596661296 0.0000000328 -2.8148387434
645.54525 17.326768853654 0.0000000304 -2.6057127224
808.70248 19.53252474725 0.0000000081 -2.5245046687
808.70248 19.7207297847253 0.0000000146 -2.6684091187
1008.89537 21.1674514292546 0.0000000428 -2.7428865009
1008.89537 21.3493391355033 0.0000000445 -2.6428070399
832.70248 17.9104454003649 0.0000000428 -2.8136227915
774.60073 16.2362152812099 0.0000000445 -2.7780332285
832.70248 17.6077147587415 0.0000000428 -2.8060207485
842.56943 9.99018256168592 0.0000000382 -2.7971000024
942.81203 20.1232368911019 0.0000000462 -2.5839994013
819.61093 10.7711743305582 0.0000000462 -1.9230990696
936.76508 19.1179883382877 0.0000000462 -2.7114859652
832.70248 19.1785617031494 0.0000000462 -2.6523174025
808.66610 15.0654361565242 0.0000000479 -2.7336337991
730.54050 11.6714273823859 0.0000000479 -2.6866064193
890.72322 19.6916151495635 0.0000000517 -2.7350105600
884.73378 18.1777721222614 0.0000000698 -2.7103073732
838.55926 6.29566271833174 0.0000001011 -2.7633604886
838.55926 5.42834274301472 0.0000001355 -2.8293479662
778.53573 8.83688841170851 0.0000001568 -2.1158849056
902.74435 17.6365384225453 0.0000001626 -2.7068220338
902.74435 17.2563816857018 0.0000001626 -2.7358831477
918.81203 19.3009013520459 0.0000001812 -2.7111257858
942.81203 19.4462315033979 0.0000001879 -2.7195455447
966.84842 20.353538437359 0.0000001948 -2.5214619704
838.55926 5.90826679290631 0.0000002093 -2.8057378652
694.59802 17.7874457901788 0.0000002788 -30.1795459485
838.55926 5.74322668110538 0.0000002889 -2.7066001489
838.55926 6.97461568849113 0.0000003330 -2.8063500225
920.77017 19.6194986597358 0.0000004262 -2.4284082075
1068.98927 21.7209722491142 0.0000004571 0.0000000000
860.54361 5.9976161847069 0.0000004902 -2.4553977776
668.54598 7.98467547530437 0.0000006937 0.0000000000
778.53573 9.27395638253587 0.0000009129 -2.1986934235
678.47045 4.03781475879018 0.0000011197 -4.5975192284
778.53573 9.10865057062369 0.0000011583 -2.5627867208
1099.03622 22.0229615972476 0.0000014664 0.0000000000
670.59802 18.7985306813644 0.0000015164 -30.2735881439
880.76000 18.8551280257099 0.0000025776 -2.6976642881
892.73887 19.5021780171159 0.0000033466 -1.9853261513
666.56672 16.7917730699918 0.0000039343 -32.6783226959
794.49776 5.46257694858127 0.0000054400 33.0339927835
974.87463 20.3029731425367 0.0000067647 -30.8147387929
743.60615 14.7694142748399 0.0000081664 0.0000000000
800.66101 16.0513020085876 0.0000129880 0.0000000000
932.79130 17.8258773830643 0.0000138068 -3.6424638575
946.84333 20.3755432478324 0.0000142345 -33.2207598636
876.57601 8.19824993908171 0.0000151930 0.0000000000
840.70757 19.3775205163669 0.0000160747 -31.4010598232
864.80147 20.3671931500569 0.0000170778 -1.5652360828
994.78582 19.7892142749866 0.0000186950 -30.6795042646
838.78582 20.3699000055068 0.0000283711 0.0000000000
813.69426 20.5201278422302 0.0000358715 0.0000000000
641.51395 15.1740289860443 0.0000369317 -1.8181002902
819.64731 19.2645504718872 0.0000414778 -30.7209923907
589.48025 14.6938891025669 0.0000426946 -30.7723200904
970.78345 19.5917473672994 0.0000452305 -30.6207455199
848.54471 7.29505914299636 0.0000476709 32.5026754296
790.65553 16.0535794870784 0.0000507372 31.7894236711
640.60271 20.8730521925162 0.0000522100 -30.7741294946
971.70991 19.4800049739226 0.0000522100 -30.5074493468
776.52008 7.4031156410416 0.0000537232 -30.9141257271
684.55615 13.7310499656203 0.0000537232 -30.5410704057
1101.05187 22.1911342757731 0.0000537232 0.0000000000
678.56672 16.2927558222061 0.0000552780 0.0000000000
916.60381 13.4903661896687 0.0001112418 -30.5944131020
1006.87972 20.9550512295005 0.0000917057 -30.6428579746
800.52248 7.25042467467313 0.0000619336 -30.6799395963
858.71813 19.1482565223238 0.0001024316 -30.4855454073
822.56435 8.43735291513157 0.0000820468 -30.4769994970
822.56435 6.98915339023115 0.0000655393 -30.6001477696
678.56672 16.431549127195 0.0000693431 0.0000000000
860.61638 10.4766470056212 0.0001112418 -30.6505772502
822.56435 7.46586625635427 0.0000820468 -30.5832435681
820.51231 9.20583662612468 0.0001052925 -30.5491670464
814.50175 8.28706860620359 0.0000942830 -30.4836043494
910.55926 9.20945876592457 0.0001143340 -30.7237485480
860.61638 10.814572123533 0.0001143340 -30.5392672950
918.75452 19.1835581393877 0.0000733551 -30.3801027929
842.62695 9.03822113025416 0.0000996443 -30.5057230809
860.54361 8.38474410173571 0.0001112418 -30.5585034358
860.54361 7.08624726430884 0.0000775859 -30.4849836907
624.55615 15.5823917350051 0.0001082286 -30.6058656037
626.34284 3.15904989717205 0.0001024316 -30.5980256791
766.53813 7.65739773700549 0.0001112418 -30.6261210006
610.50412 4.24553244043687 0.0000891950 -30.5867522960
770.56943 12.3151054857801 0.0000942830 -30.6029949233
770.56943 13.1877330009195 0.0001143340 -30.6372400088
610.50412 4.10610576732975 0.0000568753 -30.6584344858
624.55615 15.2359536765845 0.0000917057 -30.4717064251
624.32719 2.37772744078826 0.0000969287 -30.5541544810
776.58000 9.99120757874444 0.0000942830 -30.4745898080
816.55138 9.00539700019513 0.0001082286 -30.5594845728
818.49666 7.64414006691952 0.0001082286 -30.5855992354
848.54361 10.047191338987 0.0000969287 -30.5399709631
792.48101 7.38003461304003 0.0000891950 -30.5533171834
890.81712 20.2140279003404 0.0001052925 -30.9907001104
848.61638 11.5896624503375 0.0001024316 -30.4744589395
788.52248 10.6156606168787 0.0000942830 -30.6465309446
1006.87972 21.0670194722587 0.0000969287 -30.6483240859
848.61638 12.4766974271809 0.0000969287 -30.6438066670
862.63203 11.9512535006425 0.0001175072 -30.5973269346
820.54870 7.51647340501577 0.0000775859 -30.5825926832
840.70757 19.2947741222214 0.0000843671 -30.8150576604
860.54121 8.2015241960463 0.0001112418 -30.5654497683
854.72322 19.7196279872418 0.0001175072 -30.7354648125
953.75686 20.4907993543649 0.0000820468 -30.5470323343
778.53813 6.85727614892335 0.0000867493 -30.6547448237
860.77017 19.5521233850854 0.0000843671 -30.9407019865
953.75686 20.3308731897674 0.0000843671 -30.5396319657
796.54629 7.98897680006058 0.0001143340 -30.6515925566
884.54361 8.41095632218902 0.0000891950 -30.6888719900
842.66333 16.0335957915798 0.0000775859 -30.6760363607
891.70483 18.8863638533251 0.0000942830 -30.5796544727
936.80147 20.3239508673701 0.0000655393 -30.7174256895
860.54121 8.47092903531008 0.0001024316 -30.5978642239
826.63203 10.8441037589627 0.0000942830 -30.6251949832
804.61130 11.6613723077388 0.0001143340 -30.5276052160
700.48878 7.51491353390292 0.0000713224 -30.6292734574
860.54121 8.65870550996592 0.0001024316 -30.6141740463
884.54121 8.56678313424988 0.0000917057 -30.6865638577
822.56194 7.2826229910224 0.0000754425 -30.6020361198
748.64497 18.8205068382173 0.0000655393 -30.6118488737
912.80147 19.786720202544 0.0000619336 -30.8671524303
910.55686 9.90662773587235 0.0000996443 -30.7262671625
900.61130 13.3894818630432 0.0001052925 -30.5746130303
834.52796 7.92853126333138 0.0000867493 -30.5916752559
998.81712 20.324465212769 0.0000733551 -30.8529977358
907.77251 26.3700618026339 0.0000996443 -30.4908686612
742.53813 7.9032488405802 0.0001024316 -30.6333977172
862.63203 13.9793865361005 0.0000917057 -30.6426295987
994.78582 19.9427527160353 0.0000693431 -30.8931695812
800.54361 11.5977043071417 0.0001175072 -30.5312497460
790.59565 10.1741571526494 0.0001082286 -30.4930486601
878.58816 12.7629630372409 0.0000917057 -30.5774387822
776.52248 7.68767677248695 0.0000602019 -30.9125380014
776.52248 7.23964423955735 0.0000775859 -30.5215525536
752.52248 8.40281504295583 0.0001175072 -30.8238583882
734.62932 18.0313215530983 0.0000693431 -30.6544283468
838.55926 5.06340574600331 0.0000655393 -30.5758990256
826.53573 8.05664216501058 0.0001082286 -30.5565124552
951.74121 20.2440568300512 0.0000733551 -30.3674813110
734.62932 18.7524257712838 0.0001175072 -30.5696849419
852.55138 7.82364064179835 0.0000693431 -30.6452931947
820.54870 9.30071755361875 0.0000942830 -30.4867355655
826.53573 7.43053805823641 0.0001024316 -30.5493066163
866.81712 20.6864549321464 0.0000917057 0.0000000000
860.61398 14.0406008432365 0.0000996443 -30.6471936405
956.77017 19.9634717117313 0.0000713224 -30.4936539319
666.53033 6.64359598509578 0.0000843671 -30.5593271289
1036.92667 21.2203718984661 0.0000917057 -30.5162586239
692.52248 12.0416949597893 0.0000942830 -30.5824399010
812.52008 12.5446320617231 0.0001143340 -30.6421560395
885.54635 7.7713487642378 0.0001082286 -30.5063364581
836.67627 18.6357788846501 0.0000820468 -30.5125010415
1026.94232 21.4520957667081 0.0001143340 -30.5678277435
652.58745 16.9354448595998 0.0001024316 -30.5826467867
682.54050 12.2558316489976 0.0000619336 -30.4545174101
665.51395 14.8451470102648 0.0000602019 -30.8552577979
914.58816 10.9428386356678 0.0001175072 -30.5525423318
1002.84842 20.7777363196825 0.0000733551 -30.4570678293
690.60310 16.8133125031881 0.0000996443 -30.4955702549
930.75452 19.5970339347887 0.0000820468 -30.4983978125
690.60310 16.9847488289727 0.0000969287 -30.4973932017
600.32719 2.9382701936241302 0.0000969287 -30.8185542967
956.79130 19.4535207201066 0.0000843671 -30.5980786907
742.53813 12.0213414389539 0.0000733551 -30.5709885335
746.68096 21.2352965492086 0.0001024316 -30.4889517853
614.53542 5.02286815760841 0.0000797869 -30.9040863663
622.54050 14.2298657740344 0.0001175072 -30.4969071870
718.64966 20.9885479032109 0.0001143340 -30.6088497649
796.54870 6.73042125074951 0.0000754425 -30.4992372855
796.54870 7.97134259044364 0.0001082286 -30.6474582558
932.77017 20.0116510240289 0.0000693431 -30.4854637599
932.77017 19.8525281248487 0.0000754425 -30.5291635376
539.43062 4.05616896686207 0.0001052925 -30.6392378183
650.57180 15.9704632345045 0.0001052925 -30.4901499232
1108.77175 15.1342740346312 0.0001082286 -30.5741632005
1034.91102 21.6242738234341 0.0000996443 -30.5043917816
592.49355 4.9402285411521 0.0000754425 -30.5518495062
626.57180 16.9606438751328 0.0001082286 -30.5855423097
881.68650 17.4836337700889 0.0000917057 -30.5690078093
762.50443 8.17792824107983 0.0001024316 -30.5888892434
762.50443 8.7639163553579 0.0001082286 -30.5340805750
660.55615 15.3663824574461 0.0001175072 -30.6065363903
970.71892 14.152363837516 0.0000754425 -30.6359208240
672.54090 8.20773676598412 0.0000843671 -30.5172090057
658.54050 14.1221329561315 0.0000655393 -30.6565218534
828.55138 8.70478008207161 0.0000674158 -30.5902496037
918.68762 13.7460953575189 0.0000942830 -30.5066977382
568.56632 15.451306688055 0.0000867493 -30.5618275918
662.57180 16.0205121754695 0.0000969287 -30.6684799131
618.58197 16.8515136611189 0.0000942830 -30.4864496883
552.53502 13.5982849335961 0.0000867493 -30.4947469326
802.53573 8.15660751544341 0.0000942830 -30.9620894143
644.59762 15.2198626568904 0.0001082286 -30.5635450988
881.68650 17.350154695584 0.0000820468 -30.5857245960
674.64457 17.6769971067008 0.0000996443 -30.5680422843
564.53502 13.016760221587 0.0000969287 -30.5706176278
752.52008 7.93427582991434 0.0001143340 -30.5425458644
684.55615 14.0212976895966 0.0001052925 -30.3579942949
686.57180 15.9654149812827 0.0000867493 -30.5076584004
608.59762 17.1278515911952 0.0000942830 -30.7515999399
728.60350 12.3703602829537 0.0001024316 -30.6977971299
771.63745 16.0121158351908 0.0001175072 -30.6358203273
812.65514 18.911232777149 0.0000693431 -30.7431167912
750.50683 8.87963413499846 0.0000969287 -30.5922010594
1149.88206 11.9145627667086 0.0000969287 -30.5484367008
762.50683 8.7867781831381 0.0001112418 -30.5329173960
742.53573 12.0805817474551 0.0000820468 -30.5421624286
745.62180 16.1458603866542 0.0001024316 -30.5627498557
902.78073 19.570113456069 0.0000797869 -30.5671650416
666.63949 17.0532694771335 0.0000969287 -30.6301800514
575.46700 5.38680386869267 0.0000674158 -30.6282701805
628.35849 3.85206451276393 0.0001052925 -30.5565774465
1134.78740 15.346940214106 0.0000891950 -30.5208724536
996.80147 20.2808981984853 0.0000754425 -30.7190553575
783.63745 12.5822459095545 0.0000996443 -30.6246701668
805.62180 10.0358196364818 0.0001052925 -30.5260007651
1004.86407 21.0179301694015 0.0000797869 -30.5237738012
964.83277 20.746725863282 0.0000602019 -30.5814407425
964.83277 20.4689942462704 0.0001175072 -30.6441078157
557.45644 4.03606346915314 0.0000917057 -30.5751883334
755.60615 12.6154342502388 0.0001052925 -30.6931228651
860.54361 9.05982176456638 0.0000733551 -30.5817754929
791.61366 12.3881898744884 0.0001082286 -30.6293181605
746.56943 14.616686840722 0.0000733551 -1.7466498058
780.52901 7.25572502669142 0.0001082286 -30.5238066547
1004.86407 20.7677610825149 0.0000867493 -30.2861042173
834.71813 18.4485323971623 0.0000693431 -30.5963796666
834.71813 18.4029145964906 0.0000693431 -30.5999226774
1004.86407 20.8282943621821 0.0000867493 -30.2861042173
783.45714 2.98186299648712 0.0001112418 -30.5282205824
996.80147 20.212933606418 0.0000637123 -30.7139089303
819.63745 13.1161312191406 0.0001175072 -30.6918178945
996.80147 20.0499702842408 0.0000867493 -30.9191935964
1136.80305 16.5401036363083 0.0001024316 -30.6226423693
744.59254 17.5258161752218 0.0000969287 -30.5753785674
996.64655 6.94142941247537 0.0000843671 -30.5365681069
860.61398 12.8436534231233 0.0001112418 -30.5553130590
727.56599 18.2335352367007 0.0000891950 -30.8088540352
1022.66220 7.16196778049472 0.0001052925 -30.5990581226
1132.77175 13.3299254915796 0.0000942830 -30.5399792681
642.56672 17.8943152494222 0.0000867493 0.0000000000
642.56672 17.5627122923697 0.0001143340 0.0000000000
1134.78740 15.0179941635531 0.0001024316 -30.6240767759
524.50372 11.3822844500956 0.0000917057 -30.5138412846
767.60615 12.7337436123045 0.0001207633 -30.7945417360
821.62658 12.2074870089472 0.0001207633 -30.8196674394
754.53813 8.19847468907275 0.0001207633 -30.5890349134
762.50683 8.17303562964144 0.0001207633 -30.5888297636
819.64731 19.4473886504971 0.0001207633 -30.7149126630
826.53573 7.74611818368022 0.0001207633 -30.6004274100
830.56703 9.26299199256904 0.0001241044 -30.6066499814
906.60661 10.9954806200241 0.0001241044 -30.5062757914
753.59050 8.67537806258626 0.0001241044 -30.5594883360
998.81712 20.5375483102129 0.0001241044 -30.8325254424
862.63203 12.2833803435442 0.0001241044 -30.6704529603
873.69426 19.9600399364991 0.0001275324 -31.1226122894
686.57180 15.4507181641884 0.0001275324 -30.6236323359
660.55615 14.1730374212904 0.0001310496 -30.5169113236
716.56711 9.64189199345199 0.0001310496 -30.7250821348
740.52248 9.29037375530442 0.0001310496 -30.7959091895
793.55889 8.66615893672386 0.0001310496 -30.6445050475
770.56943 14.0563745517994 0.0001310496 -30.7359501960
934.78582 20.2942234800067 0.0001346580 -30.8796150638
664.58745 16.9059194033 0.0001346580 -30.5430985010
688.58745 16.0393490043176 0.0001346580 -30.6438688218
974.75022 16.9362575111927 0.0001383598 -30.7508321239
942.75452 19.6028425657993 0.0001383598 -31.1086602136
642.56672 17.3170901896051 0.0001421574 0.0000000000
1034.91102 21.1509599448459 0.0001421574 -30.6444920128
946.78582 19.8770708820694 0.0001421574 -31.0303902609
824.54361 10.7181607840464 0.0001421574 -30.6457434906
670.64966 21.4265644864745 0.0001421574 -30.5424557409
752.52008 8.38462031932374 0.0001460530 -30.4892718187
848.54361 10.4299192267077 0.0001460530 -30.6249418644
805.62180 11.9884327858594 0.0001460530 -30.5901544201
748.54870 7.53976224564786 0.0001460530 -30.6368892979
858.71813 19.3689287705758 0.0001460530 -30.6530137119
1000.83277 20.5569187697393 0.0001541476 -30.7735444351
940.83277 21.0017683424938 0.0001541476 -30.5832522708
889.57765 10.2944029330796 0.0001541476 -30.5803034762
742.64966 20.6011187736777 0.0001583515 -30.7070990231
658.54050 12.8856863424462 0.0001583515 -30.9906540895
916.60381 13.1587670191815 0.0001583515 -30.7052508203
686.57180 14.8685647194608 0.0001583515 -30.6912424369
1010.91102 21.2903281116972 0.0001583515 -30.6583771037
980.86407 20.9952050110786 0.0001626632 -31.3457405845
688.60271 20.4871782455611 0.0001626632 -30.9507016577
615.49830 14.7970414634254 0.0001626632 -30.9406727081
734.62932 18.3386039538541 0.0001626632 -30.9003017460
936.80147 20.5558443683721 0.0001670851 -31.0625153911
854.72322 19.9405815392757 0.0001716199 -30.6417917673
742.64966 20.5986169077755 0.0001716199 -30.6986412060
734.62932 18.5910462984725 0.0001762703 -30.6965826960
909.54876 9.52944471960353 0.0001810390 -30.6248236649
779.60615 8.88831180841904 0.0001859288 -30.7179467518
825.68440 14.7942929438249 0.0001960832 -30.8345054727
662.57180 15.4290186726661 0.0002013537 -30.6467401515
900.55966 7.26078663209715 0.0002013537 -30.6494714404
842.59056 6.44734556710153 0.0002067570 0.8268885529
820.51231 8.44617022668243 0.0002122963 -30.6817607271
1010.91102 21.3809305163438 0.0002122963 -30.3455079336
700.57220 10.2433176901315 0.0002179747 -31.0129662639
974.81712 20.261442945698 0.0002179747 -31.5580495133
642.61836 21.2138729018903 0.0002297620 -30.4625302670
828.55138 8.50758787087697 0.0002358776 -31.3737121918
526.29282 2.29104696651524 0.0002551532 -30.7810919785
662.57180 15.5908266441928 0.0002551532 -30.6671988119
903.74121 26.4223197218448 0.0002619001 0.5671400971
822.52796 7.86313854524781 0.0002688139 -30.7571577330
743.60615 10.5243643238476 0.0002688139 -30.9076921229
942.75452 19.8410686516691 0.0002688139 -30.8909678947
976.83277 20.7679484889391 0.0002831579 -31.1794784856
835.53311 7.87810370052952 0.0002905960 -30.6827250282
860.61398 13.3799551707263 0.0002905960 -31.0544289129
1035.00492 22.09824741533 0.0002905960 -2.3312387753
972.73457 15.5643539966878 0.0002905960 -31.0759371759
664.58745 16.5915303155701 0.0002982167 -30.7489263250
790.53813 9.86387168759099 0.0002982167 -31.1138848228
790.53813 10.1376915294494 0.0003060244 -31.1001161048
968.77017 19.7574627327258 0.0003060244 -31.0207320362
781.63166 19.5054389752395 0.0003222172 0.0000000000
782.72322 19.5597745781931 0.0003222172 0.0000000000
756.55138 11.9555150360957 0.0003306111 -31.7552509193
968.77017 19.9537432075493 0.0003392093 -30.9373267928
840.57491 5.17233813631043 0.0003480163 33.4960647702
714.50683 8.93825499182348 0.0003480163 0.0000000000
844.58508 10.7854915782518 0.0003570369 -30.6753566991
755.60615 9.77593965244202 0.0003570369 -30.9365287657
752.52008 8.13585410742861 0.0003662758 -31.6024564407
661.52790 9.69447754506992 0.0003757378 0.0000000000
878.74435 18.7662066812243 0.0003757378 0.3993972190
669.56051 17.9790592463352 0.0003854279 33.6230838993
754.53813 7.21731266224712 0.0003854279 -31.1654559687
645.56051 18.3142285392967 0.0003953512 -30.8097198431
907.70215 17.5619717156372 0.0004055128 33.6293866749
814.53813 12.2523247458168 0.0004055128 0.0000000000
615.49830 15.0490793396637 0.0004055128 -31.4664843227
964.83277 19.941587796613 0.0004374805 -31.1614394431
873.69426 20.1698019502014 0.0004374805 -30.9933735665
940.83277 20.7497846482681 0.0004486490 -31.1301724494
840.70757 19.4793375238574 0.0004486490 -31.1693461641
972.85898 20.1777156725036 0.0004600831 0.0000000000
995.89771 21.7376585462497 0.0004717886 0.0000000000
572.48847 13.085586598735 0.0005214451 -2.0858429844
907.70215 17.7316289680842 0.0005480611 33.4887385190
590.34635 2.71744863036992 0.0006508032 -2.5434936606
840.70757 19.5456883292014 0.0007185045 -31.2451285182
924.59714 6.44189087338189 0.0007823941 34.5935530068
749.62311 18.2614813650962 0.0007918511 2.5169587171
766.69192 19.5151673166915 0.0008310759 -32.0387850737
742.53813 11.5687569218062 0.0009149883 -30.0985750646
540.33070 1.84850309373919 0.0009815870 30.1049358687
872.77017 17.4569158865644 0.0009830025 2.8912681100
800.61638 13.1279830128862 0.0010066947 -31.0304357016
842.59056 6.97840730105147 0.0010309145 30.6347885270
716.63401 20.8641595968282 0.0010309145 -31.3675276225
974.81712 20.384280103872 0.0011068473 -31.6251517920
907.70215 17.2735716599763 0.0012744564 32.7482637015
798.59833 12.2436626760011 0.0012744564 -30.8908758261
928.59096 9.0351711901142 0.0012744564 -30.5403599717
944.82768 20.8102044715988 0.0013353388 0.0000000000
912.80147 20.596400283124 0.0013667761 -31.4925316493
907.69974 17.5044412299098 0.0014317082 33.2141048245
912.80147 20.4616649087917 0.0014652298 -31.3647445771
765.60036 18.7723689624469 0.0014994734 0.5660708809
934.80695 18.7914005540053 0.0015344530 -30.7211120869
754.53573 10.1538623908481 0.0015344530 -1.5498859292
660.55615 14.7983884212096 0.0016439508 -31.1396107586
704.63401 20.8362749700071 0.0017208961 1.4414551389
718.64966 20.7345479674261 0.0019720402 -31.1063619176
954.77565 18.8474141098594 0.0020629599 32.2013442458
1006.87972 20.4391355232986 0.0021577105 -31.0470897862
850.58149 6.18428849202841 0.0021992158 33.2216097326
857.51856 6.78720399650259 0.0022460985 -2.3350220535
690.50683 10.2541770466429 0.0023073349 0.0000000000
298.31044 4.60763436225434 0.0023592838 -2.6612674916
936.57601 6.96630602871089 0.0023922951 31.6408265867
396.31084 0.98204159640549 0.0024123016 -28.6208510816
370.29519 1.38490071583004 0.0024123016 0.2987096073
779.60615 11.941578065939 0.0024123016 0.2318174839
742.53813 11.3931641140085 0.0025779654 -31.4448785759
976.83277 20.5932494912448 0.0025779654 -31.7416209119
824.54471 12.6215207088815 0.0027111337 0.0000000000
1010.91102 20.8292256386248 0.0028150370 -31.1370869194
610.33618 1.00581372339599 0.0028847047 -2.5082326534
862.55926 6.14886646467297 0.0029408915 30.9459894216
933.71780 17.4551530890066 0.0031393205 33.2473861090
933.71780 17.6915891918748 0.0031393205 33.2475551820
900.59714 6.12023959738057 0.0033298293 34.6554219773
752.63988 16.3912993696017 0.0033498827 32.4152985541
934.80695 19.1902897071621 0.0039757478 -30.6423924440
834.75452 19.8122443409182 0.0039757478 0.0000000000
926.74435 16.8933009556608 0.0040610308 34.1084289343
926.74435 17.5858811997927 0.0040610308 34.1643162646
954.77565 19.2538908230624 0.0042365968 31.8716919087
326.34174 5.72823548083821 0.0043269365 -1.0742089825
950.68556 15.933915867878 0.0045010476 0.0000000000
906.77565 19.1793709313384 0.0045128747 0.0000000000
692.63401 20.9725110038892 0.0047060225 -31.8401602808
1002.94232 21.625995387222 0.0047060225 0.0000000000
774.52906 7.87181094106 0.0048708905 0.0000000000
944.77017 20.1130707501232 0.0049066236 -30.8098171016
880.73887 19.154743256211 0.0052220493 0.0000000000
878.57531 8.33550877663642 0.0054423931 0.0000000000
852.57601 9.1575747483828 0.0055848020 30.7095485622
872.56584 4.96633835499076 0.0055848020 33.7213988305
639.49830 13.3423273390183 0.0056710959 -31.3593825652
888.57251 10.3234294327613 0.0060304258 0.1475231954
907.53311 7.80151880012668 0.0061546839 -28.9645659207
942.84842 21.2651997878172 0.0064101398 0.0000000000
902.57531 7.8476288981191 0.0064101398 0.0000000000
854.53305 8.8617910459713 0.0064101398 -31.7503627651
878.57531 8.00328355330391 0.0065414118 0.0000000000
856.58268 10.7614273483348 0.0066750966 0.2883122149
914.58816 12.1295437681812 0.0068112324 0.0000000000
862.69192 18.8890142787847 0.0073810684 -29.2715805998
902.57531 8.40777597764156 0.0073810684 0.0000000000
720.66531 20.8553086450585 0.0076817228 0.0000000000
882.58658 6.95010110983653 0.0077268912 32.4766987853
911.56200 10.3169881981364 0.0078361277 0.0000000000
538.51937 12.6347754672218 0.0079933072 0.0000000000
914.58816 11.4549287797669 0.0081533040 0.0000000000
687.55341 17.9907817872888 0.0081533040 0.0000000000
687.55341 17.9772641607232 0.0081533040 0.0000000000
358.29628 3.67315702398483 0.0083274351 -0.3623104606
540.49864 8.7195918250089 0.0086506322 0.0000000000
864.70757 19.1255593728647 0.0086506322 0.0000000000
904.60621 15.7121643288585 0.0088223350 0.0000000000
812.54361 8.69583647723979 0.0088223350 0.0000000000
890.65632 11.3010359829542 0.0088223350 0.0000000000
912.57251 10.1489104584263 0.0088223350 0.0000000000
650.64457 18.2046555342791 0.0089970762 0.0000000000
838.55686 11.6489497894507 0.0089970762 0.0000000000
798.56435 9.39019550686799 0.0091749014 0.0000000000
449.36254 4.69384636354502 0.0091749014 0.0000000000
742.53573 10.0062373355179 0.0091749014 0.0000000000
536.50372 10.509208423509 0.0093558572 27.8829321194
1056.98927 21.7393811083369 0.0093558572 0.0000000000
972.73457 15.9008881752571 0.0093558572 0.0000000000
844.51231 8.40001784466841 0.0093558572 0.0000000000
935.76743 19.7157583960086 0.0095399903 0.0000000000
866.59056 8.48356825144931 0.0095399903 32.6497372971
670.59802 17.678965354013 0.0097273480 0.0000000000
843.70723 18.4689944607603 0.0097273480 0.0000000000
648.32719 2.17865509719125 0.0097273480 0.0000000000
892.60621 14.1193307211879 0.0097273480 0.0000000000
790.53573 8.61770766977979 0.0097273480 0.0000000000
826.59565 6.61402762876569 0.0097273480 0.0000000000
836.54361 5.89059209797699 0.0099179784 0.0000000000
796.66610 15.453594050896 0.0099179784 0.0000000000
970.84333 20.787414113719 0.0099179784 0.0000000000
774.52906 6.77889265692154 0.0100153232 30.1209169487
686.55655 8.93954766289255 0.0101119299 0.0000000000
812.54361 10.7224346048556 0.0101119299 0.0000000000
882.59833 11.2774711133797 0.0103092514 0.0000000000
608.52485 12.9131676509597 0.0103092514 0.0000000000
734.49776 6.15760990380038 0.0103873624 32.1040824116
802.53573 8.8072254871286 0.0107142035 -31.4872853342
886.55686 9.91590302768569 0.0107142035 0.0000000000
476.27717 1.86263426161962 0.0109219348 0.0000000000
970.87972 21.3626190675767 0.0109219348 0.0000000000
592.56632 15.263897634046 0.0109219348 0.0000000000
774.66062 18.9367944515235 0.0111332377 0.0000000000
892.60621 14.269776412408 0.0111332377 0.0000000000
828.51740 8.78639476467082 0.0111332377 0.0000000000
794.56943 10.0512169828038 0.0111332377 0.0000000000
796.66610 15.6209886249695 0.0111332377 0.0000000000
886.63203 14.1498379234974 0.0111332377 0.0000000000
913.74910 19.302198557412 0.0111332377 0.0000000000
886.62963 14.1753157763862 0.0111332377 0.0000000000
836.54361 9.52829618383562 0.0115667660 0.0000000000
826.59565 5.41358206450525 0.0115667660 0.0000000000
712.64497 18.7308969181232 0.0115667660 -1.4824512336
827.66367 13.4443841781333 0.0115667660 0.0000000000
970.87972 21.0948246984237 0.0117890965 0.0000000000
894.69463 17.26798736618 0.0117890965 0.0000000000
776.63988 15.4470356803124 0.0120152091 0.0000000000
886.55686 8.74647435991662 0.0120152091 0.0000000000
798.56435 7.74104100674684 0.0120152091 0.0000000000
886.55926 8.57816991215886 0.0120152091 0.0000000000
886.55686 9.77556956966247 0.0122451577 0.0000000000
864.70757 19.5347191991189 0.0122451577 0.0000000000
864.76508 18.5487957679309 0.0124789970 0.0000000000
774.66062 19.10110760512 0.0127167821 0.0000000000
836.54361 6.69187420605594 0.0129585687 0.0000000000
862.74943 18.3761521168708 0.0129585687 0.0000000000
826.59565 6.30493958316165 0.0129585687 0.0000000000
998.91102 21.3514110167093 0.0132044132 0.0000000000
926.74435 17.7968690197008 0.0134543724 34.2014994074
692.63401 21.041892340345 0.0134543724 -31.6859193192
502.29282 2.42363161790282 0.0137085038 0.0000000000
886.56036 6.96652449498132 0.0138340338 -4.5435873599
940.73887 19.2568685978849 0.0139668655 -29.4210167811
844.51231 7.60670784244211 0.0142295160 0.0000000000
798.56435 7.40936832634803 0.0142295160 0.0000000000
594.34126 2.51071489736444 0.0143291345 -1.1103449823
512.29940 1.8988154721447 0.0145824963 0.0365682379
770.56943 13.7982120308637 0.0147679212 -31.1979699218
950.81712 20.1666057797395 0.0147679212 0.0000000000
756.63480 14.9382181617438 0.0150437961 0.0000000000
940.60621 12.272387208172 0.0150437961 3.3520376653
940.60381 12.0061833729497 0.0153242003 3.3381326486
876.72870 17.4887805084043 0.0153242003 33.3308991153
928.76000 18.1150713059698 0.0156091953 30.5841554885
814.63203 12.6613429025469 0.0156091953 0.0000000000
770.56703 13.797233012235 0.0161932072 -31.4456308917
828.70757 19.5893528903648 0.0161932072 0.0000000000
794.56943 9.62792156052975 0.0167963364 0.0000000000
842.66333 16.4569772072823 0.0174190968 0.0000000000
828.70757 19.682232899643 0.0174190968 0.0000000000
836.54361 5.56437474523934 0.0174190968 0.0000000000
694.64966 20.9714780654114 0.0174190968 0.0000000000
856.57093 5.59898090401648 0.0176410313 30.0905994465
960.82260 18.8231641035878 0.0183911940 32.8011058401
840.57251 6.99006307663248 0.0187256154 32.8418055914
566.34635 2.07466059055652 0.0188852334 -2.0264096009
682.63440 19.037569606701 0.0190653443 30.7346397281
742.53813 10.460452919561 0.0194104495 -32.1930383574
794.56943 9.22258334352286 0.0197610005 0.0000000000
902.61279 7.52701308865099 0.0205479030 32.8805540801
770.56943 13.7949172257704 0.0212190691 -31.3028309474
633.50887 8.41454721275307 0.0212190691 -1.0402994805
691.66098 19.8595490829256 0.0219685690 0.0000000000
980.86407 20.3334856839622 0.0219826249 -30.1382830469
694.64966 20.9081246444429 0.0219826249 0.0000000000
932.62226 10.990910959421 0.0223732880 1.4880024386
742.53813 10.9538884115265 0.0227699733 -32.2067997485
836.61638 11.2458731168424 0.0227699733 0.2225113453
972.80147 20.3421750978582 0.0231727556 0.0000000000
572.48847 12.7974983020348 0.0235817101 -1.2147303666
794.56943 13.8108287014337 0.0239969130 0.0000000000
864.70757 19.3124897141101 0.0239969130 0.0000000000
828.61130 11.736746831848 0.0244184406 0.0000000000
794.56943 9.80425172899345 0.0248463702 0.0000000000
678.39878 3.38303720394832 0.0250680254 0.1577540658
754.65553 17.7675590795001 0.0252807795 -2.7996351255
866.59056 6.64467757590123 0.0252807795 31.9783365794
756.61367 17.6770244796814 0.0266236718 32.6611740923
742.53813 11.1492621359779 0.0270847891 -32.2757415131
790.53813 12.8512910956349 0.0270847891 0.0000000000
888.76508 18.2461233448749 0.0275527837 0.0000000000
899.76983 19.5192648001211 0.0294951683 33.0805971408
552.29431 3.93674128282783 0.0294689823 31.5367568030
784.58508 14.2519779255557 0.0305097643 0.1934007023
794.53305 5.40879971691005 0.0315541934 2.4414067525
912.76508 17.8787071922527 0.0315541934 1.5599655484
886.74943 18.4161279046149 0.0320878089 0.0000000000
690.47045 4.05779859626465 0.0320878089 3.2287064006
580.56632 15.6431414919584 0.0320878089 -3.5215768667
893.72048 18.9673373341336 0.0331782736 0.0000000000
992.77017 19.6172518313539 0.0337352973 0.0000000000
474.30615 1.53272052921968 0.0343002989 0.1379435654
882.75452 19.2639297982881 0.0348733672 0.0000000000
913.74910 19.0395013049888 0.0354545910 0.0000000000
992.86407 20.3242270711278 0.0354545910 0.0000000000
858.58658 7.25741261056723 0.0356130389 30.4599734783
882.77565 19.0902499633058 0.0360440602 32.4284558280
796.54980 8.69745924566983 0.0361711263 3.5870544835
854.56943 8.76940203453354 0.0378628436 0.3700782937
676.55107 15.1931824760204 0.0384862007 31.5465480090
918.75452 19.7211827315918 0.0384862007 -32.2701349446
450.26262 2.12921976162158 0.0390746662 29.1594104847
918.75452 19.7629886366507 0.0391182589 -32.2134222981
944.77017 19.9101787173837 0.0397591111 -32.3525881635
714.60310 16.4127143615306 0.0397591111 0.0000000000
913.74910 19.1360211597815 0.0410675704 0.0000000000
810.60073 11.843308732296 0.0410675704 0.1293986324
814.55926 4.93970511985715 0.0424123302 30.2624083642
840.57251 6.5611544030305 0.0424123302 32.7920252153
914.81712 20.1061089271613 0.0437941494 -31.9143514907
888.76508 18.4553307275951 0.0444991956 0.0000000000
752.55887 13.9768290065122 0.0444991956 -2.0084154091
811.62223 10.3901499952463 0.0454784363 -0.2953381018
811.62223 10.3901499952463 0.0454784363 -0.2953381018
811.62223 10.3901499952463 0.0454784363 -0.2953381018
916.79638 18.7577446168061 0.0452137947 0.0000000000
811.61995 10.3903172586242 0.0454784363 -0.2954756147
950.81712 20.688621773897 0.0452137947 0.0000000000
970.78582 19.9160094318401 0.0459380436 0.0000000000
544.45717 10.6548749156376 0.0474158809 -1.2444004793
821.66296 19.9192597458782 0.0489334917 0.0000000000
838.55926 4.81403846069614 0.0497074590 0.0000000000
712.60271 20.2896396465817 0.0512862148 -32.0548154666
505.42623 9.42082750728656 0.0519769758 1.4937714445
780.51740 7.52666946501343 0.0520912033 0.0000000000
1052.70915 10.6948651490635 0.0520912033 1.1714566433
856.64260 13.9341442612362 0.0537329047 -1.4522637200
600.55615 16.6047355297481 0.0537329047 0.0000000000
834.59833 13.1038855851378 0.0537329047 0.2632167164
836.54361 4.80313582363978 0.0562762873 32.5720140951
818.55528 6.92229191705089 0.0567273327 1.1859704927
342.26389 1.0117714934768 0.0571460440 0.2504392509
834.62296 14.2641245045085 0.0575531542 29.3528589113
344.27954 1.17961021580051 0.0580269528 0.3600260894
666.60310 16.3950706417439 0.0580269528 0.0000000000
842.70796 17.694879108752 0.0589191166 0.0000000000
906.81203 19.9086914544665 0.0598226388 0.0000000000
650.40386 3.11774402177906 0.0609570175 0.0000000000
624.29431 3.21329177627375 0.0618335623 -1.5521411752
846.55019 4.69614526550089 0.0618335623 34.5343299551
812.54361 5.61346600504397 0.0635523859 0.0000000000
846.55019 4.92473130045344 0.0645259856 34.5366908728
845.72288 18.8317151343534 0.0674721984 31.5920527783
946.84333 20.1393152901222 0.0674721984 0.0000000000
750.62423 18.9794039360553 0.0674721984 32.8141862954
391.22550 1.95022124283357 0.0682656766 -27.2447916027
788.54361 5.03673171860434 0.0695054802 32.5464428202
908.79130 18.9241115323477 0.0695054802 0.0000000000
786.56435 11.6864428816002 0.0715888061 0.0000000000
766.50175 8.15633711614708 0.0715888061 0.0000000000
890.81712 20.3922009142705 0.0715888061 -2.8489387916
806.56703 10.7532530230852 0.0715888061 0.2171450715
796.51231 6.39891832833015 0.0726495007 29.3250215478
772.58508 12.1252067023408 0.0726495007 0.1166830695
587.40822 3.02760195502158 0.0731890010 -0.1411829624
587.40822 3.02760195502158 0.0731890010 -0.1411829624
587.40822 3.02760195502158 0.0731890010 -0.1411829624
910.80695 19.639266776861 0.0748094848 33.3181632108
916.83277 21.2181831868393 0.0759089872 0.0000000000
942.84842 20.9329945481314 0.0759089872 0.0000000000
812.54361 5.4848494774895 0.0781475463 0.0000000000
898.58149 6.01125290382151 0.0783990707 31.0594041598
772.54870 7.78099368630519 0.0792868164 0.1827633259
892.79638 19.2859606993813 0.0804395561 0.0000000000
810.60073 10.6539352456157 0.0804395561 0.2027924073
782.68683 19.4732445342659 0.0816058722 29.0737506037
862.62502 9.24482835869706 0.0816058722 0.0000000000
1089.05187 22.2640553517993 0.0839796618 0.0000000000
824.58000 9.6926698481206 0.0864090411 0.6654930872
782.68683 18.6950798691491 0.0914379906 31.3191221244
935.73345 18.2582126927483 0.0914379906 0.9412013082
792.57491 6.25706140767907 0.0914379906 0.2392506631
937.74669 18.1964243961727 0.0927313077 33.5670134899
736.44064 3.69118304403745 0.0933676531 30.5375776219
982.68955 3.12520071322685 0.0940392700 0.0000000000
854.62695 11.710716483512 0.0953619840 0.0000000000
316.24824 0.911313870521185 0.0966995562 0.2065554035
860.60223 7.88585511404219 0.0971287984 30.0400659208
872.56584 5.14933363678303 0.0971287984 32.5234801577
914.81712 20.8205031467714 0.0980520927 -0.9448775600
528.30847 2.75739817509036 0.0980520927 30.8242502317
769.62180 14.6479309917326 0.0980520927 -32.0673792271
708.40934 2.72117811946089 0.0997028427 32.2157450950
871.53421 8.44473902873824 0.0997028427 30.4985183268
878.78073 19.6686886948245 0.1022005480 0.0000000000
770.65045 17.6273221834902 0.1022005480 0.6891822734
846.60073 10.2250847957101 0.1022005480 0.1879108608
808.73887 19.6163037534519 0.1022005480 0.0000000000
822.60073 11.6133237959531 0.1036140006 0.2706886051
535.47318 12.3276548719111 0.1050140069 -33.2443005525
904.79638 19.6350400633875 0.1079477345 0.0000000000
930.60661 9.55844054400059 0.1079477345 32.2207706280
783.61093 11.7380588391728 0.1109157505 -27.0859814023
848.56584 4.59011008861944 0.1119660165 34.2306501910
676.66022 18.0880555919204 0.1154881448 29.2531573253
956.79130 18.2809158884653 0.1186178582 0.0000000000
972.80147 20.1841074795638 0.1202074574 0.0000000000
784.58268 14.0451754389781 0.1202074574 0.1354786185
758.46138 3.8462541015738 0.1207819938 0.0000000000
900.59714 6.76682040608038 0.1207819938 0.5461780144
796.70248 18.7920251571022 0.1218136871 -30.3461399547
840.57491 6.98302179574783 0.1234366487 32.1486407943
908.62226 11.6883948918954 0.1250764427 -0.1335290561
715.58471 19.0322109278503 0.1250764427 30.4399835843
770.49666 8.7233577179488 0.1250764427 -31.1309001313
368.27954 1.11949597398012 0.1284069289 0.4307411911
970.78582 20.0961155933915 0.1300978201 0.0000000000
419.25680 3.70931000022401 0.1333706656 -2.3922268744
858.60073 9.39929989853473 0.1335313921 0.2179923235
768.51740 7.92862167289972 0.1352742687 0.0000000000
842.70796 17.4882012477371 0.1352742687 0.0000000000
812.54361 4.75777593475662 0.1352742687 33.7551975661
680.41443 3.78815629557579 0.1366712420 0.8199969197
690.50683 10.2633397689426 0.1370346686 0.0000000000
856.58508 8.70629782001326 0.1370346686 0.1674836586
860.63861 14.9034921259111 0.1383449930 31.4317559425
736.44064 3.63035858141885 0.1400344936 0.0000000000
690.50683 10.254350732483 0.1406084234 0.0000000000
678.56672 15.9855257875705 0.1406084234 0.0000000000
598.50412 13.7863523370105 0.1424219693 0.0000000000
787.67861 20.5205245932454 0.1424219693 0.0000000000
670.63440 18.5185223829866 0.1424219693 -1.6671162587
936.82260 19.8146090045997 0.1424219693 -0.4388867603
798.52906 7.04077675779076 0.1451982910 0.0000000000
417.24115 3.00222020015042 0.1469515853 -1.4896742883
806.56242 5.8302685831104 0.1479704123 -1.6716448014
587.40593 3.02881482781673 0.1487210244 -0.1649976257
794.56943 10.9076942958864 0.1517601414 0.0916013103
652.55107 15.7972972243683 0.1517601414 0.0000000000
908.77017 20.2589387360271 0.1517601414 0.0000000000
1103.06752 22.3870488232244 0.1556233377 0.0000000000
280.26349 3.19974283945907 0.1556233377 -2.3724010399
314.23259 0.858734122982426 0.1615574495 0.2032502653
840.57491 7.24425473313992 0.1635729894 32.1283396395
893.66296 18.9258016594971 0.1635729894 31.0266189571
716.52358 11.9465095907597 0.1653850437 -0.2058264621
400.34214 2.75683372821921 0.1656074246 0.1141666450
940.83277 20.1661815948031 0.1676608401 -1.9771691339
758.62932 17.6912907215723 0.1739358045 0.5277821312
860.60937 7.69006025387614 0.1739358045 0.1809448475
279.23295 3.97452791301577 0.1752305273 0.2353706859
790.50175 8.11831765233682 0.1760659726 26.0018537695
795.63745 17.2437848228664 0.1803845618 0.0000000000
781.59528 11.9242255849815 0.1803845618 0.1554557012
482.32412 3.95183895239711 0.1803845618 0.1912473413
840.57491 6.56318676086745 0.1803845618 32.0473154365
804.51740 9.11919690134941 0.1870092502 -2.8945792092
781.48726 7.15971061618098 0.1897398868 28.9099265009
692.61985 17.4848633218795 0.1940436516 0.0407930558
768.55488 13.0541579667641 0.1940436516 -0.2526080134
612.33070 2.13505952074836 0.1940436516 -0.7178988559
634.54050 13.8233926110864 0.2007945400 0.3724918445
796.58508 10.5598451276684 0.2007945400 0.1060544567
610.54050 15.0388247279259 0.2031623928 0.1807819763
822.60073 10.8100594438517 0.2055505144 0.1332049053
746.49776 8.20006651458217 0.2051157090 31.5253141043
498.26262 1.78215904919559 0.2051157090 0.7973023068
910.74943 19.2548489487144 0.2055505144 0.2312109081
814.59675 11.1910876235275 0.2051157090 -0.1469687013
830.51889 5.79259261034692 0.2073841756 31.5771461997
839.74630 19.5302285560416 0.2079589705 -28.6517115111
674.43915 3.99701216912249 0.2103878251 -5.7941082046
281.24860 4.55722166813514 0.2166400383 0.1400292280
426.35779 2.96213578956672 0.2177974026 0.0713803207
774.62423 18.3132368173869 0.2203084671 30.2578909403
860.77017 20.7904013020572 0.2203084671 0.1646237410
898.58149 5.60587406267922 0.2213778853 31.7395705543
812.54471 7.81306659205716 0.2261895309 -0.2590645979
900.66991 16.2834845684093 0.2261895309 -0.1909209923
634.54050 13.2313475527551 0.2279660818 0.2891993592
800.54471 7.78684331794852 0.2310753437 -0.0559830647
415.22550 2.2971871782529 0.2310753437 -2.0224764102
884.73378 19.4554963506516 0.2305602760 0.2918167373
836.61398 14.570955316115 0.2305602760 0.1041445174
424.34214 2.23884645680796 0.2331753859 0.0913856811
820.51231 7.22694746136388 0.2331753859 -31.0602792200
848.60937 8.31997001575712 0.2358114618 0.1892243314
634.54050 13.3829831408155 0.2358114618 0.2986641735
660.62892 16.8651646243239 0.2358114618 0.6392606707
840.57491 6.07030481037946 0.2384685526 32.0239999456
282.27914 4.05225055027731 0.2411467056 0.3576136890
810.66062 18.5768638517623 0.2438459668 0.0000000000
806.56943 10.7447375430588 0.2465663804 0.0812397629
1051.96031 22.0699268190539 0.2493079892 0.0000000000
764.52248 9.05626457131515 0.2493079892 -0.0069933069
930.71686 17.9905511258975 0.2513670010 -0.2843991281
757.62180 10.582432341997 0.2520708345 -0.0848436160
802.55926 10.3202341629118 0.2548549557 0.0000000000
812.66101 15.4849345277848 0.2548549557 -0.6206658681
798.52796 7.58688371826229 0.2548549557 30.5164286880
764.67627 18.9609767038825 0.2576603909 0.0000000000
832.54980 13.8466342636181 0.2592877765 -0.3793650702
948.85898 20.3127156013115 0.2604871765 0.0000000000
786.60073 11.535491056944 0.2633353471 -0.2186931604
886.78582 20.5689864060295 0.2662049358 0.1471897525
764.52248 11.4149055732965 0.2662049358 0.1456459083
887.56551 10.1732158611296 0.2673797768 0.4385220998
656.58237 18.1953468075651 0.2690959740 -0.5521533262
580.49355 11.105666543637 0.2690959740 0.0000000000
840.57491 6.39393155746639 0.2720084912 32.0121367257
887.56200 9.03211311526418 0.2720084912 0.5207371253
738.50683 8.6070909281738 0.2749425156 0.1639645872
804.55378 8.34116613876049 0.2749425156 0.2001689662
832.58268 11.1712248907127 0.2749425156 0.0685083151
802.69192 19.5474843364263 0.2778980732 0.2352224545
666.60420 16.9236782031008 0.2784367072 33.4862608848
832.64260 12.320496784545 0.2808751887 0.1785455797
694.63550 18.5406403840492 0.2812488783 -0.2188476096
836.73378 18.2878433172025 0.2808751887 0.0315078715
796.54980 10.1020926217767 0.2812488783 0.5842505393
904.59096 7.68094156461773 0.2808751887 0.0000000000
808.66610 17.3130593589511 0.2838738846 0.0000000000
870.62296 12.2863974177693 0.2840802645 -0.1612260174
833.51856 7.87926381918979 0.2869308834 0.3332311614
652.66022 18.9565300323588 0.2899360999 -0.1329340369
966.84842 20.8354479557231 0.2929996557 0.1689282745
807.57454 10.0418056473801 0.2929996557 0.0915526598
439.22550 2.19356720458965 0.2926886659 0.0000000000
594.37655 3.63708330876173 0.2929996557 -0.2457929927
890.57531 8.56170672772429 0.2991917412 1.7636509767
451.45205 17.3397220101266 0.3014729774 -0.0113745799
914.59166 8.74099188690999 0.3044392778 0.2035905499
860.73378 19.7167902627459 0.3054705404 0.3165496589
890.78073 20.1930690555323 0.3054705404 0.1664535062
810.75452 19.9849887103618 0.3086424813 30.2538739488
762.66062 19.1494242182228 0.3118361252 -0.0661173636
818.59166 11.746784880334 0.3134540859 -0.0714102016
832.58508 10.2907777895735 0.3150514764 0.0314106414
786.52906 9.54781366597177 0.3164976717 0.0000000000
892.60731 10.577662703913 0.3164976717 -0.1730188027
762.66062 19.2269143263533 0.3215473081 -0.2995952619
682.59802 18.1858372139026 0.3215473081 -0.5655093183
847.53421 8.60069259165601 0.3226428271 0.4733860020
920.77017 20.0271059755271 0.3248277874 0.2343123552
884.77017 20.2962955262457 0.3248277874 0.1938361403
904.59096 9.65470530168122 0.3248277874 0.3399736318
824.54471 7.51477064789875 0.3288652842 -0.3460028944
736.49228 8.97475847568944 0.3288652842 -0.1926829359
876.55138 7.51800595058321 0.3314538551 0.0000000000
904.59096 9.52193022737572 0.3314538551 0.3273676089
834.60073 13.9094896302591 0.3314538551 0.3195892164
692.41443 3.7976868451019 0.3320054913 33.7473959422
770.57053 14.9447183623338 0.3351650090 -0.1589337382
881.51746 7.67061403001131 0.3347994306 0.7821669648
628.36200 2.740829679828 0.3351650090 0.1286826759
894.81203 19.8348260234993 0.3381666885 0.0000000000
279.15909 2.08814028821953 0.3381666885 0.2490577131
808.73887 19.4789433221002 0.3381666885 0.3466116356
816.64768 14.1567685630827 0.3415556172 0.0000000000
819.58980 10.106011857773 0.3415556172 29.1735603528
784.64497 18.1130067841994 0.3415556172 0.4511412007
689.56906 18.965613712175 0.3415556172 1.0642466277
866.72322 19.9644538148942 0.3449662033 0.0000000000
968.86407 21.0233859718751 0.3449662033 0.0734145827
886.74943 19.8293334938339 0.3449662033 0.2725754495
764.54471 9.32333773598623 0.3447593361 -0.0427642990
739.63876 16.900312756479 0.3449662033 0.0000000000
828.57601 9.17683585111281 0.3512519143 -0.0831524656
810.71813 19.0531617797204 0.3553277398 0.0000000000
832.58508 8.63191998538658 0.3553277398 0.0142609265
944.77017 19.7557496249126 0.3588247790 0.2117130869
846.62296 14.1480869236257 0.3644677634 -0.1601782768
792.57601 11.5524762918147 0.3644677634 -0.0791751272
910.78582 20.5091294842484 0.3658835083 0.1145364568
752.63988 17.8127702102955 0.3658835083 0.0000000000
894.62296 12.1688712332503 0.3678196701 -0.1773732137
866.72322 19.5272690278866 0.3694451444 0.0000000000
860.77017 20.5551104196995 0.3694451444 -0.0015999071
786.52796 8.31755657965752 0.3694451444 3.2613544588
606.28375 2.14189733332432 0.3745808510 0.0000000000
960.89537 21.0543832240577 0.3766328091 0.0725650504
914.72322 19.374899610818 0.3802587711 28.4826802332
986.91102 20.8580526666136 0.3802587711 0.1204092367
948.80147 20.0720898335975 0.3839061050 0.0000000000
834.75452 19.623617780153 0.3839061050 0.0000000000
958.80695 18.8135919199941 0.3839061050 0.2670450196
826.59675 11.3604975803528 0.3848656223 -0.0238690631
807.50291 7.43071866250971 0.3918171051 0.3628047757
750.54432 13.8459072743801 0.3918171051 -0.1971534346
831.50291 6.78658871939567 0.3918171051 -31.9033123643
782.68683 18.1693132593408 0.3912647315 0.0000000000
792.51740 8.51720523089222 0.3912647315 0.1702501455
768.70757 19.8991416440939 0.3949759405 -0.1948001142
856.58268 11.9721737527777 0.3949759405 0.0482964013
1122.78740 15.8363295455154 0.3949759405 0.0440349758
806.72322 19.9441742952686 0.3949759405 0.3739566444
892.60731 10.8208545468372 0.3953212330 0.0514509559
654.56672 17.08224639763 0.3987083540 -0.5636009083
558.47282 19.3047972289926 0.3987083540 0.0000000000
876.55966 7.67783157205526 0.4024619248 0.5772584209
858.75452 20.2874561402326 0.4024619248 0.0783798104
766.65553 17.2361887475667 0.4062366033 -0.0791508376
728.52358 11.4838282938149 0.4059467012 0.2386745074
920.86407 21.274428634414 0.4062366033 0.1548302420
576.29431 3.59203282784882 0.4059467012 -0.6566806760
838.56036 8.49260297716673 0.4095260802 -0.0466843129
764.55646 11.1847196551103 0.4100323381 0.0507493890
766.53923 11.4782118136062 0.4095260802 -0.1813126221
872.77017 20.4651812734825 0.4100323381 0.1594367841
760.64497 19.1452866048731 0.4100323381 0.2243744720
835.66875 15.0213345601098 0.4100323381 -0.2022807508
768.55378 12.8432310112672 0.4138490753 0.0223315105
654.56672 17.0491844284422 0.4138490753 -0.5755002307
666.61836 20.9163576335506 0.4138490753 0.0396018880
883.53421 7.70091079716446 0.4131241639 0.2689915818
834.58658 9.37576488646634 0.4167409055 -0.1196658325
612.55615 16.2959897737381 0.4254247313 0.2039651787
916.79638 19.7921841218105 0.4254247313 0.4793431703
654.61836 21.0416689520848 0.4254247313 0.0819699177
844.64370 15.9871121200936 0.4277025848 -0.1739706804
912.76508 19.8415631670713 0.4293248968 0.1704946210
591.49590 16.2122872123923 0.4332457631 0.1743788006
794.72322 20.3548455367529 0.4332457631 -0.1626896846
652.55107 16.4689038839025 0.4332457631 -30.0880505409
784.64497 18.5061961041781 0.4332457631 0.3322645200
917.72048 18.7076729355266 0.4371872632 0.2330373668
478.29282 2.51055646603237 0.4411493279 0.0806169851
784.64497 18.4519098295377 0.4411493279 0.3204749503
796.73887 20.6695718689207 0.4451318858 0.0742069428
834.75452 20.5419295597483 0.4451318858 0.2364122471
762.58785 18.9646196899545 0.4451318858 1.7153478553
696.61367 18.4863938934817 0.4491348634 -0.1986765346
696.61367 18.5094407700841 0.4491348634 -0.1986765346
535.47318 12.6725741779396 0.4539229870 -31.3853231601
934.87972 20.9370845076923 0.4572017721 0.1668843727
938.81712 20.7857558021573 0.4612655449 0.0786066449
844.60621 7.61999523216409 0.4612655449 0.0000000000
474.30615 1.6451602143514 0.4612655449 0.0429773536
840.64768 14.7822018531406 0.4612655449 0.1282005524
742.53923 13.051048931761 0.4615777435 -0.1772016112
885.54986 9.39242550148017 0.4654319942 0.2340683700
864.57601 9.271659570933 0.4693040655 -0.0432951706
636.35183 2.91066391919065 0.4731938845 -0.1287750290
832.73887 20.2421245068439 0.4735771418 0.0392600046
738.66062 19.5020359915863 0.4735771418 -0.0912694262
811.66875 16.5864032197892 0.4735771418 0.0066029193
770.65045 15.744097481983 0.4777208105 -0.0376783460
785.65310 13.0593623394444 0.4818842305 -0.1552356221
794.53415 9.89714753220415 0.4849690716 0.5089943481
864.57491 7.16949664425744 0.4860673082 0.0000000000
1023.92901 21.8985576701038 0.4902699479 0.0000000000
774.60073 16.239879683181 0.4902699479 -0.1004013285
886.61788 11.5219161262171 0.4929065180 -0.2335955558
255.23295 4.44104822206778 0.4929065180 0.0637458949
591.49830 16.2051605704834 0.4944920517 0.1101863249
856.60731 11.3111523877457 0.4969011925 0.1344556200
678.67587 19.3487219475599 0.4987335194 -0.0988985325
794.56703 13.4993131154608 0.4987335194 0.1007041925
864.80147 20.9858952501716 0.5072741351 0.0639809156
854.57531 9.23324022612519 0.5072741351 0.4944958541
842.59166 11.1797763754823 0.5089879937 0.6666810486
846.75452 20.3996068946452 0.5115730718 -0.0071929763
838.74943 19.2308373135313 0.5115730718 0.1736293996
668.65514 17.9540843972568 0.5115730718 -0.0927891235
859.53421 7.92057324881927 0.5130508909 0.0025924254
561.41497 4.05267503384357 0.5158909499 0.1469602449
888.76508 20.0952089837461 0.5158909499 0.0014399354
979.86641 21.4848472667142 0.5158909499 -30.3222452505
920.86407 21.3591606765783 0.5158909499 0.1775513250
802.55926 10.6574420779 0.5158909499 0.0000000000
806.56943 10.3150696441416 0.5158909499 0.0660852117
816.57601 9.98910138246181 0.5171306176 -0.1926286421
810.59833 14.2968601810478 0.5202276583 0.0005707424
578.30996 4.01765601032919 0.5212270801 0.0000000000
638.57180 16.837530747892 0.5245830838 0.0848134366
858.60073 9.63352025319336 0.5245830838 -0.0447924788
814.55926 5.68613653091241 0.5245830838 -0.4378738100
894.62296 11.6446721268431 0.5253401825 -0.0001336457
988.92667 21.1107415457453 0.5289571109 0.1549493142
866.59166 10.2392818144882 0.5294698277 0.1464259409
768.55138 12.8482763736528 0.5289571109 -0.0144877996
505.42623 8.56639182555465 0.5294698277 -0.8023828107
772.58508 14.8183615857382 0.5289571109 -0.0823850037
710.62932 18.9236599374701 0.5289571109 -0.3276419159
454.29282 3.10399841091146 0.5289571109 0.1013456708
958.87972 21.1887436128506 0.5333496220 -0.1252209023
732.61367 17.6182328647394 0.5333496220 -0.0479379970
680.63401 20.9741333105279 0.5333496220 0.0429116929
312.32609 6.04525990208375 0.5333496220 -0.0161350828
880.59096 9.77374469016367 0.5377604973 0.1688259857
566.55067 14.9770299074136 0.5377604973 0.1086040197
890.59166 9.44134340764166 0.5377783482 -0.0077166272
808.58508 12.0302760705724 0.5421896150 0.0063202295
860.60937 7.92503841474245 0.5421896150 0.4856849036
834.60073 10.0765451541135 0.5421896150 -0.0351551614
780.55378 8.62808563887929 0.5466368508 -0.1146987051
918.62296 11.4890559076187 0.5461518286 -0.0900521148
814.55926 5.97949093240209 0.5466368508 0.1505983370
827.55963 7.71119040490319 0.5503626672 0.0709540410
827.55963 7.71119040490319 0.5503626672 0.0709540410
827.55963 7.71119040490319 0.5503626672 0.0709540410
810.71813 18.8814848582909 0.5511020787 29.3280780553
866.59166 9.92024020757231 0.5545894287 -0.0400264351
692.65514 17.5342247435258 0.5555851703 1.2525045205
888.80147 20.0545330641803 0.5555851703 0.0000000000
747.51816 9.49434090209419 0.5545894287 0.1279624406
808.58508 10.0363339847443 0.5555851703 0.0325580749
776.52358 10.597279058561 0.5545894287 0.1290618461
768.55378 11.5990952444136 0.5555851703 0.2519507325
857.51856 7.51366050660253 0.5545894287 0.5143059225
622.61327 17.6665487371794 0.5600859951 -0.1772651546
908.79130 19.1546367349306 0.5600859951 0.0000000000
780.55138 9.79972772539102 0.5600859951 0.0540205495
844.60731 12.3088040433833 0.5630902813 -0.0801105441
680.63401 21.0205391312414 0.5646044206 0.0431138593
882.75452 19.9974779552551 0.5691403121 0.1296317397
900.80147 20.701114540079 0.5691403121 0.1015754386
778.69192 17.9411885302442 0.5736935329 -0.7325569436
934.74943 19.0842250857724 0.5736935329 0.0280960229
608.35691 3.10659482580248 0.5759581959 1.3921061575
696.57728 15.8457917899866 0.5782639442 0.2136281203
810.56435 9.73288587403672 0.5782639442 0.1758265192
804.55378 8.81059673369339 0.5782639442 0.0618647935
838.63203 13.2259585884285 0.5782639442 0.1207831931
740.52248 10.4417155448795 0.5782639442 -0.0140934279
582.28375 2.16568011387043 0.5802781417 0.0955396146
852.76508 19.5195850782149 0.5828514050 0.0000000000
594.58197 16.5808252982973 0.5874557723 -0.2591319196
712.64497 19.4779248020852 0.5874557723 -0.3151023221
600.29431 3.49984980830846 0.5889623437 0.0000000000
832.60731 12.9683338889536 0.5889632823 -0.0860170292
624.62892 18.080783619151 0.5920769013 -0.0102071587
594.37655 2.99198249115227 0.5967146447 31.4188850880
814.56036 8.70784836086253 0.5977079412 -0.0575180028
738.50793 9.18889688125833 0.5977079412 -0.0193154053
896.63861 14.4323845984573 0.6021022790 -0.0379676712
766.53923 11.9637099189358 0.6065111200 -0.2206311725
818.53305 10.012809250657 0.6060393770 0.0000000000
766.53573 12.2186684930661 0.6060393770 -0.1228808042
888.80147 20.8119473955546 0.6060393770 0.0362630055
764.52358 10.4697163186512 0.6065111200 -0.0567982491
882.60073 11.2291958892711 0.6060393770 0.0577086029
856.54980 13.2285364361674 0.6109343353 -0.1686845483
940.73887 19.5700696641439 0.6107260616 0.0665476106
738.50683 9.06434144561287 0.6107260616 -0.2726144775
850.78582 21.0328132545998 0.6107260616 0.1300229297
740.67627 19.9589682141611 0.6107260616 -0.1232562874
848.77017 20.6807771811994 0.6107260616 0.1693826660
1077.05187 22.3149972740452 0.6154287526 0.0000000000
932.86407 21.2841935441372 0.6154287526 0.0269904381
830.55528 7.71586559912584 0.6153717946 0.1661283904
810.68175 16.368849155244 0.6154287526 0.0661672307
636.62892 17.9776998627378 0.6154287526 0.0869029216
878.78073 19.5099114299722 0.6154287526 0.0144011796
750.66062 19.303631926467 0.6154287526 0.0082620388
758.62932 18.0689527429452 0.6201472928 0.0000000000
658.40544 3.61046134045157 0.6201472928 0.0000000000
820.51341 5.60057732510117 0.6198233659 0.0000000000
820.58508 10.0547049703842 0.6201472928 -0.0056033766
850.55926 9.97313958271886 0.6201472928 0.0000000000
898.78582 20.6126099765998 0.6201472928 0.1065183078
842.59166 10.4629958197791 0.6242889158 0.1546528651
838.56036 8.02647337930021 0.6242889158 -0.2035366068
896.77017 20.1628227835612 0.6248815232 0.2822924232
766.53573 12.6762752449308 0.6248815232 0.0125584334
792.70757 20.0128427929347 0.6248815232 0.0390409635
859.53421 8.24101135509744 0.6287683092 0.2568219767
794.60582 13.239657597937 0.6296312831 0.0502571881
881.51856 6.846961686859 0.6332614097 0.3227002508
460.36327 5.97311485141087 0.6343964095 -0.0061177995
866.72322 19.7874246248282 0.6343964095 0.0000000000
766.69192 19.9642690390832 0.6343964095 0.0405224181
1002.94232 21.263914453612 0.6343964095 0.0937279324
890.59166 8.8999990423556 0.6377680792 -0.0681170945
914.64918 13.7230281777726 0.6377680792 -0.1035395881
766.53813 11.4098198392024 0.6391767377 0.0002655600
713.56906 18.0533920310098 0.6391767377 0.0509734535
580.32561 4.70399939122124 0.6422881781 0.0000000000
738.50793 9.3891293478669 0.6422881781 -0.1589852114
804.55138 8.77656548044588 0.6439721011 0.0822711564
890.78073 19.4456108316391 0.6487823311 -0.1802853921
744.55378 13.1816891747472 0.6487823311 0.0709957756
638.36748 2.87184771456332 0.6468215653 -33.5249254980
786.66062 18.7552834757157 0.6487823311 0.1536187878
640.58745 17.3168212821192 0.6487823311 0.0971183670
920.82768 20.6273148520773 0.6487823311 0.3822843987
788.52008 13.188931568567 0.6487823311 -0.0967483743
784.58508 10.3233036038536 0.6487823311 0.0294579338
840.57601 9.74422867036594 0.6513680984 -0.0184315433
758.62932 18.4987935386269 0.6536072574 0.0000000000
750.66062 19.4397721180416 0.6536072574 0.0589502849
857.67533 14.8225245983435 0.6513680984 -0.0418532465
636.62892 18.1737697021783 0.6536072574 0.0744020031
910.78582 19.5903718907248 0.6536072574 0.0000000000
772.51341 6.98020684902401 0.6513680984 -0.5136186106
924.80147 20.5899344752001 0.6584467078 0.0616004772
962.91102 21.1182268551194 0.6584467078 0.0782296015
984.89537 21.2837825292426 0.6584467078 0.0232288923
732.55378 13.7898606452611 0.6584467078 0.0192188194
782.63792 9.11959454265665 0.6605000248 -28.0694864904
241.14453 0.751799644535705 0.6605000248 0.0257322893
778.53573 10.989356969197 0.6633005083 0.1752765597
568.36200 3.84595053331385 0.6650851257 0.0813609926
526.29392 2.86628042953785 0.6742928616 -0.1207614215
568.36200 3.4839113258688 0.6742928616 0.0722276661
714.61836 20.4773139342567 0.6730504542 -0.1616429827
732.61367 17.526794006018 0.6730504542 0.0181003072
898.58149 7.76283948997714 0.6742928616 30.1137969529
913.58116 10.8268609934318 0.6742928616 0.2947507531
369.35158 21.1707662960087 0.6730504542 0.0174711647
870.62296 13.0522604846586 0.6789151957 0.0896762499
796.58508 14.4598345498102 0.6779462427 -0.0771722556
662.36748 3.05994006398348 0.6789151957 -0.1043716154
804.55138 9.80440119660059 0.6779462427 0.0945902694
946.87972 21.3465143213717 0.6779462427 -0.0926825238
558.50920 14.6358506551898 0.6828556672 0.0000000000
684.61367 18.8156612971124 0.6828556672 -0.1123578173
558.50920 14.4930865314761 0.6828556672 0.0000000000
636.55615 15.2007447017287 0.6828556672 0.0541473590
906.62296 12.2694733747612 0.6835496377 -0.0079175446
794.57053 14.3596110292374 0.6881960338 -0.2532498694
790.53923 11.3707863287423 0.6881960338 -0.3031024440
920.82768 20.4830579070842 0.6877785449 0.1860891720
1004.95797 21.4395827699356 0.6877785449 -0.1055293551
806.59166 12.3291959793821 0.6881960338 0.0856840523
898.65426 14.8815554206521 0.6881960338 -0.0395545216
595.49322 4.59309164913435 0.6877785449 0.0648598625
776.54471 8.56905255440471 0.6928542288 0.2286692213
283.15160 0.777603382514871 0.6927146912 0.0724842320
633.50646 17.0899299089191 0.6927146912 0.0000000000
909.54986 8.85308910423651 0.6928542288 0.2871006797
828.75921 21.4075115003261 0.6927146912 -30.9291709339
764.67627 19.5727436936319 0.6927146912 -0.2138950837
852.57601 9.13167035851157 0.6975240661 -0.1031520205
835.53421 9.07165114702388 0.6975240661 0.2553484021
558.28375 2.49449716638524 0.6975240661 -0.0214632650
858.75452 20.5596565742527 0.6976639199 0.0182137783
844.51341 9.89377038181134 0.7022053877 0.0193194803
792.55378 11.5036067657378 0.7026260430 -0.0074317974
828.69231 17.2137732777944 0.7026260430 -0.1425938570
762.50793 9.88437228359852 0.7022053877 0.1401280859
856.73887 20.0751401044702 0.7076008708 -0.0116855218
762.66062 18.9031009536148 0.7076008708 0.0723769924
772.51341 5.96456573024283 0.7116018464 -0.3760555750
870.75452 20.2184890366306 0.7125882123 0.0562317308
868.60731 11.2473227269963 0.7116018464 0.0028000726
820.51341 10.3338103400281 0.7116018464 0.1628615290
818.72322 19.5139440914823 0.7125882123 0.0000000000
500.27717 1.80526225662231 0.7125882123 0.0000000000
297.24352 3.67371959514229 0.7163166611 0.1623083158
297.24352 3.67371959514229 0.7163166611 0.1623083158
808.58508 9.57275303253541 0.7175878746 -0.1051792716
940.73887 19.3919776691838 0.7175878746 0.1322044274
480.30957 3.80069758487822 0.7210423159 0.0875500811
870.75452 20.3412563136878 0.7225996632 0.0265290283
870.75452 20.1676760525226 0.7225996632 0.0580623452
812.67627 18.9236297817154 0.7276233822 -0.0241550174
862.78582 20.7958659569877 0.7276233822 -0.0219439907
830.59166 11.2053244385669 0.7305254872 -0.1038224233
862.78582 20.131039248869 0.7326588342 -0.1564242234
680.58237 17.21947713271 0.7326588342 -0.3406632047
814.55926 6.37993733446262 0.7326588342 0.1036117251
816.70757 19.6638951849072 0.7326588342 -0.2001599139
678.61836 20.6683180146395 0.7326588342 0.0000000000
480.30847 3.32203324393808 0.7377058200 -0.0511469927
796.73887 19.7977855137768 0.7427641392 0.0000000000
840.72870 20.1467182274454 0.7427641392 0.0000000000
842.72322 19.7756649267803 0.7478335899 -0.1777066796
764.52358 11.249843012875 0.7496146023 -0.0651661909
768.55378 12.0939846851885 0.7529139685 -0.0267412323
760.58508 13.6784031410833 0.7529139685 0.0195888376
822.60073 10.4066146224881 0.7529139685 0.0166245453
864.57601 8.42552388797496 0.7496146023 -0.0524646749
822.75452 20.6626827325744 0.7529139685 0.0185585348
703.58471 19.034943597028 0.7529139685 0.0000000000
812.69740 17.4862072751591 0.7529139685 0.0010292649
714.50793 10.6346404336776 0.7544114709 -0.1107841353
836.54121 9.66111197969298 0.7580050703 -0.0486284526
757.62180 15.5650548262963 0.7580050703 2.2134016327
874.55926 7.78244762153085 0.7580050703 0.0000000000
885.54986 8.41930328969624 0.7592178323 0.0261663006
882.62296 13.7517202717092 0.7592178323 0.0196664498
884.77017 19.3221372557493 0.7580050703 0.0000000000
864.76508 19.4686000531756 0.7631066890 0.0691083213
874.78582 20.6551008507198 0.7631066890 -0.0451097123
766.53813 10.5906541623826 0.7631066890 0.0673753850
780.55378 7.62769635644574 0.7631066890 0.0343734900
854.59166 10.549563876613 0.7640335128 0.0668781236
830.62695 9.47081111978543 0.7682186170 -1.1705944558
888.70757 19.1638807447092 0.7682186170 30.0638049677
646.61327 16.6655881288927 0.7682186170 0.0183023505
790.65553 16.5310349134248 0.7682186170 0.0000000000
846.52906 7.84948201325996 0.7736921319 0.0000000000
960.73457 16.4040791377762 0.7733406453 2.4403851352
677.64533 19.6289636219167 0.7736921319 0.0000000000
902.81712 20.9108048706781 0.7733406453 -0.0138340875
780.70757 18.8977527335424 0.7733406453 0.0000000000
898.78582 20.4625150733069 0.7733406453 0.0723165934
642.60310 18.4937055413521 0.7784725637 0.1958673423
922.78582 20.3539450232585 0.7784725637 -0.0002262120
842.59166 10.6327775433985 0.7785347180 0.0975557399
502.37383 2.54547397014855 0.7784725637 0.0139721687
882.75452 20.1657219730558 0.7836141607 -0.0513914222
816.57491 5.88522899420606 0.7836141607 -0.1065739911
283.26425 5.54413522518662 0.7833859184 0.0203689881
836.77017 20.796253076464 0.7836141607 0.0944995649
1016.77017 19.4037236732008 0.7836141607 0.0000000000
782.53415 13.6397363078019 0.7882455543 0.0000000000
666.60310 17.4600631742548 0.7887652233 -0.0101831243
572.52485 15.3794694053575 0.7887652233 -0.5347720433
824.54361 8.60993483439603 0.7887652233 -31.2180950333
854.56943 9.30511668582244 0.7939255375 -0.0804195109
764.52248 10.0117698170554 0.7939255375 -0.0799262027
920.82768 20.1359677045881 0.7939255375 0.5000015657
840.57601 8.68447863864778 0.7931134462 -0.0902745190
764.52248 9.08166283994999 0.7990948881 -0.2279720124
810.75452 20.803038640365 0.7990948881 0.1456841498
605.47516 15.2824436412883 0.8042730584 0.0000000000
784.66610 16.4558181851827 0.8042730584 -0.0899561417
786.66062 18.5270266098151 0.8042730584 0.0003755283
716.52248 10.7508630510489 0.8094598310 0.1202209119
812.67627 19.2339459476073 0.8094598310 -0.0811790994
614.57180 17.3938530870431 0.8094598310 -0.0873359675
748.49228 8.77720742785254 0.8077648446 0.1720380636
904.83277 21.1064113922071 0.8094598310 -0.0987157064
726.66062 19.5659650583043 0.8094598310 -0.0658168436
976.92667 21.3071020836908 0.8094598310 0.1129675947
828.56312 7.70033268976266 0.8126639431 -0.1635476254
832.58508 9.52978056734568 0.8146549869 0.0727223028
838.78582 21.0177456000067 0.8146549869 0.0982994452
826.54401 7.42890087014012 0.8146549869 0.0000000000
904.54980 8.14853124545839 0.8175703846 0.0000000000
904.54980 8.14853124545839 0.8175703846 0.0000000000
820.73887 20.3870925868491 0.8198583064 0.0531314029
952.83277 20.458637392069 0.8198583064 -0.1310506151
820.73887 20.4635039794541 0.8198583064 0.0531362503
828.56312 7.70033268976266 0.8224839838 -0.1541504158
734.47663 7.85423995381365 0.8224839838 0.0000000000
642.60310 18.4860728535768 0.8250695685 0.1602381683
640.62384 16.8566078083224 0.8250695685 0.0271050342
788.67627 19.1019091305746 0.8250695685 0.0366526105
848.54471 12.7158979315603 0.8274045547 0.1911144738
894.62296 11.1820495510885 0.8274045547 0.0453072026
792.55488 13.6628891651468 0.8274045547 0.0165332249
926.81712 20.8472913641354 0.8302885511 0.0279542187
760.64497 18.5930055205169 0.8355150313 0.0189086772
798.52906 8.27524659245033 0.8372658629 -0.0583301834
844.73887 20.1003227634172 0.8407487850 -0.2590843369
798.68175 16.9964989272478 0.8407487850 -0.0316142906
892.60731 10.2780298686904 0.8471528045 0.0783812218
880.71774 19.7805826656054 0.8459895871 0.0496318889
766.53573 9.20532126393346 0.8459895871 0.1118950062
927.81720 20.755136055392 0.8459895871 0.0618470664
778.56036 10.3678682672453 0.8471528045 -0.0014718830
648.62892 17.5698495820039 0.8459895871 -0.1664526011
593.47757 4.55185692542188 0.8512372119 0.0756842362
738.50793 10.3223454629904 0.8570638627 0.0309153174
850.56036 7.46523297334516 0.8570638627 -0.0920814011
481.42514 4.04330644716952 0.8564914324 31.2024138671
716.52248 10.5192519460083 0.8512372119 0.1191339280
858.62296 14.4865074634277 0.8570638627 0.0016906664
861.54986 9.64228640547383 0.8570638627 -0.0722715381
837.54986 10.9564082702198 0.8570638627 0.0000000000
754.69192 20.1556688906248 0.8564914324 -0.2655599654
876.80147 20.8894861974896 0.8564914324 -0.0518099664
828.57601 9.5650283442539 0.8570638627 0.1336122719
507.44188 10.2344286229577 0.8570635065 -31.1806830585
832.54870 11.3722044632676 0.8617520209 0.0000000000
889.58116 11.4035752748231 0.8669975092 0.0754382785
554.34635 2.9150829282304 0.8669975092 -0.0433687882
790.53923 10.8349915198868 0.8669975092 -0.0392835961
866.59166 11.3918812773896 0.8669975092 -0.0503674309
766.53813 10.6408584802938 0.8722913870 0.0671669490
922.84333 19.9170818205574 0.8722913870 0.0000000000
650.64457 18.6323604040323 0.8722913870 -0.0169877412
826.67666 15.9411548377082 0.8722913870 -0.3455485091
772.58508 15.071718443991 0.8722913870 -0.2119785883
732.44573 3.9558180703373 0.8719723225 31.1921566334
882.62296 13.2721389221678 0.8769522051 -0.0017963111
948.89537 21.406196054594 0.8775697051 -0.0296643263
662.64457 17.870110823799 0.8775697051 0.0422214888
926.81712 20.8231705070098 0.8775697051 0.0121470128
652.55107 16.1077760555979 0.8775697051 -26.4928792019
866.78073 19.4648205694529 0.8775697051 0.1860049381
892.60731 11.4788278968874 0.8769522051 0.0145234038
740.63401 20.5689674938009 0.8828534722 -1.5218780294
810.68175 16.6437867142649 0.8828534722 0.0626070693
854.59166 10.8790042287516 0.8819369628 -0.0917676771
888.80147 19.8628934003178 0.8828534722 0.0000000000
766.53923 12.707427916444 0.8819369628 0.0418685146
826.56036 8.89322465729424 0.8869264013 0.0124920340
866.81712 21.1917113644046 0.8881424566 -0.0316483227
828.56250 7.70033268976266 0.8919203255 -0.1776345114
782.65045 15.1582073084874 0.8987351475 -0.0676343340
930.84842 21.0342588558108 0.8987351475 0.0019739512
630.50920 10.3275777366483 0.8987351475 -0.1904177585
818.72322 19.9347146472392 0.8987351475 -0.0103282656
668.63401 21.1877234383072 0.8987351475 -0.0228196231
790.56036 9.58067464557815 0.9019208480 -0.0371035623
632.52485 12.2504468890402 0.9040383873 0.0000000000
972.89537 21.2939994107217 0.9040383873 0.0110379276
762.50793 8.91601757017107 0.9069270537 -0.0244893137
616.36200 3.22359374491745 0.9069270537 0.0000000000
773.65310 17.2781521674756 0.9093459112 -0.0130586984
638.64457 18.5261975271008 0.9093459112 0.0101864287
848.77017 18.1875551675254 0.9093459112 -3.6278822410
792.55378 12.2489819937957 0.9146574843 -0.1475527078
778.53813 11.0364371463682 0.9146574843 0.0038417378
638.57180 16.4073643619277 0.9146574843 -0.1142588343
664.38313 3.46430112791016 0.9219670821 0.0041904424
822.55019 8.15084487162761 0.9219670821 -0.0417706133
822.55019 8.15084487162761 0.9219670821 -0.0417706133
806.72322 19.2355055086854 0.9199728714 0.0000000000
804.51850 11.3263225046212 0.9219670821 0.0000000000
766.53573 10.1042840974005 0.9199728714 0.0699248871
880.73887 19.9132617818535 0.9252918365 -0.0187490712
648.62892 17.7893797949017 0.9252918365 -0.1591246656
718.53813 12.6119143033882 0.9252918365 0.0000000000
858.59833 11.798831533089 0.9252918365 -0.0575840045
806.56943 8.24593676582157 0.9306141433 0.1734896633
718.53813 12.5773093985538 0.9306141433 -0.1297514798
978.84842 20.8363407855246 0.9306141433 0.1698453453
760.64497 18.3896311393913 0.9306141433 -0.0480999722
818.72322 20.0338848425105 0.9306141433 0.0072123213
664.41951 3.30834380407739 0.9320096305 1.1441375107
780.70866 18.8798975705685 0.9370350676 0.3396292149
911.56551 9.50308592837286 0.9420630142 0.0970765616
752.55887 14.0124081160384 0.9412678341 -0.0506535483
912.57601 7.65674305910021 0.9420630142 0.0165279379
808.70248 18.1216121349425 0.9412678341 -0.0440399565
863.56551 11.1939219766798 0.9420630142 -0.0698311284
920.77017 20.2206750068248 0.9465987433 -0.0261260736
768.55488 13.6632194275774 0.9470932707 -0.2184522807
868.60731 12.0187943927317 0.9470932707 -0.0103120212
892.73887 19.9859357963146 0.9519320446 -0.0937375067
862.78582 20.0472493350856 0.9519320446 0.2459486503
617.51395 16.2934649041849 0.9572674996 -0.0126894184
878.59166 10.3264429958715 0.9571599132 -0.0102886269
664.66022 18.8590914128475 0.9626048698 -0.0160946318
836.77017 20.0263596233108 0.9626048698 -0.0663532274
738.66062 18.845843684782 0.9626048698 0.0000000000
664.66022 19.0291120692078 0.9626048698 -0.0057081664
894.75452 19.8568965973651 0.9679439164 0.1020111674
606.50920 11.3664559785921 0.9732844002 -1.9372730727
536.50482 11.9927273865675 0.9722721950 -0.0440426195
974.91102 21.1054190039006 0.9732844002 -0.0372210558
906.84842 21.2989558922693 0.9786260821 0.0363424478
878.81712 21.2157968899821 0.9786260821 0.0255575974
758.53305 9.56620509239456 0.9839687226 0.0000000000
752.67627 19.7364073030962 0.9839687226 0.0251026170
664.38313 3.84527286284107 0.9823529191 0.0267684476
890.81712 21.012173390491 0.9839687226 -0.0752359510
690.61836 20.7653896034918 0.9893120822 -0.0515263797
790.53923 12.0710857916984 0.9924364619 0.1167158240
736.49228 8.51287416030218 0.9974787871 -0.0405230158
904.76000 17.7429242930023 1.0000000000 0.0000000000
816.57491 6.54104460144424 1.0000000000 0.0000000000
