"m.z" "r.t" "p.value" "t.score"
633.50646 17.0899299089191 0.0000000001 0.0000000000
911.56200 10.3169881981364 0.0000000005 0.0000000000
592.56632 15.263897634046 0.0000000004 0.0000000000
742.53573 10.0062373355179 0.0000000006 0.0000000000
892.60621 14.269776412408 0.0000000006 0.0000000000
914.58816 11.4549287797669 0.0000000004 0.0000000000
886.63203 14.1498379234974 0.0000000004 0.0000000000
756.63480 14.9382181617438 0.0000000005 0.0000000000
878.57531 8.33550877663642 0.0000000006 0.0000000000
886.55926 8.57816991215886 0.0000000004 0.0000000000
844.51231 7.60670784244211 0.0000000003 0.0000000000
844.51231 8.40001784466841 0.0000000006 0.0000000000
902.57531 8.40777597764156 0.0000000004 0.0000000000
902.57531 7.8476288981191 0.0000000006 0.0000000000
812.54361 10.7224346048556 0.0000000005 0.0000000000
670.59802 18.7985306813644 0.0000000001 0.0000000000
912.57251 10.1489104584263 0.0000000004 0.0000000000
648.32719 2.17865509719125 0.0000000005 0.0000000000
798.56435 9.39019550686799 0.0000000006 0.0000000000
886.55686 8.74647435991662 0.0000000004 0.0000000000
540.49864 8.7195918250089 0.0000000006 0.0000000000
449.36254 4.69384636354502 0.0000000004 0.0000000000
1071.00492 21.8021031932053 0.0000000001 0.0000000000
794.56943 9.62792156052975 0.0000000003 0.0000000000
794.56943 9.80425172899345 0.0000000006 0.0000000000
794.56943 10.0512169828038 0.0000000002 0.0000000000
1056.98927 21.7393811083369 0.0000000005 0.0000000000
828.51740 8.78639476467082 0.0000000006 0.0000000000
882.59833 11.2774711133797 0.0000000004 0.0000000000
790.53573 8.61770766977979 0.0000000005 0.0000000000
894.69463 17.26798736618 0.0000000004 0.0000000000
476.27717 1.86263426161962 0.0000000005 0.0000000000
886.62963 14.1753157763862 0.0000000004 0.0000000000
1075.03622 22.2272700293582 0.0000000002 0.0000000000
904.79638 19.6350400633875 0.0000000002 0.0000000000
886.55686 9.77556956966247 0.0000000006 0.0000000000
828.61130 11.736746831848 0.0000000001 0.0000000000
827.66367 13.4443841781333 0.0000000004 0.0000000000
774.66062 18.9367944515235 0.0000000005 0.0000000000
890.65632 11.3010359829542 0.0000000005 0.0000000000
904.60621 15.7121643288585 0.0000000005 0.0000000000
686.55655 8.93954766289255 0.0000000004 0.0000000000
774.66062 19.10110760512 0.0000000005 0.0000000000
972.73457 15.9008881752571 0.0000000004 0.0000000000
838.55686 11.6489497894507 0.0000000008 0.0000000000
796.66610 15.453594050896 0.0000000007 0.0000000000
828.70757 19.682232899643 0.0000000008 0.0000000000
992.77017 19.6172518313539 0.0000000007 0.0000000000
796.66610 15.6209886249695 0.0000000008 0.0000000000
878.57531 8.00328355330391 0.0000000008 0.0000000000
826.59565 5.41358206450525 0.0000000008 0.0000000000
970.87972 21.3626190675767 0.0000000007 0.0000000000
970.84333 20.787414113719 0.0000000008 0.0000000000
842.66333 16.4569772072823 0.0000000007 0.0000000000
828.70757 19.5893528903648 0.0000000009 0.0000000000
790.65553 16.0535794870784 0.0000000009 29.1931795855
886.55686 9.91590302768569 0.0000000009 0.0000000000
812.54361 8.69583647723979 0.0000000009 0.0000000000
998.91102 21.3514110167093 0.0000000010 0.0000000000
892.60621 14.1193307211879 0.0000000010 0.0000000000
720.66531 20.8553086450585 0.0000000010 0.0000000000
843.70723 18.4689944607603 0.0000000010 0.0000000000
864.70757 19.3124897141101 0.0000000010 0.0000000000
864.70757 19.1255593728647 0.0000000012 0.0000000000
914.58816 12.1295437681812 0.0000000012 0.0000000000
776.63988 15.4470356803124 0.0000000012 0.0000000000
935.76743 19.7157583960086 0.0000000012 0.0000000000
950.81712 20.1666057797395 0.0000000012 0.0000000000
538.51937 12.6347754672218 0.0000000013 0.0000000000
645.56051 18.3142285392967 0.0000000013 0.0000000000
838.55926 5.56502084678931 0.0000000013 32.2587638101
836.54361 9.52829618383562 0.0000000013 0.0000000000
864.70757 19.5347191991189 0.0000000014 0.0000000000
902.74435 17.6365384225453 0.0000000014 32.5010672477
838.55926 5.42834274301472 0.0000000014 32.4887434208
936.76508 19.1179883382877 0.0000000034 2.9156685027
634.61327 17.6319395883584 0.0000000034 4.3368439133
864.76508 18.5487957679309 0.0000000025 0.0000000000
862.74943 18.3761521168708 0.0000000020 0.0000000000
828.55966 9.00662114892922 0.0000000034 32.8270938155
502.29282 2.42363161790282 0.0000000020 0.0000000000
970.87972 21.0948246984237 0.0000000028 0.0000000000
796.54870 6.73042125074951 0.0000000034 0.0000000000
798.52796 10.0199104253459 0.0000000034 6.4492495652
694.59802 17.7874457901788 0.0000000031 0.0000000000
754.65553 17.7675590795001 0.0000000025 1.6120912443
1035.00492 22.09824741533 0.0000000034 2.0030487432
932.73378 18.7780916692925 0.0000000034 4.6955973739
832.70248 17.9104454003649 0.0000000034 5.5038252215
884.73378 18.1777721222614 0.0000000034 4.8831487415
832.70248 17.6077147587415 0.0000000034 4.3648915074
800.52008 7.00529186720658 0.0000000034 3.4691545742
884.73378 18.2921117320691 0.0000000034 4.2843652415
694.63440 18.598961260615 0.0000000034 5.3221345261
936.76508 18.5186099282481 0.0000000034 5.3267955370
744.66531 20.9369401257098 0.0000000034 6.4503154698
902.74435 17.2563816857018 0.0000000034 32.9042641255
946.71892 15.6794470700887 0.0000000034 4.1007360659
794.56943 9.22258334352286 0.0000000022 0.0000000000
593.51395 14.7986388488556 0.0000000034 3.7317059498
1068.98927 21.7209722491142 0.0000000031 0.0000000000
1099.03622 22.0229615972476 0.0000000016 0.0000000000
544.45717 10.6548749156376 0.0000000022 34.3476140784
650.64457 18.2046555342791 0.0000000031 0.0000000000
620.59762 16.4863827907993 0.0000000034 3.7988959045
927.61096 14.2420765502054 0.0000000034 6.5673032228
572.48847 12.7974983020348 0.0000000022 4.4948166416
750.50443 6.90835286677073 0.0000000034 4.1625848654
822.56435 7.46586625635427 0.0000000025 0.0000000000
910.74943 17.7345957013036 0.0000000034 5.2847512561
512.46734 6.90917724543291 0.0000000034 4.1992966527
572.48847 13.085586598735 0.0000000028 34.1336493339
936.82260 19.8146090045997 0.0000000034 31.8515809349
842.62695 9.03822113025416 0.0000000028 0.0000000000
872.58000 10.9374339665835 0.0000000034 4.7411326542
881.68650 17.4836337700889 0.0000000025 0.0000000000
881.68650 17.350154695584 0.0000000031 0.0000000000
864.64768 14.4603596661296 0.0000000034 2.8435020802
955.77251 20.9201143944706 0.0000000034 32.8647737062
826.59565 6.30493958316165 0.0000000020 0.0000000000
1106.75610 13.4691689992642 0.0000000034 5.6841755356
1040.95797 21.0951352585558 0.0000000034 5.5203972434
666.53033 6.64359598509578 0.0000000031 0.0000000000
906.71813 16.7899063087552 0.0000000034 5.4929181939
956.79130 19.4535207201066 0.0000000025 0.0000000000
872.57759 11.4901192517225 0.0000000034 4.9872721494
1054.97362 21.6374852635058 0.0000000031 0.0000000000
1040.95797 21.5668988741834 0.0000000034 5.1192326192
860.54361 7.08624726430884 0.0000000022 0.0000000000
768.55138 8.9843632360349 0.0000000034 2.9769590366
682.64966 21.2037438795692 0.0000000034 4.4578628610
803.66367 7.49280608940534 0.0000000034 4.4036597544
838.55926 11.5171097840673 0.0000000034 6.4788710937
878.56943 7.3036778221345 0.0000000034 6.1715371546
838.55926 11.9920506155625 0.0000000034 4.9953260811
878.58816 12.7629630372409 0.0000000034 0.0000000000
736.49118 7.95376324806415 0.0000000034 3.2856935305
814.50175 8.28706860620359 0.0000000034 0.0000000000
942.81203 20.1232368911019 0.0000000034 3.8008404776
942.81203 19.4462315033979 0.0000000031 32.8081272902
862.62502 9.24482835869706 0.0000000031 0.0000000000
780.51740 7.52666946501343 0.0000000031 0.0000000000
642.56672 17.8943152494222 0.0000000031 0.0000000000
826.63203 10.8441037589627 0.0000000034 0.0000000000
780.67118 19.0957418247026 0.0000000034 3.2767039188
908.73378 17.5335121646671 0.0000000034 4.3140354157
878.61994 8.43416308088934 0.0000000034 6.0158403610
538.48299 6.64984389580239 0.0000000034 29.4134402743
763.63876 17.9344687427686 0.0000000020 32.7141847029
682.64966 21.2500256419296 0.0000000034 4.3777672580
918.68762 13.7460953575189 0.0000000034 0.0000000000
796.73887 19.7977855137768 0.0000000034 0.0000000000
798.52556 9.96851421522603 0.0000000034 6.1347137195
838.55926 6.97461568849113 0.0000000016 32.7967259183
932.79130 17.8258773830643 0.0000000034 32.4632049103
564.53502 13.016760221587 0.0000000034 0.0000000000
760.64497 17.9993307313395 0.0000000034 3.3616844062
880.76000 18.8551280257099 0.0000000025 31.8384998454
866.66333 16.1311032822682 0.0000000034 3.6396189043
888.64528 15.1423347059567 0.0000000034 4.8047110989
842.56943 9.99018256168592 0.0000000034 6.7053621589
808.66610 15.2926862036791 0.0000000034 32.8449165695
788.52248 8.630284343459 0.0000000034 4.0147420177
782.72322 19.5597745781931 0.0000000018 0.0000000000
884.73378 17.9493702637135 0.0000000034 4.7054840172
826.71305 17.9751998039885 0.0000000034 5.7694890304
813.69426 20.5201278422302 0.0000000034 0.0000000000
826.59565 6.61402762876569 0.0000000018 0.0000000000
838.55926 5.74322668110538 0.0000000031 32.8176740604
938.78073 19.4082545818847 0.0000000034 4.8564628586
838.55926 5.90826679290631 0.0000000020 7.5777470325
838.55926 6.29566271833174 0.0000000028 32.7857276234
524.50372 11.3822844500956 0.0000000034 0.0000000000
904.59096 7.68094156461773 0.0000000022 0.0000000000
838.55926 5.06340574600331 0.0000000018 0.0000000000
854.62695 11.710716483512 0.0000000038 0.0000000000
664.58745 16.9059194033 0.0000000038 0.0000000000
740.63401 20.5689674938009 0.0000000038 32.1618828510
824.61638 11.9954974542944 0.0000000038 5.9265151202
730.54050 11.6714273823859 0.0000000042 2.8693765519
1008.89537 21.3493391355033 0.0000000042 5.3398427982
820.54870 7.51647340501577 0.0000000042 0.0000000000
942.81203 19.2286735879301 0.0000000042 32.7363695363
674.64457 17.6769971067008 0.0000000042 0.0000000000
832.70248 18.9964478641512 0.0000000042 2.8813132275
942.81203 20.5328877850625 0.0000000047 32.8195209439
836.54361 5.89059209797699 0.0000000047 0.0000000000
808.70248 19.7207297847253 0.0000000052 2.8758520987
919.73613 19.1677797138039 0.0000000052 4.8088308412
634.61327 17.2609706958659 0.0000000052 3.0179303502
644.59762 15.2198626568904 0.0000000052 0.0000000000
624.55615 15.2359536765845 0.0000000052 0.0000000000
634.61327 17.046546987421 0.0000000052 4.6687532207
996.64655 6.94142941247537 0.0000000052 0.0000000000
694.63440 18.3553007082915 0.0000000052 5.0409704293
746.68096 21.2352965492086 0.0000000052 0.0000000000
622.54050 14.2298657740344 0.0000000052 0.0000000000
692.61875 17.6306018998363 0.0000000052 4.9920145663
521.42005 4.56245991383664 0.0000000052 3.6810630251
972.85898 20.1777156725036 0.0000000052 0.0000000000
831.63745 12.3309298603856 0.0000000052 4.5601199467
776.58000 9.99120757874444 0.0000000058 0.0000000000
940.60621 12.272387208172 0.0000000058 1.9779863322
832.70248 19.1785617031494 0.0000000058 2.9242247434
798.56435 7.74104100674684 0.0000000058 0.0000000000
642.56672 17.3170901896051 0.0000000058 0.0000000000
552.53502 13.5982849335961 0.0000000058 0.0000000000
940.60381 12.0061833729497 0.0000000058 1.9565944038
642.56672 17.5627122923697 0.0000000058 0.0000000000
974.87463 20.3029731425367 0.0000000058 0.0000000000
608.52485 12.9131676509597 0.0000000064 0.0000000000
971.70991 19.4800049739226 0.0000000064 0.0000000000
598.54050 15.5084030975704 0.0000000064 3.4534574208
808.66610 15.0654361565242 0.0000000064 6.9624060945
838.69192 18.8158373469008 0.0000000064 4.1744932027
774.60073 16.2362152812099 0.0000000064 3.4843138139
1134.78740 15.346940214106 0.0000000064 0.0000000000
892.60381 14.3065056849868 0.0000000064 3.5725049466
798.52906 7.04077675779076 0.0000000062 0.0000000000
822.56194 7.2826229910224 0.0000000070 0.0000000000
992.86407 20.3242270711278 0.0000000070 0.0000000000
764.67627 18.9609767038825 0.0000000070 0.0000000000
818.56703 10.0990382757739 0.0000000070 3.5287059351
745.62180 16.1458603866542 0.0000000070 0.0000000000
848.61638 11.5896624503375 0.0000000070 0.0000000000
650.57180 15.9704632345045 0.0000000070 0.0000000000
838.69192 19.1221229252974 0.0000000070 2.7543975705
790.53813 12.8512910956349 0.0000000070 0.0000000000
832.70248 19.3221789584865 0.0000000070 3.1104853704
890.72322 19.6916151495635 0.0000000070 3.8422771915
1000.92667 21.7006674697822 0.0000000070 3.5017234525
1024.67785 8.65224253047407 0.0000000070 3.6573377544
668.54598 7.98467547530437 0.0000000078 0.0000000000
826.53573 8.05664216501058 0.0000000078 0.0000000000
860.54361 8.38474410173571 0.0000000078 0.0000000000
906.60661 10.9954806200241 0.0000000078 0.0000000000
1132.77175 13.3299254915796 0.0000000078 0.0000000000
1002.94232 21.625995387222 0.0000000078 0.0000000000
1149.88206 11.9145627667086 0.0000000086 0.0000000000
970.71892 14.152363837516 0.0000000086 0.0000000000
953.75686 20.4907993543649 0.0000000095 0.0000000000
914.58816 10.9428386356678 0.0000000095 0.0000000000
806.56242 5.8302685831104 0.0000000095 3.1874737796
762.50683 8.7867781831381 0.0000000095 0.0000000000
796.54629 7.98897680006058 0.0000000095 0.0000000000
744.59254 17.5258161752218 0.0000000095 0.0000000000
670.63440 18.5185223829866 0.0000000095 3.1404981692
1008.89537 21.1674514292546 0.0000000095 4.0073528534
822.56435 8.43735291513157 0.0000000095 0.0000000000
780.67118 18.9099025139418 0.0000000095 2.9790583222
692.52248 12.0416949597893 0.0000000095 0.0000000000
1026.94232 21.4520957667081 0.0000000095 0.0000000000
780.52901 7.25572502669142 0.0000000104 0.0000000000
1004.86407 21.0179301694015 0.0000000104 0.0000000000
946.84333 20.1393152901222 0.0000000104 0.0000000000
678.47045 4.03781475879018 0.0000000104 29.3992265318
620.59762 16.7396977575606 0.0000000104 3.0832789091
672.54090 8.20773676598412 0.0000000115 0.0000000000
834.71813 19.7024842141707 0.0000000115 3.5898865151
754.53813 9.88018527485945 0.0000000115 4.7430428232
1108.77175 15.1342740346312 0.0000000115 0.0000000000
890.72322 19.3382342296112 0.0000000115 3.3403628804
796.70248 18.7920251571022 0.0000000115 0.0000000000
1022.66220 7.16196778049472 0.0000000115 0.0000000000
860.61638 10.814572123533 0.0000000127 0.0000000000
776.52248 7.23964423955735 0.0000000127 0.0000000000
790.59565 10.1741571526494 0.0000000127 0.0000000000
762.50443 8.7639163553579 0.0000000127 0.0000000000
792.48101 7.38003461304003 0.0000000127 0.0000000000
946.84333 20.3755432478324 0.0000000127 0.0000000000
582.50920 12.7753852773845 0.0000000127 2.9010392665
1089.05187 22.2640553517993 0.0000000139 0.0000000000
618.58197 16.8515136611189 0.0000000139 0.0000000000
568.56632 15.451306688055 0.0000000139 0.0000000000
890.72322 19.4435201936027 0.0000000139 2.6199048623
848.54361 10.047191338987 0.0000000139 0.0000000000
1000.92667 21.0634287715864 0.0000000139 32.5465447884
660.55615 14.1730374212904 0.0000000139 0.0000000000
818.49666 7.64414006691952 0.0000000139 0.0000000000
712.64497 18.7308969181232 0.0000000153 2.6690088873
834.71813 19.5884635380838 0.0000000153 3.2954513697
770.56943 12.3151054857801 0.0000000153 0.0000000000
770.56943 13.1877330009195 0.0000000153 0.0000000000
956.77017 19.9634717117313 0.0000000153 0.0000000000
868.73887 19.5012183316609 0.0000000153 3.7557307905
891.70483 18.8863638533251 0.0000000153 0.0000000000
816.55138 9.00539700019513 0.0000000153 0.0000000000
885.54635 7.7713487642378 0.0000000153 0.0000000000
831.63745 12.5092239702787 0.0000000153 5.5558523783
804.61130 11.6613723077388 0.0000000153 0.0000000000
690.60310 16.8133125031881 0.0000000153 0.0000000000
752.52008 7.93427582991434 0.0000000168 0.0000000000
818.56943 10.6752780889912 0.0000000168 2.5048919203
862.63203 11.9512535006425 0.0000000185 0.0000000000
1097.02057 21.8577031791158 0.0000000185 0.0000000000
930.75452 19.5970339347887 0.0000000185 0.0000000000
889.57765 10.2944029330796 0.0000000185 0.0000000000
916.73887 19.687053728927 0.0000000185 2.7371087962
1136.80305 16.5401036363083 0.0000000185 0.0000000000
664.60271 20.6638709867292 0.0000000185 2.7485242477
742.53573 12.0805817474551 0.0000000203 0.0000000000
893.72048 18.9673373341336 0.0000000203 0.0000000000
753.59050 8.67537806258626 0.0000000203 0.0000000000
806.68683 17.5470926919131 0.0000000203 0.0000000000
592.49355 4.9402285411521 0.0000000222 0.0000000000
836.54361 6.69187420605594 0.0000000222 0.0000000000
796.54870 7.97134259044364 0.0000000222 0.0000000000
742.53813 12.0213414389539 0.0000000222 0.0000000000
826.53573 7.43053805823641 0.0000000222 0.0000000000
691.66098 19.8595490829256 0.0000000237 0.0000000000
916.79638 18.7577446168061 0.0000000267 0.0000000000
834.52796 7.92853126333138 0.0000000267 0.0000000000
918.81203 19.3009013520459 0.0000000292 32.8105198467
906.75452 20.0215279646577 0.0000000292 3.6233543222
652.58745 16.9354448595998 0.0000000292 0.0000000000
830.56703 9.26299199256904 0.0000000320 0.0000000000
750.50683 8.87963413499846 0.0000000320 0.0000000000
624.32719 2.37772744078826 0.0000000320 0.0000000000
582.50920 12.5131635258936 0.0000000320 5.1794536105
788.52248 10.6156606168787 0.0000000320 0.0000000000
942.84842 21.2651997878172 0.0000000320 0.0000000000
838.69192 19.2785591862241 0.0000000320 6.3602921359
666.63949 17.0532694771335 0.0000000320 0.0000000000
880.73887 19.154743256211 0.0000000350 0.0000000000
808.70248 19.53252474725 0.0000000350 2.9639670783
860.61638 10.4766470056212 0.0000000350 0.0000000000
626.34284 3.15904989717205 0.0000000350 0.0000000000
1134.78740 15.0179941635531 0.0000000350 0.0000000000
956.73251 18.2063702884559 0.0000000359 31.1373757496
774.52906 7.87181094106 0.0000000359 0.0000000000
762.50443 8.17792824107983 0.0000000382 0.0000000000
557.45644 4.03606346915314 0.0000000382 0.0000000000
805.62180 10.0358196364818 0.0000000382 0.0000000000
820.51231 9.20583662612468 0.0000000456 0.0000000000
900.61130 13.3894818630432 0.0000000456 0.0000000000
762.50683 8.17303562964144 0.0000000456 0.0000000000
860.54121 8.2015241960463 0.0000000456 0.0000000000
902.78073 19.570113456069 0.0000000498 0.0000000000
836.67627 18.6357788846501 0.0000000498 0.0000000000
686.57180 15.9654149812827 0.0000000498 0.0000000000
938.81712 19.8425766580366 0.0000000498 2.2347705462
790.65553 16.5310349134248 0.0000000498 0.0000000000
907.77251 26.3700618026339 0.0000000498 0.0000000000
690.60310 16.9847488289727 0.0000000543 0.0000000000
808.73887 19.6163037534519 0.0000000543 0.0000000000
790.69192 18.9613743988494 0.0000000543 4.0270869528
953.75686 20.3308731897674 0.0000000543 0.0000000000
778.53573 8.83688841170851 0.0000000543 1.3406717590
857.51856 6.78720399650259 0.0000000571 3.7912427601
783.63745 12.5822459095545 0.0000000592 0.0000000000
783.45714 2.98186299648712 0.0000000592 0.0000000000
860.54361 9.05982176456638 0.0000000592 0.0000000000
624.55615 15.5823917350051 0.0000000592 0.0000000000
860.61398 12.8436534231233 0.0000000592 0.0000000000
842.66333 16.0335957915798 0.0000000592 0.0000000000
716.56711 9.64189199345199 0.0000000645 0.0000000000
748.54870 7.53976224564786 0.0000000645 0.0000000000
820.54870 9.30071755361875 0.0000000645 0.0000000000
575.46700 5.38680386869267 0.0000000702 0.0000000000
1002.84842 20.7777363196825 0.0000000702 0.0000000000
819.58980 10.106011857773 0.0000000765 29.9679165423
824.54361 10.7181607840464 0.0000000832 0.0000000000
822.56435 6.98915339023115 0.0000000905 0.0000000000
738.66062 18.845843684782 0.0000000905 0.0000000000
798.56435 7.40936832634803 0.0000000905 0.0000000000
860.54121 8.65870550996592 0.0000000984 0.0000000000
771.63745 16.0121158351908 0.0000000984 0.0000000000
754.53813 8.19847468907275 0.0000000984 0.0000000000
606.28375 2.14189733332432 0.0000001047 0.0000000000
860.61398 14.0406008432365 0.0000001069 0.0000000000
670.64966 21.4265644864745 0.0000001069 0.0000000000
876.57601 8.19824993908171 0.0000001157 0.0000000000
743.60615 14.7694142748399 0.0000001161 0.0000000000
886.74943 18.4161279046149 0.0000001161 0.0000000000
948.85898 20.3127156013115 0.0000001260 0.0000000000
670.59802 17.678965354013 0.0000001260 0.0000000000
734.47663 7.85423995381365 0.0000001278 0.0000000000
812.66101 15.4849345277848 0.0000001367 31.0284533407
884.54121 8.56678313424988 0.0000001367 0.0000000000
916.73887 19.4646229304789 0.0000001367 2.3547154774
536.50372 10.509208423509 0.0000001367 0.0000000000
800.66101 16.0513020085876 0.0000001367 0.0000000000
836.54361 5.56437474523934 0.0000001483 0.0000000000
782.53415 13.6397363078019 0.0000001558 0.0000000000
871.53421 8.44473902873824 0.0000001558 30.7662267883
916.60381 13.4903661896687 0.0000001607 0.0000000000
888.76508 18.4553307275951 0.0000001607 0.0000000000
819.63745 13.1161312191406 0.0000001742 0.0000000000
884.54361 8.41095632218902 0.0000001742 0.0000000000
610.50412 4.24553244043687 0.0000001887 0.0000000000
995.89771 21.7376585462497 0.0000001887 0.0000000000
834.75452 19.8122443409182 0.0000001887 0.0000000000
793.55889 8.66615893672386 0.0000001887 0.0000000000
888.76508 18.2461233448749 0.0000001887 0.0000000000
1077.05187 22.3149972740452 0.0000002043 0.0000000000
814.53813 12.2523247458168 0.0000002043 0.0000000000
661.52790 9.69447754506992 0.0000002043 0.0000000000
944.82768 20.8102044715988 0.0000002043 0.0000000000
580.49355 11.105666543637 0.0000002211 0.0000000000
791.61366 12.3881898744884 0.0000002211 0.0000000000
781.63166 19.5054389752395 0.0000002211 0.0000000000
866.72322 19.7874246248282 0.0000002211 0.0000000000
728.60350 12.3703602829537 0.0000002211 0.0000000000
678.56672 16.2927558222061 0.0000002211 0.0000000000
678.56672 16.431549127195 0.0000002211 0.0000000000
800.54361 11.5977043071417 0.0000002391 0.0000000000
645.54525 17.326768853654 0.0000002391 3.2257223517
626.57180 16.9606438751328 0.0000002391 0.0000000000
913.74910 19.302198557412 0.0000002391 0.0000000000
838.78582 20.3699000055068 0.0000002391 0.0000000000
918.75452 19.1835581393877 0.0000002391 0.0000000000
866.81712 20.6864549321464 0.0000002586 0.0000000000
766.50175 8.15633711614708 0.0000002586 0.0000000000
694.64966 20.9081246444429 0.0000002586 0.0000000000
752.52008 8.38462031932374 0.0000002586 0.0000000000
561.48883 13.1581818237378 0.0000002669 0.0000000000
1036.92667 21.2203718984661 0.0000002795 0.0000000000
974.75022 16.9362575111927 0.0000003020 0.0000000000
866.72322 19.9644538148942 0.0000003020 0.0000000000
769.62180 14.6479309917326 0.0000003020 0.0000000000
736.49228 7.94913734105586 0.0000003086 0.0000000000
926.81712 19.9961071843996 0.0000003521 2.5732852530
690.50683 10.2633397689426 0.0000003521 0.0000000000
690.50683 10.254350732483 0.0000003521 0.0000000000
804.51850 11.3263225046212 0.0000003566 0.0000000000
908.77017 20.2589387360271 0.0000003800 0.0000000000
862.63203 12.2833803435442 0.0000003800 0.0000000000
690.50683 10.2541770466429 0.0000003800 0.0000000000
666.56672 16.7917730699918 0.0000003800 0.0000000000
834.75452 19.623617780153 0.0000003800 0.0000000000
1034.91102 21.6242738234341 0.0000004099 0.0000000000
842.70796 17.4882012477371 0.0000004099 0.0000000000
714.50683 8.93825499182348 0.0000004099 0.0000000000
680.41443 3.78815629557579 0.0000004319 3.4585476003
812.52008 12.5446320617231 0.0000004420 0.0000000000
806.72322 19.2355055086854 0.0000004764 0.0000000000
860.54121 8.47092903531008 0.0000004764 0.0000000000
684.55615 13.7310499656203 0.0000005134 0.0000000000
932.62226 10.990910959421 0.0000005134 2.2485074615
358.29628 3.67315702398483 0.0000005224 0.1608274793
970.78582 20.0961155933915 0.0000005529 0.0000000000
754.69192 18.9316579655695 0.0000005953 31.3891768959
281.24860 4.55722166813514 0.0000006310 0.9051921086
862.63203 13.9793865361005 0.0000006408 0.0000000000
755.60615 12.6154342502388 0.0000006408 0.0000000000
678.56672 15.9855257875705 0.0000006894 0.0000000000
848.61638 12.4766974271809 0.0000006894 0.0000000000
718.64966 20.9885479032109 0.0000007415 0.0000000000
666.60310 16.3950706417439 0.0000007972 0.0000000000
910.55926 9.20945876592457 0.0000008568 0.0000000000
628.35849 3.85206451276393 0.0000009205 0.0000000000
852.55138 7.82364064179835 0.0000009205 0.0000000000
858.71813 19.3689287705758 0.0000010614 0.0000000000
900.55966 7.26078663209715 0.0000010614 0.0000000000
994.78582 19.7892142749866 0.0000010614 0.0000000000
1101.05187 22.1911342757731 0.0000011392 0.0000000000
972.80147 20.1841074795638 0.0000011392 0.0000000000
772.54870 7.78099368630519 0.0000011392 0.3537433783
826.53573 7.74611818368022 0.0000011392 0.0000000000
858.71813 19.1482565223238 0.0000013109 0.0000000000
616.36200 3.22359374491745 0.0000013263 0.0000000000
786.52906 9.54781366597177 0.0000013884 0.0000000000
805.62180 11.9884327858594 0.0000017290 0.0000000000
694.64966 20.9714780654114 0.0000017290 0.0000000000
824.54471 12.6215207088815 0.0000018238 0.0000000000
754.69192 18.7537397440771 0.0000018514 31.2433310922
539.43062 4.05616896686207 0.0000019818 0.0000000000
714.60310 16.4127143615306 0.0000019818 0.0000000000
279.23295 3.97452791301577 0.0000020881 0.6621650153
913.74910 19.1360211597815 0.0000021208 0.0000000000
913.74910 19.0395013049888 0.0000022687 0.0000000000
608.59762 17.1278515911952 0.0000022687 0.0000000000
794.56943 13.8108287014337 0.0000024262 0.0000000000
610.50412 4.10610576732975 0.0000025939 0.0000000000
906.81203 19.9086914544665 0.0000025939 0.0000000000
964.83277 20.4689942462704 0.0000027723 0.0000000000
662.57180 16.0205121754695 0.0000027723 0.0000000000
808.66610 17.3130593589511 0.0000027723 0.0000000000
1023.92901 21.8985576701038 0.0000029620 0.0000000000
770.56943 14.0563745517994 0.0000031638 0.0000000000
660.55615 15.3663824574461 0.0000031638 0.0000000000
658.54050 14.1221329561315 0.0000033783 0.0000000000
742.53813 7.9032488405802 0.0000036063 0.0000000000
255.23295 4.44104822206778 0.0000042454 0.4772420076
812.54361 5.4848494774895 0.0000046690 0.0000000000
835.53311 7.87810370052952 0.0000046690 0.0000000000
916.60381 13.1587670191815 0.0000049768 0.0000000000
682.54050 12.2558316489976 0.0000049768 0.0000000000
700.48878 7.51491353390292 0.0000053034 0.0000000000
598.50412 13.7863523370105 0.0000056498 0.0000000000
892.79638 19.2859606993813 0.0000060171 0.0000000000
558.47282 19.3047972289926 0.0000064066 0.0000000000
842.70796 17.694879108752 0.0000064066 0.0000000000
820.51341 5.60057732510117 0.0000065465 0.0000000000
854.53305 8.8617910459713 0.0000068193 30.2099006749
886.78582 19.9591459073843 0.0000068193 2.8252104998
820.51231 8.44617022668243 0.0000072567 0.0000000000
812.54361 5.61346600504397 0.0000077199 0.0000000000
652.55107 15.7972972243683 0.0000087300 0.0000000000
854.72322 19.9405815392757 0.0000104772 0.0000000000
795.63745 17.2437848228664 0.0000104772 0.0000000000
770.65045 17.6273221834902 0.0000111283 2.5296940486
766.53813 7.65739773700549 0.0000118167 0.0000000000
641.51395 15.1740289860443 0.0000125445 1.2603741103
688.58745 16.0393490043176 0.0000133136 0.0000000000
677.64533 19.6289636219167 0.0000145831 0.0000000000
932.77017 19.8525281248487 0.0000158914 0.0000000000
687.55341 17.9907817872888 0.0000158914 0.0000000000
942.84842 20.9329945481314 0.0000158914 0.0000000000
687.55341 17.9772641607232 0.0000158914 0.0000000000
848.54361 10.4299192267077 0.0000189255 0.0000000000
908.79130 18.9241115323477 0.0000189255 0.0000000000
742.64966 20.5986169077755 0.0000189255 0.0000000000
964.83277 20.746725863282 0.0000200506 0.0000000000
605.47516 15.2824436412883 0.0000200506 0.0000000000
940.83277 21.0017683424938 0.0000200506 0.0000000000
686.57180 14.8685647194608 0.0000212374 0.0000000000
624.29431 3.21329177627375 0.0000219744 2.9307638005
662.57180 15.5908266441928 0.0000224889 0.0000000000
748.64497 18.8205068382173 0.0000224889 0.0000000000
662.57180 15.4290186726661 0.0000238085 0.0000000000
874.55926 7.78244762153085 0.0000251994 0.0000000000
886.78582 19.6966578494945 0.0000251994 2.4262222363
686.57180 15.4507181641884 0.0000266652 0.0000000000
684.55615 14.0212976895966 0.0000266652 0.0000000000
852.76508 19.5195850782149 0.0000266652 0.0000000000
982.68955 3.12520071322685 0.0000298363 0.0000000000
866.72322 19.5272690278866 0.0000315494 0.0000000000
742.64966 20.6011187736777 0.0000315494 0.0000000000
778.53813 6.85727614892335 0.0000352518 0.0000000000
779.60615 8.88831180841904 0.0000352518 0.0000000000
878.59166 10.3264429958715 0.0000370037 -0.1600186445
972.80147 20.3421750978582 0.0000372500 0.0000000000
920.77017 19.6194986597358 0.0000393523 2.0996389150
907.53311 7.80151880012668 0.0000415639 32.2904174141
1010.91102 21.3809305163438 0.0000415639 0.0000000000
819.61093 10.7711743305582 0.0000438897 1.4315012109
948.80147 20.0720898335975 0.0000463353 0.0000000000
1004.86407 20.8282943621821 0.0000489061 0.0000000000
1004.86407 20.7677610825149 0.0000489061 0.0000000000
505.42623 9.42082750728656 0.0000506563 31.4569634306
821.66296 19.9192597458782 0.0000516081 0.0000000000
910.78582 19.5903718907248 0.0000544472 0.0000000000
652.55107 16.1077760555979 0.0000574299 0.0000000000
850.56036 7.46523297334516 0.0000591565 1.1459304306
834.71813 18.4029145964906 0.0000605627 0.0000000000
834.71813 18.4485323971623 0.0000605627 0.0000000000
767.60615 12.7337436123045 0.0000605627 0.0000000000
1103.06752 22.3870488232244 0.0000605627 0.0000000000
758.62932 18.4987935386269 0.0000673062 0.0000000000
600.32719 2.9382701936241302 0.0000709315 0.0000000000
932.77017 20.0116510240289 0.0000747359 0.0000000000
824.54361 8.60993483439603 0.0000787277 0.0000000000
600.29431 3.49984980830846 0.0000867005 0.0000000000
1006.87972 20.9550512295005 0.0000873065 0.0000000000
822.52796 7.86313854524781 0.0000873065 0.0000000000
816.57491 6.54104460144424 0.0000919112 0.0000000000
738.50793 10.3223454629904 0.0000935005 0.3138374082
928.59096 9.0351711901142 0.0000967386 0.0000000000
830.55528 7.71586559912584 0.0001008019 0.3006423852
950.68556 15.933915867878 0.0001046514 0.0000000000
819.64731 19.4473886504971 0.0001071005 0.0000000000
890.78073 20.1930690555323 0.0001184745 0.4057416748
970.78345 19.5917473672994 0.0001309495 0.0000000000
979.86641 21.4848472667142 0.0001376294 0.0000000000
752.52248 8.40281504295583 0.0001376294 0.0000000000
906.77565 19.1793709313384 0.0001376294 0.0000000000
580.56632 15.6431414919584 0.0001519374 -2.8258812121
757.62180 15.5650548262963 0.0001519374 4.0386378953
808.73887 19.4789433221002 0.0001595921 -3.3951917300
743.60615 10.5243643238476 0.0001595921 0.0000000000
956.79130 18.2809158884653 0.0001595921 0.0000000000
888.80147 20.0545330641803 0.0001595921 0.0000000000
930.60661 9.55844054400059 0.0001759734 3.3870538948
1006.87972 21.0670194722587 0.0002034521 0.0000000000
970.78582 19.9160094318401 0.0002134512 0.0000000000
804.51740 9.11919690134941 0.0002134512 -28.2182974342
854.72322 19.7196279872418 0.0002134512 0.0000000000
535.47318 12.3276548719111 0.0002257563 0.0000000000
606.50920 11.3664559785921 0.0002348122 27.3938603311
860.54361 5.9976161847069 0.0002581137 3.1092532085
888.70757 19.1638807447092 0.0002581137 3.9945146564
940.73887 19.2568685978849 0.0002705409 0.0000000000
283.26425 5.54413522518662 0.0002697233 0.2702514427
778.53573 9.27395638253587 0.0002705409 0.9444928870
535.47318 12.6725741779396 0.0002998310 0.0000000000
814.63203 12.6613429025469 0.0003111783 0.0000000000
664.58745 16.5915303155701 0.0003111783 0.0000000000
846.52906 7.84948201325996 0.0003105474 0.0000000000
715.58471 19.0322109278503 0.0003412895 2.0721095711
818.53305 10.012809250657 0.0003412895 0.0000000000
837.54986 10.9564082702198 0.0003448874 0.0000000000
800.52248 7.25042467467313 0.0003573219 0.0000000000
942.75452 19.8410686516691 0.0003740388 0.0000000000
951.74121 20.2440568300512 0.0003740388 0.0000000000
790.50175 8.11831765233682 0.0003914663 5.2573683524
718.53813 12.5773093985538 0.0003914663 0.4274163853
780.70757 18.8977527335424 0.0004096314 0.0000000000
856.64260 13.9341442612362 0.0005125256 1.9870922409
826.54401 7.42890087014012 0.0005125256 0.0000000000
758.62932 18.0689527429452 0.0005125256 0.0000000000
828.55138 8.70478008207161 0.0005125256 0.0000000000
766.69192 19.5151673166915 0.0005357325 0.0000000000
740.52248 9.29037375530442 0.0005598913 0.0000000000
632.52485 12.2504468890402 0.0005598913 0.0000000000
481.42514 4.04330644716952 0.0005598913 3.4200058523
960.73457 16.4040791377762 0.0005850369 33.7183051178
910.55686 9.90662773587235 0.0006112048 0.0000000000
844.58508 10.7854915782518 0.0006384320 0.0000000000
640.60271 20.8730521925162 0.0006384320 0.0000000000
996.80147 20.212933606418 0.0006667564 0.0000000000
909.54876 9.52944471960353 0.0007268544 0.0000000000
884.77017 19.3221372557493 0.0007587099 -24.5706509313
966.84842 20.353538437359 0.0007587099 1.6733884690
664.38313 3.84527286284107 0.0008041994 -0.1750494903
914.72322 19.374899610818 0.0008991885 3.1555625093
888.80147 19.8628934003178 0.0008991885 0.0000000000
652.55107 16.4689038839025 0.0009779109 0.0000000000
734.62932 18.0313215530983 0.0010195648 0.0000000000
727.56599 18.2335352367007 0.0010195648 0.0000000000
916.83277 21.2181831868393 0.0010628165 0.0000000000
526.29282 2.29104696651524 0.0010628165 0.0000000000
914.59166 8.74099188690999 0.0011130377 0.2522696334
878.78073 19.6686886948245 0.0011543300 0.0000000000
716.52248 10.5192519460083 0.0012529004 0.3008965968
836.73378 18.2878433172025 0.0012529004 -0.1053253166
740.52248 10.4417155448795 0.0013049792 0.1924425464
782.68683 18.1693132593408 0.0013590021 0.0000000000
922.84333 19.9170818205574 0.0013590021 0.0000000000
714.50793 10.6346404336776 0.0013909244 0.3680199801
812.65514 18.911232777149 0.0014150328 0.0000000000
862.69192 18.8890142787847 0.0014731362 0.0000000000
594.34126 2.51071489736444 0.0016271629 3.1575647058
856.58508 8.70629782001326 0.0016605620 0.2889396835
888.76508 20.0952089837461 0.0016605620 0.1706275949
612.55615 16.2959897737381 0.0017971522 0.5442778478
802.55926 10.3202341629118 0.0017971522 0.0000000000
802.55926 10.6574420779 0.0017971522 0.0000000000
996.80147 20.2808981984853 0.0018691622 0.0000000000
658.54050 12.8856863424462 0.0018691622 0.0000000000
904.54980 8.14853124545839 0.0018998421 0.0000000000
904.54980 8.14853124545839 0.0018998421 0.0000000000
370.29519 1.38490071583004 0.0019437525 0.2598036080
505.42623 8.56639182555465 0.0019591785 3.1837017277
716.52358 11.9465095907597 0.0019591785 0.2837871629
882.75452 19.2639297982881 0.0020210032 0.0000000000
758.53305 9.56620509239456 0.0021009967 0.0000000000
610.54050 15.0388247279259 0.0025451328 0.3635692022
426.35779 2.96213578956672 0.0025451328 0.2214739808
764.52358 11.249843012875 0.0028166644 0.2974760154
558.50920 14.4930865314761 0.0029589963 0.0000000000
558.50920 14.6358506551898 0.0029589963 0.0000000000
642.61836 21.2138729018903 0.0033077521 0.0000000000
914.64918 13.7230281777726 0.0033632378 -0.2572654419
689.56906 18.965613712175 0.0035601492 1.8557655253
790.53923 11.3707863287423 0.0037795299 0.2785981478
716.52248 10.7508630510489 0.0041168915 0.2824482700
850.55926 9.97313958271886 0.0042676197 0.0000000000
787.67861 20.5205245932454 0.0042676197 0.0000000000
892.60731 10.2780298686904 0.0043655364 -0.1900987961
658.40544 3.61046134045157 0.0045838343 0.0000000000
615.49830 14.7970414634254 0.0047495913 0.0000000000
821.62658 12.2074870089472 0.0049206332 0.0000000000
886.61788 11.5219161262171 0.0050327454 -0.1842104904
1034.91102 21.1509599448459 0.0054669089 0.0000000000
783.61093 11.7380588391728 0.0054669089 0.0000000000
792.55378 11.5036067657378 0.0058602103 0.3381555127
836.54121 9.66111197969298 0.0060660601 0.3349789468
972.73457 15.5643539966878 0.0060660601 0.0000000000
666.60420 16.9236782031008 0.0064698305 0.0000000000
736.49228 8.51287416030218 0.0066504028 0.2439775337
996.80147 20.0499702842408 0.0067223463 0.0000000000
1010.91102 21.2903281116972 0.0071938317 0.0000000000
526.29392 2.86628042953785 0.0072196210 0.1868974856
566.55067 14.9770299074136 0.0076941155 0.2421429199
742.53923 13.051048931761 0.0078321876 0.2196580281
892.60731 11.4788278968874 0.0078321876 -0.0926438688
864.80147 20.9858952501716 0.0079555098 0.3219148296
824.58000 9.6926698481206 0.0082246542 0.0312261087
890.81712 20.2140279003404 0.0087869586 0.0000000000
768.51740 7.92862167289972 0.0087869586 0.0000000000
860.73378 19.7167902627459 0.0090805100 0.3595988917
591.49590 16.2122872123923 0.0093825942 0.4424029175
342.26389 1.0117714934768 0.0096934158 0.1740726112
778.53573 9.10865057062369 0.0096934158 1.3253736765
936.80147 20.3239508673701 0.0096934158 0.0000000000
498.26262 1.78215904919559 0.0099587752 0.0000000000
610.33618 1.00581372339599 0.0099587752 1.5510397957
566.34635 2.07466059055652 0.0099587752 -0.2242862951
1051.96031 22.0699268190539 0.0100131825 0.0000000000
754.53573 10.1538623908481 0.0100131825 1.3249702354
368.27954 1.11949597398012 0.0100131825 0.2375109512
624.62892 18.080783619151 0.0103421061 0.2708580476
688.60271 20.4871782455611 0.0103421061 0.0000000000
718.53813 12.6119143033882 0.0113859862 0.0000000000
839.74630 19.5302285560416 0.0113859862 0.0000000000
802.53573 8.15660751544341 0.0113859862 0.0000000000
868.60731 12.0187943927317 0.0116485548 -0.1078622090
746.56943 14.616686840722 0.0121317297 1.0793406152
400.34214 2.75683372821921 0.0121317297 0.3077089743
738.50683 8.6070909281738 0.0121317297 0.3182700922
832.58508 10.2907777895735 0.0121317297 -0.0913866487
764.52358 10.4697163186512 0.0122658547 0.1645049219
820.51231 7.22694746136388 0.0125202372 -25.6103030308
862.78582 20.7958659569877 0.0125202372 0.2170104461
652.66022 18.9565300323588 0.0125202372 0.2762762925
660.55615 14.7983884212096 0.0129194832 0.0000000000
728.52358 11.4838282938149 0.0132461708 0.2614065759
589.48025 14.6938891025669 0.0133297083 0.0000000000
614.53542 5.02286815760841 0.0133297083 0.0000000000
994.78582 19.9427527160353 0.0133297083 0.0000000000
844.64370 15.9871121200936 0.0135880026 -0.1556381631
665.51395 14.8451470102648 0.0137511569 0.0000000000
591.49830 16.2051605704834 0.0146287198 0.4224454400
950.81712 20.688621773897 0.0146287198 0.0000000000
424.34214 2.23884645680796 0.0146287198 0.1698348691
768.55488 13.0541579667641 0.0150345075 0.1647175751
640.58745 17.3168212821192 0.0150853413 0.3746282187
617.51395 16.2934649041849 0.0160355603 0.3185142915
934.80695 19.1902897071621 0.0160355603 0.0000000000
884.73378 19.4554963506516 0.0165296873 0.1315115914
812.54471 7.81306659205716 0.0170321870 -0.1997617666
750.66062 19.4397721180416 0.0170368518 0.3435105168
612.33070 2.13505952074836 0.0174585715 -0.1614490033
766.53813 11.4098198392024 0.0180913933 0.2837251925
890.81712 21.012173390491 0.0180913933 0.2497537459
507.44188 10.2344286229577 0.0183394982 0.0000000000
780.70866 18.8798975705685 0.0183394982 -0.0426259879
794.56703 13.4993131154608 0.0197779595 0.3696703527
825.68440 14.7942929438249 0.0203692345 0.0000000000
312.32609 6.04525990208375 0.0203692345 0.1772952704
834.62296 14.2641245045085 0.0207140173 1.0457162104
746.49776 8.20006651458217 0.0207140173 0.6835426036
864.57601 8.42552388797496 0.0212198410 -0.1093379016
297.24352 3.67371959514229 0.0222638492 0.1549604614
297.24352 3.67371959514229 0.0222638492 0.1549604614
758.46138 3.8462541015738 0.0222638492 0.0000000000
664.38313 3.46430112791016 0.0233522397 -0.2599927160
568.36200 3.4839113258688 0.0233522397 -0.1443060656
712.60271 20.2896396465817 0.0235571717 -25.9945264486
280.26349 3.19974283945907 0.0235571717 -1.2417474421
904.76000 17.7429242930023 0.0242432221 0.0000000000
638.64457 18.5261975271008 0.0242432221 0.2430189312
669.56051 17.9790592463352 0.0242432221 -0.0393516130
816.57491 5.88522899420606 0.0242432221 0.1206979648
766.53923 11.4782118136062 0.0244865229 0.1634695057
886.74943 19.8293334938339 0.0249461603 0.2155961857
638.57180 16.4073643619277 0.0256663079 0.2460688329
766.53923 12.707427916444 0.0262773809 0.0989381795
798.59833 12.2436626760011 0.0264039900 0.0000000000
1016.77017 19.4037236732008 0.0264039900 0.0000000000
396.31084 0.98204159640549 0.0264039900 0.0000000000
798.52796 7.58688371826229 0.0279332749 29.7627289247
678.61836 20.6683180146395 0.0287255449 -2.5417864769
716.63401 20.8641595968282 0.0295366838 0.0000000000
908.79130 19.1546367349306 0.0303670337 -21.1591782122
1000.83277 20.5569187697393 0.0312169397 0.0000000000
848.77017 20.6807771811994 0.0312169397 0.2701404184
762.58785 18.9646196899545 0.0312169397 0.0048380775
1122.78740 15.8363295455154 0.0320867506 0.0031620709
568.36200 3.84595053331385 0.0323446317 -0.1347260028
838.78582 21.0177456000067 0.0329768179 0.3469609357
886.56036 6.96652449498132 0.0354048200 -0.6993229558
885.54986 8.41930328969624 0.0354048200 -0.1857140191
595.49322 4.59309164913435 0.0357721230 -0.1774956149
779.60615 11.941578065939 0.0357721230 -0.1110137803
811.66875 16.5864032197892 0.0357721230 0.1188263284
860.63861 14.9034921259111 0.0362073799 0.1480299959
856.58268 11.9721737527777 0.0367467957 -0.1025247393
744.55378 13.1816891747472 0.0377435296 0.2345695691
836.77017 20.796253076464 0.0377435296 0.2836289348
764.52248 11.4149055732965 0.0387626944 0.1738259899
856.58268 10.7614273483348 0.0387626944 -0.1332325682
768.55378 12.8432310112672 0.0387626944 0.2608773404
840.70757 19.3775205163669 0.0387626944 0.0000000000
654.61836 21.0416689520848 0.0408698098 0.1010414935
636.55615 15.2007447017287 0.0408698098 0.1454055844
638.57180 16.837530747892 0.0408698098 0.1819799850
902.61279 7.52701308865099 0.0413553714 0.2193828968
608.35691 3.10659482580248 0.0413553714 -0.1805968867
856.57093 5.59898090401648 0.0413553714 4.5961309022
816.64768 14.1567685630827 0.0419585135 0.0000000000
750.62423 18.9794039360553 0.0419585135 28.0339172372
835.53421 9.07165114702388 0.0441537166 0.1283707335
880.71774 19.7805826656054 0.0442081154 0.1074476698
732.55378 13.7898606452611 0.0453697819 0.3499786898
834.60073 13.9094896302591 0.0453697819 0.2106539331
590.34635 2.71744863036992 0.0461067468 -0.3319481929
934.87972 20.9370845076923 0.0465565418 0.2876898313
818.72322 19.5139440914823 0.0465565418 0.0000000000
796.51231 6.39891832833015 0.0465565418 3.9573261562
810.66062 18.5768638517623 0.0477687851 0.0000000000
834.58658 9.37576488646634 0.0481320250 0.0976444471
676.66022 18.0880555919204 0.0490069040 0.0000000000
752.63988 17.8127702102955 0.0490069040 0.0000000000
810.71813 18.8814848582909 0.0490069040 1.6570474417
828.75921 21.4075115003261 0.0490069040 0.0000000000
840.57491 7.24425473313992 0.0502712928 0.2390464237
747.51816 9.49434090209419 0.0513097360 0.2084693622
850.78582 21.0328132545998 0.0515623478 0.3196570759
998.81712 20.324465212769 0.0515623478 0.0000000000
934.78582 20.2942234800067 0.0515623478 0.0000000000
892.73887 19.5021780171159 0.0542260513 1.4885827183
940.83277 20.7497846482681 0.0555995015 0.0000000000
834.75452 20.5419295597483 0.0555995015 0.2959154527
283.15160 0.777603382514871 0.0555995015 -0.0849129920
768.55138 12.8482763736528 0.0555995015 0.0789275745
810.71813 19.0531617797204 0.0570012212 0.0000000000
700.57220 10.2433176901315 0.0570012212 0.0000000000
854.59166 10.549563876613 0.0581933366 -0.0671026184
512.29940 1.8988154721447 0.0581933366 -0.1240560861
666.61836 20.9163576335506 0.0613800539 -0.0812834703
998.81712 20.5375483102129 0.0628989144 0.0000000000
818.59166 11.746784880334 0.0631958572 0.0646685619
822.55019 8.15084487162761 0.0645005524 -0.1828710710
822.55019 8.15084487162761 0.0645005524 -0.1828710710
924.59714 6.44189087338189 0.0645005524 -0.0423457168
552.29431 3.93674128282783 0.0658273993 0.5690597564
810.75452 19.9849887103618 0.0660279669 1.3195177551
898.58149 6.01125290382151 0.0671766620 0.4877103920
1006.87972 20.4391355232986 0.0676389814 0.0000000000
898.58149 7.76283948997714 0.0685486055 0.4524454419
662.36748 3.05994006398348 0.0685486055 -0.1013578993
846.75452 20.3996068946452 0.0692815376 0.1863319532
936.57601 6.96630602871089 0.0699434953 0.3619015295
894.62296 11.1820495510885 0.0713615975 -0.1184144862
554.34635 2.9150829282304 0.0713615975 -0.0865535175
866.59166 10.2392818144882 0.0713615975 -0.1126845911
860.77017 20.7904013020572 0.0726629273 0.2337938576
690.61836 20.7653896034918 0.0726629273 -0.1400824229
860.77017 20.5551104196995 0.0761754444 0.1669550641
764.52248 10.0117698170554 0.0779819106 0.0982441548
776.54471 8.56905255440471 0.0788096468 0.1715110525
786.52796 8.31755657965752 0.0798224006 0.3480515859
781.59528 11.9242255849815 0.0798224006 -0.0891225154
762.50793 9.88437228359852 0.0819607209 0.1884718063
822.60073 10.8100594438517 0.0816973280 -0.1000265427
854.59166 10.8790042287516 0.0819607209 -0.0914019257
892.60731 10.8208545468372 0.0819607209 0.1193398323
636.35183 2.91066391919065 0.0819607209 -0.0537583444
894.81203 19.8348260234993 0.0836071064 0.0000000000
888.80147 20.8119473955546 0.0836071064 0.1513383075
682.63440 19.037569606701 0.0836071064 0.2555563585
450.26262 2.12921976162158 0.0852132212 0.1474386500
770.65045 15.744097481983 0.0855521487 -0.1898421597
734.62932 18.7524257712838 0.0855521487 0.0000000000
876.80147 20.8894861974896 0.0875328672 0.1368834372
864.57491 7.16949664425744 0.0895496735 0.0000000000
848.54471 7.29505914299636 0.0902868512 -0.0748270390
774.62423 18.3132368173869 0.0916029782 0.0000000000
858.58658 7.25741261056723 0.0920311038 0.0000000000
790.56036 9.58067464557815 0.0938023249 0.1726452665
766.53573 10.1042840974005 0.0936931908 0.1581893911
782.68683 19.4732445342659 0.0958207198 27.3147455281
792.55488 13.6628891651468 0.0974267435 0.2193908874
734.49776 6.15760990380038 0.0974267435 29.0529231504
840.70757 19.2947741222214 0.0979859721 0.0000000000
766.53813 10.5906541623826 0.0979859721 0.1146234458
772.51341 5.96456573024283 0.0992804752 0.4116835092
460.36327 5.97311485141087 0.1001893531 -0.0969375092
860.60937 7.92503841474245 0.1001893531 -0.3470829863
692.65514 17.5342247435258 0.1024312666 0.0137280487
840.57491 6.39393155746639 0.1024312666 0.0000000000
882.77565 19.0902499633058 0.1047121144 0.3714851479
820.58508 10.0547049703842 0.1047121144 -0.1159315285
863.56551 11.1939219766798 0.1050109530 0.0519373319
838.56036 8.02647337930021 0.1050109530 -0.0719611067
840.57491 6.98302179574783 0.1093922105 0.2528082456
614.57180 17.3938530870431 0.1093922105 0.2428438747
860.60937 7.69006025387614 0.1093922105 -0.1631888064
944.77017 19.7557496249126 0.1117922519 0.0000000000
840.57251 6.99006307663248 0.1117922519 0.1333536786
684.61367 18.8156612971124 0.1142328135 -0.5091743141
780.55378 7.62769635644574 0.1142328135 -0.2066556013
876.55138 7.51800595058321 0.1167142854 0.0000000000
500.27717 1.80526225662231 0.1167142854 0.0000000000
873.69426 20.1698019502014 0.1167142854 0.0000000000
580.32561 4.70399939122124 0.1172574188 0.0000000000
866.59166 9.92024020757231 0.1215799663 -0.0363231434
872.56584 5.14933363678303 0.1215799663 -0.0936013740
840.57601 8.68447863864778 0.1215799663 -0.1133302164
796.58508 14.4598345498102 0.1218015069 0.2307935428
894.62296 12.1688712332503 0.1237874706 -0.0521605264
678.39878 3.38303720394832 0.1237874706 -0.6490176408
316.24824 0.911313870521185 0.1244080218 0.1377646078
594.37655 3.63708330876173 0.1244080218 -0.1060614809
819.64731 19.2645504718872 0.1244080218 0.0000000000
776.52008 7.4031156410416 0.1244080218 0.0000000000
864.80147 20.3671931500569 0.1270569777 1.2479104748
914.81712 20.8205031467714 0.1270569777 0.0000000000
764.52248 9.08166283994999 0.1297487489 0.2073213331
899.76983 19.5192648001211 0.1297487489 0.0153554728
838.55926 4.81403846069614 0.1324837058 0.0000000000
828.56312 7.70033268976266 0.1329315782 -0.1081589485
536.50482 11.9927273865675 0.1329315782 0.1402106682
768.55488 13.6632194275774 0.1352973721 0.1731978671
756.61367 17.6770244796814 0.1352622152 0.0000000000
762.50793 8.91601757017107 0.1352973721 0.1682490901
766.53573 12.6762752449308 0.1352622152 0.3116550355
870.62296 13.0522604846586 0.1352973721 -0.0319037175
898.58149 5.60587406267922 0.1376955638 0.2670927894
830.62695 9.47081111978543 0.1380846396 0.0000000000
840.70757 19.5456883292014 0.1409513375 0.0000000000
812.67627 19.2339459476073 0.1409513375 -0.1102562524
666.60310 17.4600631742548 0.1438626627 0.1541671081
762.66062 19.2269143263533 0.1468189647 -0.4915068204
832.54870 11.3722044632676 0.1468189647 0.0000000000
856.60731 11.3111523877457 0.1476171185 -0.0815832257
946.87972 21.3465143213717 0.1498205879 0.2856795382
912.76508 19.8415631670713 0.1498205879 0.1375720910
826.59675 11.3604975803528 0.1501808863 -0.0952058888
802.69192 19.5474843364263 0.1559611516 0.1842856427
816.70757 19.6638951849072 0.1559611516 -0.1869814324
878.81712 21.2157968899821 0.1559611516 0.2119038061
838.56036 8.49260297716673 0.1554100982 -0.0644178882
874.78582 20.6551008507198 0.1559611516 0.1083071076
664.41951 3.30834380407739 0.1580759951 0.1156368474
840.57491 6.07030481037946 0.1591007558 0.0000000000
710.62932 18.9236599374701 0.1591007558 -0.1186733996
766.53813 10.6408584802938 0.1622870082 0.1062595698
842.59166 11.1797763754823 0.1635114820 -0.1469752391
854.57531 9.23324022612519 0.1655202268 0.1833329159
890.57531 8.56170672772429 0.1655202268 -0.2515768661
858.59833 11.798831533089 0.1655202268 -0.0920736488
800.61638 13.1279830128862 0.1655202268 0.0000000000
794.49776 5.46257694858127 0.1662815080 0.2731265173
748.49228 8.77720742785254 0.1662815080 0.1378331721
736.49228 8.97475847568944 0.1662815080 0.0636939976
832.64260 12.320496784545 0.1688007238 -0.1717118137
850.58149 6.18428849202841 0.1690866743 0.2908565097
810.75452 20.803038640365 0.1721288053 0.2612184137
480.30957 3.80069758487822 0.1777151019 -0.1274487551
768.55378 12.0939846851885 0.1789289148 0.2624373238
892.60731 10.577662703913 0.1806628991 -0.1050814621
913.58116 10.8268609934318 0.1806628991 0.2970949778
766.53923 11.9637099189358 0.1806628991 0.1577482439
692.61985 17.4848633218795 0.1806628991 -0.1545777094
755.60615 9.77593965244202 0.1824015232 0.0000000000
872.77017 17.4569158865644 0.1824015232 -0.2603682884
756.55138 11.9555150360957 0.1824015232 0.0000000000
798.68175 16.9964989272478 0.1859228765 -0.1476372786
857.67533 14.8225245983435 0.1866671607 -0.0918544963
918.62296 11.4890559076187 0.1897240074 -0.1439092617
868.60731 11.2473227269963 0.1897240074 -0.0989502343
916.79638 19.7921841218105 0.1894932478 0.1531955815
872.56584 4.96633835499076 0.1928175799 -0.0524908295
954.77565 19.2538908230624 0.1967821017 0.0216918711
760.64497 18.3896311393913 0.1967821017 -0.3651317661
842.72322 19.7756649267803 0.1967821017 -0.2991969367
788.67627 19.1019091305746 0.2005010944 -0.3678127051
786.56435 11.6864428816002 0.2005010944 0.0000000000
594.58197 16.5808252982973 0.2005010944 0.1176334032
776.52248 7.68767677248695 0.2042701250 0.0000000000
831.50291 6.78658871939567 0.2055626998 0.0000000000
908.62226 11.6883948918954 0.2080894294 0.3305355040
668.63401 21.1877234383072 0.2080894294 0.0742747977
738.66062 19.5020359915863 0.2080894294 -0.4368572718
790.53813 10.1376915294494 0.2080894294 0.0000000000
738.50683 9.06434144561287 0.2080894294 0.0979874765
882.62296 13.2721389221678 0.2088425443 -0.0449671225
622.61327 17.6665487371794 0.2119592354 0.0990979572
807.50291 7.43071866250971 0.2121601425 0.1505719545
872.77017 20.4651812734825 0.2158797628 0.1033970678
656.58237 18.1953468075651 0.2158797628 -0.1569609070
828.56312 7.70033268976266 0.2155156506 -0.0366680044
718.64966 20.7345479674261 0.2158797628 0.0000000000
907.70215 17.7316289680842 0.2198512228 0.1581360017
712.64497 19.4779248020852 0.2198512228 -0.5998257469
785.65310 13.0593623394444 0.2198512228 0.1776184931
828.57601 9.17683585111281 0.2223409993 -0.0602393127
814.55926 6.37993733446262 0.2238738185 0.1817732694
762.66062 19.1494242182228 0.2238738185 -0.4607758263
832.60731 12.9683338889536 0.2258111292 0.0728058090
830.59166 11.2053244385669 0.2258111292 -0.0520073934
836.54361 4.80313582363978 0.2279477439 -0.0059288652
920.86407 21.274428634414 0.2279477439 0.2725136860
972.89537 21.2939994107217 0.2279477439 0.1599562253
578.30996 4.01765601032919 0.2293197480 0.0000000000
864.57601 9.271659570933 0.2293197480 -0.0391373237
314.23259 0.858734122982426 0.2320731844 0.1058356950
734.62932 18.5910462984725 0.2320731844 0.0000000000
944.77017 19.9101787173837 0.2320731844 -29.2302931495
820.51341 10.3338103400281 0.2364529778 0.0746899174
958.80695 18.8135919199941 0.2362503163 0.0247918987
896.63861 14.4323845984573 0.2364529778 -0.0563324501
944.77017 20.1130707501232 0.2404793069 0.0000000000
764.67627 19.5727436936319 0.2404793069 -0.3972534049
764.52248 9.05626457131515 0.2404793069 0.2409646455
615.49830 15.0490793396637 0.2447603140 0.0000000000
782.68683 18.6950798691491 0.2447603140 0.7292662628
648.62892 17.5698495820039 0.2447603140 0.0851154223
784.58268 14.0451754389781 0.2447603140 -0.0602513861
451.45205 17.3397220101266 0.2474446422 -0.0553495299
770.57053 14.9447183623338 0.2474446422 0.0673472146
862.78582 20.131039248869 0.2490934860 -0.0566631238
768.55378 11.5990952444136 0.2490934860 0.1758613228
935.73345 18.2582126927483 0.2490934860 0.1275941437
634.54050 13.3829831408155 0.2490934860 0.0608305021
810.68175 16.6437867142649 0.2490934860 -0.0655237752
654.56672 17.08224639763 0.2490934860 -0.1311997669
814.55926 5.97949093240209 0.2534789617 0.1826154284
810.60073 11.843308732296 0.2534789617 -0.0273494960
760.64497 18.5930055205169 0.2534789617 -0.2518034419
634.54050 13.2313475527551 0.2579168700 0.1030401397
822.60073 10.4066146224881 0.2579168700 -0.1331166547
713.56906 18.0533920310098 0.2579168700 0.0532160762
796.58508 10.5598451276684 0.2579168700 -0.0663310857
714.61836 20.4773139342567 0.2579168700 -0.0585291831
654.56672 17.0491844284422 0.2579168700 -0.1343553620
900.59714 6.12023959738057 0.2587891511 0.0000000000
907.70215 17.2735716599763 0.2624073301 0.1388202403
369.35158 21.1707662960087 0.2624073301 0.0400795287
740.67627 19.9589682141611 0.2624073301 -0.5421451787
852.57601 9.13167035851157 0.2665494799 -0.0277690794
636.62892 18.1737697021783 0.2669504507 0.1076321013
808.58508 10.0363339847443 0.2669504507 -0.0701484977
638.36748 2.87184771456332 0.2704890954 0.0000000000
780.55378 8.62808563887929 0.2715463308 -0.1147818386
326.34174 5.72823548083821 0.2715463308 0.0485394094
840.72870 20.1467182274454 0.2808967119 0.0000000000
750.54432 13.8459072743801 0.2825466084 -0.0858067802
587.40822 3.02760195502158 0.2907844380 -0.0208484671
587.40822 3.02760195502158 0.2907844380 -0.0208484671
587.40822 3.02760195502158 0.2907844380 -0.0208484671
806.72322 19.9441742952686 0.2904590533 0.4133639415
827.55963 7.71119040490319 0.2949633469 -0.0493750778
766.65553 17.2361887475667 0.2953198434 0.1115667347
732.44573 3.9558180703373 0.2949633469 0.0444340872
827.55963 7.71119040490319 0.2949633469 -0.0493750778
827.55963 7.71119040490319 0.2949633469 -0.0493750778
782.63792 9.11959454265665 0.2949633469 0.0000000000
770.49666 8.7233577179488 0.2953198434 0.0000000000
738.50793 9.3891293478669 0.2991823031 0.1089743911
966.84842 20.8354479557231 0.3052008344 0.0785132679
836.77017 20.0263596233108 0.3052008344 -0.0101116293
890.59166 9.44134340764166 0.3077404732 -0.0371644365
842.59166 10.4629958197791 0.3077404732 -0.0419148485
842.59166 10.6327775433985 0.3120797289 -0.0277176637
742.53813 11.5687569218062 0.3152944723 0.0000000000
806.56943 10.7447375430588 0.3152944723 -0.1314667521
936.80147 20.5558443683721 0.3152944723 0.0000000000
344.27954 1.17961021580051 0.3152944723 0.0855719084
650.64457 18.6323604040323 0.3152944723 0.0585521953
774.52906 6.77889265692154 0.3164591155 3.2112660572
907.70215 17.5619717156372 0.3204210282 0.0415269175
786.66062 18.5270266098151 0.3204210282 -0.1309472739
861.54986 9.64228640547383 0.3208786375 -0.2213839770
806.56943 8.24593676582157 0.3256007160 -0.1180648064
920.86407 21.3591606765783 0.3256007160 0.1720193603
826.56036 8.89322465729424 0.3253382929 -0.1377749374
792.57601 11.5524762918147 0.3343779622 0.0753067439
844.51341 9.89377038181134 0.3343779622 0.0712137090
881.51746 7.67061403001131 0.3361193388 -0.0654612424
682.59802 18.1858372139026 0.3361193388 -0.0327197054
784.66610 16.4558181851827 0.3414581698 -0.0470386733
790.53813 9.86387168759099 0.3414581698 0.0000000000
762.66062 18.9031009536148 0.3414581698 -0.1374146307
918.75452 19.7629886366507 0.3468499246 0.0000000000
772.58508 15.071718443991 0.3468499246 0.0867554909
840.57251 6.5611544030305 0.3468499246 0.1375854154
840.57491 6.56318676086745 0.3522945212 0.0000000000
784.64497 18.4519098295377 0.3522945212 0.0950761485
866.78073 19.4648205694529 0.3522945212 0.2858393070
739.63876 16.900312756479 0.3522945212 0.0000000000
784.64497 18.5061961041781 0.3522945212 0.0909004746
828.57601 9.5650283442539 0.3529380600 -0.0363117121
766.53573 12.2186684930661 0.3577918653 0.0857112876
792.55378 12.2489819937957 0.3577918653 0.0001103024
576.29431 3.59203282784882 0.3672774926 -0.2503970425
674.43915 3.99701216912249 0.3689443581 -0.4918561999
882.60073 11.2291958892711 0.3689443581 0.0944655452
804.55378 8.81059673369339 0.3689443581 -0.0744867154
804.55378 8.34116613876049 0.3689443581 -0.0260297514
828.56250 7.70033268976266 0.3721368665 -0.0939572064
920.77017 20.0271059755271 0.3745992567 0.1811077488
754.53813 7.21731266224712 0.3745992567 0.0000000000
866.59056 6.64467757590123 0.3745992567 0.0522748941
838.74943 19.2308373135313 0.3745992567 0.1990329343
820.73887 20.3870925868491 0.3803064027 0.1521073889
820.73887 20.4635039794541 0.3803064027 0.1521054976
968.86407 21.0233859718751 0.3860656398 0.1037784176
835.66875 15.0213345601098 0.3860656398 0.0729679434
804.55138 8.77656548044588 0.3860656398 -0.0602368288
634.54050 13.8233926110864 0.3860656398 0.1219868628
752.63988 16.3912993696017 0.3918767992 0.3082565539
768.70757 19.8991416440939 0.3918767992 -0.0742428308
889.58116 11.4035752748231 0.3919700289 -0.0607799895
660.62892 16.8651646243239 0.3918767992 -28.3807567066
766.69192 19.9642690390832 0.3918767992 -0.0047555629
754.69192 20.1556688906248 0.3977396994 -0.1786653816
904.83277 21.1064113922071 0.3977396994 0.0555737719
600.55615 16.6047355297481 0.3977396994 27.6255527641
782.65045 15.1582073084874 0.3977396994 -0.0675596142
760.64497 19.1452866048731 0.3977396994 0.2283559142
582.28375 2.16568011387043 0.4021226275 -0.0986730393
760.58508 13.6784031410833 0.4036541463 0.0614783256
752.52008 8.13585410742861 0.4036541463 0.0000000000
742.53813 11.1492621359779 0.4036541463 25.3535820436
794.53415 9.89714753220415 0.4072575339 -0.1916335226
798.52906 8.27524659245033 0.4072575339 -0.0026793306
886.78582 20.5689864060295 0.4096199330 0.1034568473
960.82260 18.8231641035878 0.4096199330 0.6094558069
860.61398 13.3799551707263 0.4096199330 0.0000000000
832.73887 20.2421245068439 0.4156368398 0.1219812551
912.76508 17.8787071922527 0.4156368398 0.4328904066
870.62296 12.2863974177693 0.4176439101 0.0764788259
866.59166 11.3918812773896 0.4176439101 -0.0401426480
948.89537 21.406196054594 0.4217046343 0.1861775076
900.66991 16.2834845684093 0.4228950972 -0.0668905677
781.48726 7.15971061618098 0.4228950972 0.0000000000
862.78582 20.0472493350856 0.4278230712 -0.0567307642
968.77017 19.7574627327258 0.4339918924 0.0000000000
639.49830 13.3423273390183 0.4339918924 0.0000000000
960.89537 21.0543832240577 0.4339918924 0.0357570736
811.62223 10.3901499952463 0.4442828564 -0.0288783914
800.54471 7.78684331794852 0.4442828564 -0.0886822519
832.54980 13.8466342636181 0.4442828564 -0.0174582432
796.54980 10.1020926217767 0.4442828564 0.2479373325
811.62223 10.3901499952463 0.4442828564 -0.0288783914
811.62223 10.3901499952463 0.4442828564 -0.0288783914
878.78073 19.5099114299722 0.4464795906 0.2365154928
848.56584 4.59011008861944 0.4497246916 0.0000000000
856.73887 20.0751401044702 0.4527978870 -0.0421160059
964.83277 19.941587796613 0.4527978870 0.0000000000
594.37655 2.99198249115227 0.4527978870 -0.0780910068
786.66062 18.7552834757157 0.4527978870 0.0763933807
838.63203 13.2259585884285 0.4527978870 0.0418500240
811.61995 10.3903172586242 0.4552041157 -0.0288895711
696.61367 18.5094407700841 0.4591654064 0.0049840994
696.61367 18.4863938934817 0.4591654064 0.0049840994
930.84842 21.0342588558108 0.4591654064 0.1125329983
1010.91102 20.8292256386248 0.4655818263 0.0000000000
822.75452 20.6626827325744 0.4655818263 0.2212705420
910.78582 20.5091294842484 0.4655818263 0.0703042762
792.70757 20.0128427929347 0.4655818263 -0.0061439833
836.61638 11.2458731168424 0.4655818263 -0.1384941366
911.56551 9.50308592837286 0.4662749312 -0.1709758347
561.41497 4.05267503384357 0.4655818263 -0.0316538628
680.63401 20.9741333105279 0.4655818263 -0.0398518231
816.57601 9.98910138246181 0.4662749312 0.0422351601
593.47757 4.55185692542188 0.4720468113 0.1636101105
840.57491 5.17233813631043 0.4785600131 0.0114970217
794.56943 10.9076942958864 0.4785600131 -0.0968012588
902.81712 20.9108048706781 0.4785600131 0.0884563082
926.74435 17.7968690197008 0.4917296104 0.0000000000
1002.94232 21.263914453612 0.4917296104 0.1719753970
962.91102 21.1182268551194 0.4917296104 0.1398371109
790.53923 10.8349915198868 0.4945949925 0.1029651948
848.60937 8.31997001575712 0.4983852453 -0.0704988480
976.92667 21.3071020836908 0.5050875761 0.2769437981
770.56943 13.7949172257704 0.5050875761 0.0000000000
847.53421 8.60069259165601 0.5061752754 -0.1364868349
764.55646 11.1847196551103 0.5118361909 0.0412137228
922.78582 20.3539450232585 0.5118361909 0.1126144908
912.80147 20.4616649087917 0.5186306649 0.0000000000
912.80147 20.596400283124 0.5186306649 0.0000000000
864.76508 19.4686000531756 0.5186306649 0.0327619023
806.56943 10.3150696441416 0.5254705608 0.0091025850
807.57454 10.0418056473801 0.5254705608 -0.0356439672
832.58268 11.1712248907127 0.5254705608 0.1107283848
978.84842 20.8363407855246 0.5323554289 0.0734974376
940.73887 19.3919776691838 0.5323554289 0.0191686927
558.28375 2.49449716638524 0.5297568347 0.0002084339
858.75452 20.5596565742527 0.5323554289 0.2387375275
846.55019 4.69614526550089 0.5297568347 0.0000000000
808.70248 18.1216121349425 0.5323554289 -0.0059970059
892.73887 19.9859357963146 0.5323554289 -0.1348658143
732.61367 17.6182328647394 0.5323554289 -0.0618710184
846.55019 4.92473130045344 0.5357382827 0.0000000000
790.53923 12.0710857916984 0.5357382827 0.0083729550
826.67666 15.9411548377082 0.5392848068 -0.0155020282
732.61367 17.526794006018 0.5392848068 0.0301763833
804.55138 9.80440119660059 0.5392848068 -0.0918498488
980.86407 20.9952050110786 0.5392848068 0.0000000000
918.75452 19.7211827315918 0.5392848068 0.0000000000
926.81712 20.8472913641354 0.5392848068 0.0567263698
796.54980 8.69745924566983 0.5417535590 0.0811375900
692.63401 21.041892340345 0.5462582201 0.0000000000
770.56943 13.7982120308637 0.5462582201 0.0000000000
854.56943 8.76940203453354 0.5462582201 0.0998547482
890.78073 19.4456108316391 0.5462582201 0.1586643366
932.86407 21.2841935441372 0.5462582201 0.1279177618
636.62892 17.9776998627378 0.5532751816 0.0521687330
282.27914 4.05225055027731 0.5532751816 0.0500285426
976.83277 20.7679484889391 0.5532751816 0.0000000000
830.51889 5.79259261034692 0.5538843477 0.0000000000
833.51856 7.87926381918979 0.5599992175 -0.0215313174
680.63401 21.0205391312414 0.5603351924 -0.0287963487
241.14453 0.751799644535705 0.5661466305 0.0673693071
419.25680 3.70931000022401 0.5723262474 -0.2756395952
890.81712 20.3922009142705 0.5745823040 0.0000000000
742.53813 10.9538884115265 0.5745823040 0.0000000000
796.73887 20.6695718689207 0.5745823040 -0.0970499347
764.54471 9.32333773598623 0.5785377216 0.0475937021
824.54471 7.51477064789875 0.5785377216 0.0045995164
907.69974 17.5044412299098 0.5817683463 0.1792060961
910.80695 19.639266776861 0.5817683463 0.0000000000
926.74435 17.5858811997927 0.5817683463 0.0000000000
860.77017 19.5521233850854 0.5817683463 0.0000000000
980.86407 20.3334856839622 0.5817683463 0.0000000000
881.51856 6.846961686859 0.5847806997 0.0575314851
772.58508 12.1252067023408 0.5889953207 0.0456276242
642.60310 18.4860728535768 0.5889953207 -0.0377239525
842.59056 6.97840730105147 0.5962626683 0.3480026282
866.81712 21.1917113644046 0.5962626683 0.0572253823
749.62311 18.2614813650962 0.5962626683 -0.0420617831
772.58508 14.8183615857382 0.5962626683 0.1034566113
885.54986 9.39242550148017 0.5973597179 -0.0782568022
928.76000 18.1150713059698 0.6035698187 0.0284736517
773.65310 17.2781521674756 0.6035698187 -0.0864313754
845.72288 18.8317151343534 0.6035698187 -0.0829297406
859.53421 8.24101135509744 0.6036950161 -0.0918096401
630.50920 10.3275777366483 0.6109161899 0.0000000000
772.51341 6.98020684902401 0.6100603341 0.5007446772
814.55926 4.93970511985715 0.6109161899 0.6657869217
742.53813 10.460452919561 0.6183011886 0.0000000000
912.80147 19.786720202544 0.6183011886 0.0000000000
920.77017 20.2206750068248 0.6183011886 -0.1174083831
840.70757 19.4793375238574 0.6183011886 0.0000000000
846.62296 14.1480869236257 0.6164552839 0.0199018180
974.81712 20.261442945698 0.6331846392 0.0000000000
894.75452 19.8568965973651 0.6331846392 -0.0935223151
937.74669 18.1964243961727 0.6331846392 0.4873623180
776.52358 10.597279058561 0.6358139414 0.0399670709
856.54980 13.2285364361674 0.6423234029 -0.0523542190
439.22550 2.19356720458965 0.6423234029 0.0000000000
858.60073 9.63352025319336 0.6482152019 -0.0676075301
642.60310 18.4937055413521 0.6557840501 -0.0396941610
920.82768 20.1359677045881 0.6557840501 0.1591319902
888.57251 10.3234294327613 0.6557840501 0.0468070460
1052.70915 10.6948651490635 0.6557840501 -0.0809593295
910.74943 19.2548489487144 0.6557840501 0.0280187457
391.22550 1.95022124283357 0.6554246727 -0.0036670370
540.33070 1.84850309373919 0.6554246727 -0.0783574035
806.59166 12.3291959793821 0.6554246727 -0.0167485235
842.59056 6.44734556710153 0.6633877351 -0.0857722331
940.83277 20.1661815948031 0.6633877351 -0.1739068524
906.62296 12.2694733747612 0.6686328570 0.0243749518
708.40934 2.72117811946089 0.6686328570 0.0000000000
942.75452 19.6028425657993 0.6710255880 0.0000000000
924.80147 20.5899344752001 0.6710255880 0.0666015051
778.53813 11.0364371463682 0.6710255880 -0.0064733973
882.62296 13.7517202717092 0.6819444115 0.0671747124
859.53421 7.92057324881927 0.6819444115 -0.1290173654
757.62180 10.582432341997 0.6864010713 0.0060636020
876.72870 17.4887805084043 0.6864010713 0.0836318702
860.60223 7.88585511404219 0.6886378186 -0.0461416740
976.83277 20.5932494912448 0.6941373138 0.0000000000
870.75452 20.1676760525226 0.6941373138 0.0303452696
870.75452 20.3412563136878 0.6941373138 0.0904872349
900.59714 6.76682040608038 0.6953556955 0.0325868160
848.54471 12.7158979315603 0.6953556955 -0.0352169262
954.77565 18.8474141098594 0.7019049490 0.0558489309
927.81720 20.755136055392 0.7019049490 -0.0170805450
770.56703 13.797233012235 0.7019049490 0.0000000000
920.82768 20.4830579070842 0.7019049490 0.2055760125
726.66062 19.5659650583043 0.7097032588 -0.0973244098
894.62296 11.6446721268431 0.7088629747 0.0231778707
810.59833 14.2968601810478 0.7097032588 -0.0673972244
926.74435 16.8933009556608 0.7175315163 0.0000000000
646.61327 16.6655881288927 0.7175315163 -0.0143404737
878.74435 18.7662066812243 0.7175315163 0.0974954818
736.44064 3.63035858141885 0.7156514206 0.0000000000
940.73887 19.5700696641439 0.7175315163 -0.0184354239
784.58508 10.3233036038536 0.7253889851 -0.0648514676
880.73887 19.9132617818535 0.7253889851 0.0261720322
788.54361 5.03673171860434 0.7253889851 0.0781809602
454.29282 3.10399841091146 0.7253889851 0.1035038411
852.57601 9.1575747483828 0.7292954931 -0.0449994838
792.51740 8.51720523089222 0.7332749203 0.0729899857
794.53305 5.40879971691005 0.7332749203 0.1364516177
752.67627 19.7364073030962 0.7411885682 0.0093653686
988.92667 21.1107415457453 0.7411885682 0.0217310615
474.30615 1.53272052921968 0.7411885682 -0.0513906965
810.60073 10.6539352456157 0.7411885682 -0.0448739216
812.67627 18.9236297817154 0.7411885682 0.0100990346
736.44064 3.69118304403745 0.7430258351 0.0000000000
898.65426 14.8815554206521 0.7430258351 -0.0341199288
680.58237 17.21947713271 0.7491291667 0.2445141420
765.60036 18.7723689624469 0.7491291667 0.2752261873
917.72048 18.7076729355266 0.7491291667 0.4241890381
696.57728 15.8457917899866 0.7491291667 -0.1274445218
903.74121 26.4223197218448 0.7491291667 0.1650236367
832.58508 9.52978056734568 0.7491291667 -0.0319385192
758.62932 17.6912907215723 0.7491291667 0.2597007620
893.66296 18.9258016594971 0.7491291667 -28.7695252945
692.41443 3.7976868451019 0.7568384094 -0.0064051659
933.71780 17.4551530890066 0.7570959455 0.0477625154
832.58508 8.63191998538658 0.7570959455 -0.0343126639
415.22550 2.2971871782529 0.7568384094 -0.1259061784
808.58508 9.57275303253541 0.7650881263 0.2005122948
906.84842 21.2989558922693 0.7650881263 0.1202876346
920.82768 20.6273148520773 0.7650881263 0.2452173235
810.56435 9.73288587403672 0.7811455419 -0.0952766674
882.75452 19.9974779552551 0.7811455419 0.0491384935
933.71780 17.6915891918748 0.7811455419 0.0478567758
883.53421 7.70091079716446 0.7846937140 -0.0101086681
812.69740 17.4862072751591 0.7892091820 0.0088992487
806.56703 10.7532530230852 0.7892091820 -0.0007582963
898.78582 20.6126099765998 0.7892091820 0.0890570089
279.15909 2.08814028821953 0.7972950354 -0.0439945809
662.64457 17.870110823799 0.7972950354 0.0066947246
870.75452 20.2184890366306 0.7972950354 0.0299913245
417.24115 3.00222020015042 0.7987279899 -0.1010315704
840.64768 14.7822018531406 0.8054022870 -0.0240924641
587.40593 3.02881482781673 0.8057699000 -0.0051164171
858.60073 9.39929989853473 0.8054022870 -0.0126750921
986.91102 20.8580526666136 0.8054022870 -0.0230969802
834.59833 13.1038855851378 0.8054022870 0.0160604503
298.31044 4.60763436225434 0.8054022870 -0.0187176985
846.60073 10.2250847957101 0.8135301154 0.0093443982
984.89537 21.2837825292426 0.8135301154 0.0932888529
742.53813 11.3931641140085 0.8135301154 0.0000000000
926.81712 20.8231705070098 0.8135301154 0.0555481193
880.59096 9.77374469016367 0.8216776926 -0.1678227660
474.30615 1.6451602143514 0.8216776926 -0.0240887818
840.57601 9.74422867036594 0.8199005280 -0.0535586781
774.60073 16.239879683181 0.8216776926 0.1641836875
912.57601 7.65674305910021 0.8199005280 0.0722231385
794.60582 13.239657597937 0.8216776926 0.0033287827
502.37383 2.54547397014855 0.8216776926 -0.0564164940
828.55138 8.50758787087697 0.8216776926 0.0000000000
676.55107 15.1931824760204 0.8298441847 -1.6322130270
766.53573 9.20532126393346 0.8380287517 -0.0476213362
478.29282 2.51055646603237 0.8380287517 0.0647960623
528.30847 2.75739817509036 0.8380287517 -0.1344778292
808.58508 12.0302760705724 0.8380287517 0.0439978153
792.57491 6.25706140767907 0.8380287517 0.0004191415
882.58658 6.95010110983653 0.8412051656 0.0000000000
876.55966 7.67783157205526 0.8462305481 0.0121064173
704.63401 20.8362749700071 0.8544487231 -0.0311963322
750.66062 19.303631926467 0.8544487231 -0.1000200963
909.54986 8.85308910423651 0.8626267325 -0.0372686638
930.71686 17.9905511258975 0.8626267325 -0.0044610349
958.87972 21.1887436128506 0.8626824207 0.1533502547
844.60621 7.61999523216409 0.8626824207 0.0000000000
844.73887 20.1003227634172 0.8626824207 -0.0133142212
640.62384 16.8566078083224 0.8709307801 0.0168125779
1004.95797 21.4395827699356 0.8709307801 0.1254279773
884.77017 20.2962955262457 0.8791929357 -0.0020098353
828.69231 17.2137732777944 0.8791929357 -0.0420228456
938.81712 20.7857558021573 0.8791929357 -0.0178425410
794.57053 14.3596110292374 0.8841497999 0.0486926392
780.55138 9.79972772539102 0.8874680181 0.0526723617
818.55528 6.92229191705089 0.8913440117 0.2349807587
854.56943 9.30511668582244 0.8957551532 -0.0350468416
866.59056 8.48356825144931 0.8957551532 0.0306471949
968.77017 19.9537432075493 0.8957551532 0.0000000000
633.50887 8.41454721275307 0.8957551532 -0.2656127124
678.67587 19.3487219475599 0.9040534637 0.0479631063
882.75452 20.1657219730558 0.9123620685 0.0272167040
873.69426 19.9600399364991 0.9123620685 0.0000000000
802.53573 8.8072254871286 0.9206800832 0.0000000000
482.32412 3.95183895239711 0.9206800832 0.0976149244
648.62892 17.7893797949017 0.9206800832 0.0011980774
668.65514 17.9540843972568 0.9206800832 0.0173144148
974.81712 20.384280103872 0.9206800832 0.0000000000
946.78582 19.8770708820694 0.9206800832 0.0000000000
692.63401 20.9725110038892 0.9206800832 0.0000000000
694.63550 18.5406403840492 0.9274376319 0.0027469982
934.74943 19.0842250857724 0.9290066208 -0.0574335757
480.30847 3.32203324393808 0.9290066208 0.0296790252
814.56036 8.70784836086253 0.9274376319 0.0396410353
836.61398 14.570955316115 0.9290066208 -0.0660032636
788.52008 13.188931568567 0.9373407911 0.1038544651
834.60073 10.0765451541135 0.9373407911 0.0007882314
734.62932 18.3386039538541 0.9373407911 0.0000000000
818.72322 19.9347146472392 0.9373407911 0.1431255453
890.59166 8.8999990423556 0.9346767322 -0.0083360468
857.51856 7.51366050660253 0.9346767322 -0.0019452773
887.56551 10.1732158611296 0.9419212380 -0.0284364178
812.54361 4.75777593475662 0.9456817019 0.0000000000
690.47045 4.05779859626465 0.9456817019 -0.1410201456
904.59096 9.65470530168122 0.9456817019 -0.0631896869
858.75452 20.2874561402326 0.9540284589 -0.0732245070
572.52485 15.3794694053575 0.9540284589 0.5409797999
974.91102 21.1054190039006 0.9540284589 -0.1282153836
664.66022 19.0291120692078 0.9623801656 -0.0281659856
887.56200 9.03211311526418 0.9623801656 -0.0916876258
778.53573 10.989356969197 0.9623801656 0.0081030957
898.78582 20.4625150733069 0.9623801656 0.0295208319
896.77017 20.1628227835612 0.9623801656 0.0433221990
904.59096 9.52193022737572 0.9623801656 -0.1795392453
784.58508 14.2519779255557 0.9623801656 0.0172031943
810.68175 16.368849155244 0.9623801656 -0.0149732005
778.69192 17.9411885302442 0.9707359244 0.4962118425
844.60731 12.3088040433833 0.9709413539 -0.0220137761
858.62296 14.4865074634277 0.9709413539 -0.0065640420
752.55887 13.9768290065122 0.9707359244 29.5224618666
650.40386 3.11774402177906 0.9709413539 0.0000000000
934.80695 18.7914005540053 0.9707359244 0.0000000000
848.77017 18.1875551675254 0.9707359244 0.0000000000
703.58471 19.034943597028 0.9707359244 0.0000000000
778.56036 10.3678682672453 0.9782039068 -0.0191632814
862.55926 6.14886646467297 0.9790948359 0.0595121021
814.59675 11.1910876235275 0.9854682670 0.0427270791
628.36200 2.740829679828 0.9854682670 -0.0108163122
784.64497 18.1130067841994 0.9874560003 0.1199617193
794.72322 20.3548455367529 0.9874560003 0.1870357881
822.60073 11.6133237959531 0.9958185165 -0.0535553692
664.66022 18.8590914128475 0.9958185165 0.0023181174
786.60073 11.535491056944 0.9958185165 -0.0293568851
814.55926 5.68613653091241 0.9958185165 0.1448131531
818.72322 20.0338848425105 0.9958185165 0.0605830507
952.83277 20.458637392069 0.9958185165 0.0000000000
752.55887 14.0124081160384 0.9958185165 0.0713108895
900.80147 20.701114540079 0.9958185165 0.0339374991
914.81712 20.1061089271613 1.0000000000 0.0000000000
738.50793 9.18889688125833 1.0000000000 0.0218659713
