"m.z" "r.t" "p.value" "t.score"
844.51231 8.40001784466841 0.0000000001 -27.9114726576
1056.98927 21.7393811083369 0.0000000001 -28.0121589466
794.56943 10.0512169828038 0.0000000001 -28.5084799939
798.56435 7.40936832634803 0.0000000001 -28.2825101360
714.50793 10.6346404336776 0.0000000001 0.6722099880
798.56435 7.74104100674684 0.0000000002 -28.1219628497
734.47663 7.85423995381365 0.0000000001 -29.8356821868
798.56435 9.39019550686799 0.0000000001 -28.2249217358
912.57251 10.1489104584263 0.0000000001 -28.3685335811
904.60621 15.7121643288585 0.0000000002 -28.7104706789
911.56200 10.3169881981364 0.0000000001 -28.5954421725
998.91102 21.3514110167093 0.0000000001 -28.5530991084
826.59565 5.41358206450525 0.0000000001 -27.6200783222
756.63480 14.9382181617438 0.0000000001 -28.7848880820
826.59565 6.30493958316165 0.0000000001 -27.7950006865
826.59565 6.61402762876569 0.0000000001 -28.1257856866
843.70723 18.4689944607603 0.0000000001 -27.7877233382
743.60615 14.7694142748399 0.0000000002 0.0000000000
892.60621 14.269776412408 0.0000000002 -29.0779468730
902.57531 7.8476288981191 0.0000000002 -29.4392762306
902.57531 8.40777597764156 0.0000000001 -28.5466213059
892.60621 14.1193307211879 0.0000000002 -28.7488614721
913.74910 19.302198557412 0.0000000001 -28.0056252904
774.66062 18.9367944515235 0.0000000001 -28.3756770385
774.66062 19.10110760512 0.0000000001 -28.1629618342
970.84333 20.787414113719 0.0000000001 -28.0617395147
796.66610 15.6209886249695 0.0000000001 -27.9153720151
796.66610 15.453594050896 0.0000000001 -27.8873968931
894.69463 17.26798736618 0.0000000002 -28.5490440662
882.59833 11.2774711133797 0.0000000001 -27.8869266573
862.74943 18.3761521168708 0.0000000002 -28.2564892972
828.51740 8.78639476467082 0.0000000001 -27.9126077292
538.51937 12.6347754672218 0.0000000001 -28.8643870945
686.55655 8.93954766289255 0.0000000001 -27.9942701104
914.58816 11.4549287797669 0.0000000001 -28.4767360653
886.55686 8.74647435991662 0.0000000001 -29.1068292076
886.55686 9.77556956966247 0.0000000001 -29.2328697805
690.50683 10.254350732483 0.0000000001 -32.0249412827
914.58816 12.1295437681812 0.0000000002 -29.2660776602
886.55686 9.91590302768569 0.0000000002 -28.7924791188
886.63203 14.1498379234974 0.0000000001 -27.9027554965
878.57531 8.00328355330391 0.0000000002 -29.6170554223
864.76508 18.5487957679309 0.0000000002 -28.2296655405
716.52358 11.9465095907597 0.0000000002 0.7210541412
942.84842 21.2651997878172 0.0000000002 -27.3978450125
844.51231 7.60670784244211 0.0000000002 -25.8665030459
842.66333 16.4569772072823 0.0000000002 -29.3475425479
916.79638 18.7577446168061 0.0000000002 -29.2836056531
972.73457 15.9008881752571 0.0000000001 -27.9022361034
838.55686 11.6489497894507 0.0000000001 -28.3198947994
650.64457 18.2046555342791 0.0000000001 -28.7540690260
738.50793 10.3223454629904 0.0000000001 0.4468641203
720.66531 20.8553086450585 0.0000000001 -28.3628727072
935.76743 19.7157583960086 0.0000000002 -28.0142104666
950.81712 20.1666057797395 0.0000000001 -28.3744461553
886.55926 8.57816991215886 0.0000000001 -29.1504861480
836.54361 9.52829618383562 0.0000000001 -28.4693317887
836.54361 6.69187420605594 0.0000000001 -28.0902131498
836.54361 5.89059209797699 0.0000000001 -28.2178702002
776.63988 15.4470356803124 0.0000000002 -28.8281836374
836.54361 5.56437474523934 0.0000000002 -27.5348784265
648.32719 2.17865509719125 0.0000000001 -28.3344696447
790.65553 16.5310349134248 0.0000000001 -29.4652177699
782.53415 13.6397363078019 0.0000000001 -30.0114050248
449.36254 4.69384636354502 0.0000000001 -28.1665815291
476.27717 1.86263426161962 0.0000000001 -28.5263051910
886.74943 18.4161279046149 0.0000000002 0.0000000000
606.28375 2.14189733332432 0.0000000001 -29.7847818189
742.53573 10.0062373355179 0.0000000001 -28.4547940070
690.50683 10.2633397689426 0.0000000001 -32.0220266703
827.66367 13.4443841781333 0.0000000002 -28.6426828558
888.76508 18.2461233448749 0.0000000002 -28.5377136950
893.72048 18.9673373341336 0.0000000002 -28.4750544081
812.54361 10.7224346048556 0.0000000001 -28.2761455652
886.62963 14.1753157763862 0.0000000001 -27.9113612240
970.87972 21.0948246984237 0.0000000002 -27.5481084868
540.49864 8.7195918250089 0.0000000001 -27.7677650942
890.65632 11.3010359829542 0.0000000001 -28.1169916354
904.79638 19.6350400633875 0.0000000001 -29.1723165147
786.52906 9.54781366597177 0.0000000001 -30.3433559276
812.54361 8.69583647723979 0.0000000001 -27.8943965473
828.70757 19.5893528903648 0.0000000002 -28.9925765931
828.70757 19.682232899643 0.0000000002 -28.8541949029
592.56632 15.263897634046 0.0000000001 -28.0357998507
992.86407 20.3242270711278 0.0000000002 -29.2285866164
878.57531 8.33550877663642 0.0000000002 -29.3605014914
888.76508 18.4553307275951 0.0000000002 -28.8552571910
970.87972 21.3626190675767 0.0000000002 -29.1038484734
857.51856 6.78720399650259 0.0000000002 31.2411074594
992.77017 19.6172518313539 0.0000000002 -28.4267167848
804.51850 11.3263225046212 0.0000000002 -30.2198456469
1099.03622 22.0229615972476 0.0000000002 0.0000000000
972.85898 20.1777156725036 0.0000000002 0.0000000000
892.79638 19.2859606993813 0.0000000002 -29.2696974861
913.74910 19.1360211597815 0.0000000003 0.0000000000
502.29282 2.42363161790282 0.0000000003 -29.8655768776
913.74910 19.0395013049888 0.0000000003 0.0000000000
790.53573 8.61770766977979 0.0000000003 -28.7726964772
714.60310 16.4127143615306 0.0000000003 -23.5638800217
794.56943 9.80425172899345 0.0000000003 -27.5298058399
794.56943 9.62792156052975 0.0000000003 -29.2445945155
794.56943 9.22258334352286 0.0000000003 -28.4352753950
864.70757 19.5347191991189 0.0000000003 -29.3982894749
862.62502 9.24482835869706 0.0000000003 -31.4759672303
828.61130 11.736746831848 0.0000000004 -29.6078134258
774.52906 7.87181094106 0.0000000004 0.0000000000
690.50683 10.2541770466429 0.0000000004 -29.4277270559
864.70757 19.1255593728647 0.0000000004 -26.9737031426
864.70757 19.3124897141101 0.0000000005 -29.3005497804
781.63166 19.5054389752395 0.0000000005 0.0000000000
661.52790 9.69447754506992 0.0000000005 0.0000000000
678.56672 16.2927558222061 0.0000000005 0.0000000000
678.56672 16.431549127195 0.0000000005 0.0000000000
714.50683 8.93825499182348 0.0000000005 0.0000000000
838.55926 6.29566271833174 0.0000000011 27.7393170153
838.55926 5.90826679290631 0.0000000011 0.0000000000
838.55926 6.97461568849113 0.0000000011 0.0000000000
593.51395 14.7986388488556 0.0000000011 27.2957881959
838.55926 5.42834274301472 0.0000000011 0.0000000000
838.55926 5.74322668110538 0.0000000011 0.0000000000
838.55926 11.5171097840673 0.0000000011 28.1703942539
838.55926 11.9920506155625 0.0000000011 26.0749011974
512.46734 6.90917724543291 0.0000000011 28.3873484260
910.74943 17.7345957013036 0.0000000011 0.0000000000
774.60073 16.2362152812099 0.0000000011 28.8993146538
919.73613 19.1677797138039 0.0000000011 0.0000000000
936.76508 18.5186099282481 0.0000000011 29.1045230177
730.54050 11.6714273823859 0.0000000011 28.8414788409
916.73887 19.687053728927 0.0000000011 28.4472648547
742.53923 13.051048931761 0.0000000006 0.6001951280
866.66333 16.1311032822682 0.0000000011 27.0233490203
888.64528 15.1423347059567 0.0000000011 27.4493571973
854.62695 11.710716483512 0.0000000007 0.0000000000
1106.75610 13.4691689992642 0.0000000011 27.5270365655
818.56943 10.6752780889912 0.0000000011 30.1546926640
927.61096 14.2420765502054 0.0000000011 28.0546440236
831.63745 12.3309298603856 0.0000000011 29.4315314722
932.62226 10.990910959421 0.0000000009 30.6465672638
803.66367 7.49280608940534 0.0000000011 27.6679855944
878.56943 7.3036778221345 0.0000000011 27.2348007689
892.60381 14.3065056849868 0.0000000011 26.1744590749
814.53813 12.2523247458168 0.0000000006 0.0000000000
645.54525 17.326768853654 0.0000000009 29.0644100458
872.57759 11.4901192517225 0.0000000011 27.8173163088
754.53813 9.88018527485945 0.0000000011 0.0000000000
608.52485 12.9131676509597 0.0000000009 -28.5663378849
682.64966 21.2500256419296 0.0000000011 25.8333194636
818.56703 10.0990382757739 0.0000000011 25.7578814980
760.64497 17.9993307313395 0.0000000011 25.2437170711
620.59762 16.7396977575606 0.0000000011 0.0000000000
826.71305 17.9751998039885 0.0000000011 21.9131788839
808.66610 15.0654361565242 0.0000000011 28.5758295909
808.66610 15.2926862036791 0.0000000011 28.3304359812
763.63876 17.9344687427686 0.0000000011 28.3065691160
831.63745 12.5092239702787 0.0000000011 28.0975479580
800.52008 7.00529186720658 0.0000000011 0.0000000000
768.55138 8.9843632360349 0.0000000011 28.4012356321
798.52556 9.96851421522603 0.0000000011 0.0000000000
876.57601 8.19824993908171 0.0000000006 -30.2420218952
842.56943 9.99018256168592 0.0000000011 0.0000000000
864.64768 14.4603596661296 0.0000000011 29.2123649941
868.73887 19.5012183316609 0.0000000007 25.8046724853
620.59762 16.4863827907993 0.0000000011 28.5238871554
680.41443 3.78815629557579 0.0000000006 29.8704814773
634.61327 17.6319395883584 0.0000000011 28.3299638971
750.50443 6.90835286677073 0.0000000011 0.0000000000
766.50175 8.15633711614708 0.0000000009 0.0000000000
634.61327 17.2609706958659 0.0000000011 0.0000000000
634.61327 17.046546987421 0.0000000011 28.5726963272
872.58000 10.9374339665835 0.0000000011 28.0004243759
798.52796 10.0199104253459 0.0000000011 0.0000000000
824.61638 11.9954974542944 0.0000000011 25.4616975454
926.81712 19.9961071843996 0.0000000010 0.0000000000
936.76508 19.1179883382877 0.0000000011 29.9486001647
694.63440 18.3553007082915 0.0000000011 28.6854680497
832.70248 17.9104454003649 0.0000000011 0.0000000000
832.70248 18.9964478641512 0.0000000011 28.5431761603
832.70248 19.1785617031494 0.0000000011 28.8268026783
832.70248 19.3221789584865 0.0000000011 28.1734662818
946.84333 20.3755432478324 0.0000000011 0.0000000000
744.66531 20.9369401257098 0.0000000011 27.4917770478
884.73378 17.9493702637135 0.0000000011 0.0000000000
832.70248 17.6077147587415 0.0000000011 0.0000000000
582.50920 12.5131635258936 0.0000000011 0.0000000000
682.64966 21.2037438795692 0.0000000011 24.6682234526
764.52248 10.0117698170554 0.0000000008 0.4858832245
694.63440 18.598961260615 0.0000000011 28.8946605052
1071.00492 21.8021031932053 0.0000000008 0.0000000000
780.67118 18.9099025139418 0.0000000010 28.3812174915
780.67118 19.0957418247026 0.0000000011 28.0786095394
806.56242 5.8302685831104 0.0000000009 31.9360484992
521.42005 4.56245991383664 0.0000000011 28.3010009026
1008.89537 21.3493391355033 0.0000000011 28.8857563797
1008.89537 21.1674514292546 0.0000000011 28.4029801497
1002.94232 21.625995387222 0.0000000007 0.0000000000
902.74435 17.6365384225453 0.0000000011 0.0000000000
902.74435 17.2563816857018 0.0000000011 0.0000000000
938.78073 19.4082545818847 0.0000000011 29.1980605352
838.69192 18.8158373469008 0.0000000011 0.0000000000
1075.03622 22.2272700293582 0.0000000008 0.0000000000
736.49118 7.95376324806415 0.0000000011 26.3718624509
834.71813 19.5884635380838 0.0000000009 26.1809774386
908.73378 17.5335121646671 0.0000000011 0.0000000000
944.82768 20.8102044715988 0.0000000007 0.0000000000
788.52248 8.630284343459 0.0000000011 28.2999441385
1068.98927 21.7209722491142 0.0000000007 0.0000000000
670.63440 18.5185223829866 0.0000000009 31.7388107302
834.71813 19.7024842141707 0.0000000009 0.0000000000
838.69192 19.1221229252974 0.0000000011 26.8003378821
808.70248 19.53252474725 0.0000000009 0.0000000000
598.54050 15.5084030975704 0.0000000011 27.0049813294
808.70248 19.7207297847253 0.0000000011 27.9482136170
878.61994 8.43416308088934 0.0000000011 28.0149668211
582.50920 12.7753852773845 0.0000000011 27.5609707881
624.29431 3.21329177627375 0.0000000007 32.5980202782
942.81203 20.1232368911019 0.0000000011 29.7656220541
1000.92667 21.7006674697822 0.0000000011 0.0000000000
692.61875 17.6306018998363 0.0000000011 28.4838374143
906.71813 16.7899063087552 0.0000000011 28.0517115605
890.72322 19.4435201936027 0.0000000011 0.0000000000
1024.67785 8.65224253047407 0.0000000011 28.6848627941
942.81203 19.4462315033979 0.0000000011 0.0000000000
942.81203 19.2286735879301 0.0000000011 0.0000000000
790.69192 18.9613743988494 0.0000000010 26.8334237761
884.73378 18.2921117320691 0.0000000011 0.0000000000
828.55966 9.00662114892922 0.0000000011 0.0000000000
1040.95797 21.5668988741834 0.0000000011 28.2040058851
942.81203 20.5328877850625 0.0000000011 27.5532666035
884.73378 18.1777721222614 0.0000000011 0.0000000000
932.73378 18.7780916692925 0.0000000011 28.6674903612
890.72322 19.6916151495635 0.0000000011 27.7155580420
838.69192 19.2785591862241 0.0000000011 27.2058635677
955.77251 20.9201143944706 0.0000000011 27.9155317160
1040.95797 21.0951352585558 0.0000000011 28.2599190823
694.59802 17.7874457901788 0.0000000006 0.0000000000
946.71892 15.6794470700887 0.0000000011 0.0000000000
890.72322 19.3382342296112 0.0000000011 26.3481838366
886.78582 19.6966578494945 0.0000000012 0.0000000000
678.47045 4.03781475879018 0.0000000012 0.0000000000
838.55926 5.56502084678931 0.0000000012 0.0000000000
906.75452 20.0215279646577 0.0000000012 29.0635736570
819.61093 10.7711743305582 0.0000000013 31.0535772810
880.76000 18.8551280257099 0.0000000014 0.0000000000
808.73887 19.6163037534519 0.0000000016 -29.7665787989
694.64966 20.9714780654114 0.0000000017 -30.7072399193
694.64966 20.9081246444429 0.0000000017 -30.5023207204
819.58980 10.106011857773 0.0000000017 0.0000000000
995.89771 21.7376585462497 0.0000000019 -29.2506914587
812.54361 5.61346600504397 0.0000000021 -28.4887983870
689.56906 18.965613712175 0.0000000021 30.4697621295
580.49355 11.105666543637 0.0000000022 0.0000000000
1000.92667 21.0634287715864 0.0000000022 27.7485144209
766.53923 12.707427916444 0.0000000023 0.3523613967
812.54361 5.4848494774895 0.0000000025 -27.3428521350
806.72322 19.2355055086854 0.0000000026 0.0000000000
666.60310 16.3950706417439 0.0000000027 0.0000000000
956.73251 18.2063702884559 0.0000000027 0.0000000000
561.48883 13.1581818237378 0.0000000029 0.0000000000
886.78582 19.9591459073843 0.0000000030 27.8053955950
916.73887 19.4646229304789 0.0000000034 27.7812534069
908.79130 18.9241115323477 0.0000000037 -29.2172198943
906.77565 19.1793709313384 0.0000000038 0.0000000000
938.81712 19.8425766580366 0.0000000040 29.2776365362
834.75452 19.8122443409182 0.0000000041 -29.9923183593
716.52248 10.5192519460083 0.0000000041 0.6777850742
1089.05187 22.2640553517993 0.0000000041 0.0000000000
966.84842 20.353538437359 0.0000000045 30.7724935406
918.81203 19.3009013520459 0.0000000047 0.0000000000
716.52248 10.7508630510489 0.0000000051 0.6888310528
664.60271 20.6638709867292 0.0000000051 0.0000000000
942.84842 20.9329945481314 0.0000000051 -29.8187952638
740.52248 10.4417155448795 0.0000000053 0.5615956668
780.51740 7.52666946501343 0.0000000055 -29.3023417159
800.66101 16.0513020085876 0.0000000055 0.0000000000
796.70248 18.7920251571022 0.0000000055 0.0000000000
906.81203 19.9086914544665 0.0000000055 0.0000000000
974.87463 20.3029731425367 0.0000000057 0.0000000000
824.54471 12.6215207088815 0.0000000063 -30.0147284644
668.54598 7.98467547530437 0.0000000069 0.0000000000
970.78582 20.0961155933915 0.0000000072 -30.6152148926
641.51395 15.1740289860443 0.0000000072 31.0029215906
778.53573 8.83688841170851 0.0000000075 0.0000000000
691.66098 19.8595490829256 0.0000000075 0.0000000000
972.80147 20.1841074795638 0.0000000081 -30.5801546085
670.59802 18.7985306813644 0.0000000084 0.0000000000
538.48299 6.64984389580239 0.0000000084 0.0000000000
764.52358 10.4697163186512 0.0000000086 0.3839746318
806.68683 17.5470926919131 0.0000000087 0.0000000000
1054.97362 21.6374852635058 0.0000000091 0.0000000000
642.56672 17.5627122923697 0.0000000091 0.0000000000
1097.02057 21.8577031791158 0.0000000091 0.0000000000
946.84333 20.1393152901222 0.0000000094 0.0000000000
754.69192 18.7537397440771 0.0000000094 0.0000000000
754.69192 18.9316579655695 0.0000000094 0.0000000000
936.82260 19.8146090045997 0.0000000094 0.0000000000
821.66296 19.9192597458782 0.0000000098 -29.9118647260
1035.00492 22.09824741533 0.0000000098 31.7278960821
908.77017 20.2589387360271 0.0000000102 -29.9716796641
834.75452 19.623617780153 0.0000000119 -28.9902157412
813.69426 20.5201278422302 0.0000000119 0.0000000000
816.57491 6.54104460144424 0.0000000123 -26.3572847165
768.55138 12.8482763736528 0.0000000133 0.3779969556
768.55488 13.0541579667641 0.0000000135 0.6241141483
796.73887 19.7977855137768 0.0000000138 0.0000000000
940.60381 12.0061833729497 0.0000000144 30.9761073733
940.60621 12.272387208172 0.0000000144 30.9740846447
633.50646 17.0899299089191 0.0000000144 0.0000000000
920.77017 19.6194986597358 0.0000000149 0.0000000000
798.52906 7.04077675779076 0.0000000166 -30.1553504730
874.78582 20.6551008507198 0.0000000195 0.2686983542
642.56672 17.3170901896051 0.0000000218 0.0000000000
642.56672 17.8943152494222 0.0000000226 0.0000000000
790.65553 16.0535794870784 0.0000000294 0.0000000000
572.48847 13.085586598735 0.0000000368 0.0000000000
536.50372 10.509208423509 0.0000000368 0.0000000000
572.48847 12.7974983020348 0.0000000396 32.6777896754
768.55378 12.8432310112672 0.0000000396 0.3894325822
558.47282 19.3047972289926 0.0000000396 0.0000000000
670.59802 17.678965354013 0.0000000476 0.0000000000
758.53305 9.56620509239456 0.0000000476 0.0000000000
712.64497 18.7308969181232 0.0000000494 31.0464333652
782.72322 19.5597745781931 0.0000000494 0.0000000000
790.53813 12.8512910956349 0.0000000513 -30.0365436382
718.53813 12.5773093985538 0.0000000662 0.8099655102
766.53573 12.6762752449308 0.0000000687 0.6170227537
866.81712 20.6864549321464 0.0000000794 0.0000000000
792.55378 12.2489819937957 0.0000000823 0.4363870225
728.52358 11.4838282938149 0.0000000843 0.4428511861
778.53573 9.27395638253587 0.0000000918 31.0990778778
764.52358 11.249843012875 0.0000000929 0.4599241607
678.56672 15.9855257875705 0.0000000951 -30.6944664951
794.56943 13.8108287014337 0.0000000986 -30.1377570118
812.66101 15.4849345277848 0.0000000986 0.0000000000
788.52008 13.188931568567 0.0000001022 0.5526204554
769.62180 14.6479309917326 0.0000001223 0.0000000000
972.80147 20.3421750978582 0.0000001267 -30.9181046694
662.57180 15.4290186726661 0.0000001361 0.0000000000
764.52248 11.4149055732965 0.0000001461 0.5654688947
932.79130 17.8258773830643 0.0000001514 0.0000000000
610.54050 15.0388247279259 0.0000001569 0.5109225311
754.53813 8.19847468907275 0.0000001625 0.0000000000
916.60381 13.1587670191815 0.0000001625 0.0000000000
860.61398 12.8436534231233 0.0000001684 0.0000000000
728.60350 12.3703602829537 0.0000001684 0.0000000000
791.61366 12.3881898744884 0.0000001684 0.0000000000
770.56943 13.1877330009195 0.0000001807 0.0000000000
745.62180 16.1458603866542 0.0000001807 0.0000000000
900.61130 13.3894818630432 0.0000001807 0.0000000000
878.58816 12.7629630372409 0.0000001872 0.0000000000
796.54629 7.98897680006058 0.0000001872 0.0000000000
848.54361 10.047191338987 0.0000001939 0.0000000000
818.49666 7.64414006691952 0.0000001939 0.0000000000
970.71892 14.152363837516 0.0000001939 0.0000000000
796.54870 7.97134259044364 0.0000001939 0.0000000000
1136.80305 16.5401036363083 0.0000001939 0.0000000000
918.75452 19.1835581393877 0.0000002009 0.0000000000
660.55615 14.1730374212904 0.0000002009 0.0000000000
820.51231 9.20583662612468 0.0000002009 0.0000000000
812.52008 12.5446320617231 0.0000002009 0.0000000000
771.63745 16.0121158351908 0.0000002009 0.0000000000
792.48101 7.38003461304003 0.0000002009 0.0000000000
860.54121 8.65870550996592 0.0000002009 0.0000000000
881.68650 17.4836337700889 0.0000002232 0.0000000000
672.54090 8.20773676598412 0.0000002232 0.0000000000
624.55615 15.2359536765845 0.0000002311 0.0000000000
618.58197 16.8515136611189 0.0000002080 0.0000000000
930.75452 19.5970339347887 0.0000002232 0.0000000000
552.53502 13.5982849335961 0.0000002232 0.0000000000
644.59762 15.2198626568904 0.0000002311 0.0000000000
674.64457 17.6769971067008 0.0000002232 0.0000000000
822.56435 8.43735291513157 0.0000002311 0.0000000000
564.53502 13.016760221587 0.0000002232 0.0000000000
1077.05187 22.3149972740452 0.0000002311 0.0000000000
842.62695 9.03822113025416 0.0000002311 0.0000000000
744.59254 17.5258161752218 0.0000002311 0.0000000000
790.59565 10.1741571526494 0.0000002311 0.0000000000
608.59762 17.1278515911952 0.0000002155 0.0000000000
524.50372 11.3822844500956 0.0000002232 0.0000000000
891.70483 18.8863638533251 0.0000002311 0.0000000000
836.67627 18.6357788846501 0.0000002232 0.0000000000
814.50175 8.28706860620359 0.0000002311 0.0000000000
822.56435 6.98915339023115 0.0000002232 0.0000000000
1026.94232 21.4520957667081 0.0000002311 0.0000000000
793.55889 8.66615893672386 0.0000002080 0.0000000000
790.53923 12.0710857916984 0.0000002194 0.4634468450
819.63745 13.1161312191406 0.0000002155 0.0000000000
622.54050 14.2298657740344 0.0000002311 0.0000000000
918.68762 13.7460953575189 0.0000002232 0.0000000000
746.68096 21.2352965492086 0.0000002232 0.0000000000
860.61398 14.0406008432365 0.0000002232 0.0000000000
686.57180 15.9654149812827 0.0000002311 0.0000000000
796.54870 6.73042125074951 0.0000002311 0.0000000000
690.60310 16.9847488289727 0.0000002232 0.0000000000
914.58816 10.9428386356678 0.0000002232 0.0000000000
652.58745 16.9354448595998 0.0000002311 0.0000000000
692.52248 12.0416949597893 0.0000002311 0.0000000000
826.53573 8.05664216501058 0.0000002155 0.0000000000
762.50683 8.7867781831381 0.0000002311 0.0000000000
750.50683 8.87963413499846 0.0000002155 0.0000000000
690.60310 16.8133125031881 0.0000002232 0.0000000000
780.52901 7.25572502669142 0.0000002155 0.0000000000
824.54361 10.7181607840464 0.0000002155 0.0000000000
1132.77175 13.3299254915796 0.0000002155 0.0000000000
1022.66220 7.16196778049472 0.0000002232 0.0000000000
996.64655 6.94142941247537 0.0000002311 0.0000000000
762.50443 8.7639163553579 0.0000002311 0.0000000000
1108.77175 15.1342740346312 0.0000002311 0.0000000000
1134.78740 15.346940214106 0.0000002232 0.0000000000
779.60615 8.88831180841904 0.0000002232 0.0000000000
650.57180 15.9704632345045 0.0000002155 0.0000000000
860.54361 7.08624726430884 0.0000002393 0.0000000000
848.61638 11.5896624503375 0.0000002393 0.0000000000
820.54870 9.30071755361875 0.0000002393 0.0000000000
666.63949 17.0532694771335 0.0000002393 0.0000000000
776.52248 7.23964423955735 0.0000002393 0.0000000000
956.77017 19.9634717117313 0.0000002393 0.0000000000
820.54870 7.51647340501577 0.0000002393 0.0000000000
764.67627 18.9609767038825 0.0000002478 -29.1349460117
885.54635 7.7713487642378 0.0000002478 0.0000000000
624.55615 15.5823917350051 0.0000002478 0.0000000000
1134.78740 15.0179941635531 0.0000002478 0.0000000000
860.54121 8.2015241960463 0.0000002478 0.0000000000
788.52248 10.6156606168787 0.0000002478 0.0000000000
770.56943 14.0563745517994 0.0000002478 0.0000000000
804.61130 11.6613723077388 0.0000002478 0.0000000000
1149.88206 11.9145627667086 0.0000002478 0.0000000000
848.61638 12.4766974271809 0.0000002478 0.0000000000
776.58000 9.99120757874444 0.0000002566 0.0000000000
860.54361 8.38474410173571 0.0000002566 0.0000000000
684.55615 13.7310499656203 0.0000002566 0.0000000000
881.68650 17.350154695584 0.0000002566 0.0000000000
568.56632 15.451306688055 0.0000002566 0.0000000000
666.53033 6.64359598509578 0.0000002566 0.0000000000
1036.92667 21.2203718984661 0.0000002566 0.0000000000
953.75686 20.3308731897674 0.0000002657 0.0000000000
860.61638 10.814572123533 0.0000002657 0.0000000000
816.55138 9.00539700019513 0.0000002657 0.0000000000
889.57765 10.2944029330796 0.0000002751 0.0000000000
770.56943 12.3151054857801 0.0000002751 0.0000000000
557.45644 4.03606346915314 0.0000002751 0.0000000000
716.56711 9.64189199345199 0.0000002751 0.0000000000
884.54361 8.41095632218902 0.0000002751 0.0000000000
742.53813 12.0213414389539 0.0000002751 0.0000000000
826.63203 10.8441037589627 0.0000002751 0.0000000000
626.34284 3.15904989717205 0.0000002849 0.0000000000
906.60661 10.9954806200241 0.0000002849 0.0000000000
834.52796 7.92853126333138 0.0000002849 0.0000000000
907.77251 26.3700618026339 0.0000002849 0.0000000000
805.62180 11.9884327858594 0.0000002849 0.0000000000
862.63203 11.9512535006425 0.0000002849 0.0000000000
594.58197 16.5808252982973 0.0000002849 0.2649294404
783.45714 2.98186299648712 0.0000002949 0.0000000000
838.55926 5.06340574600331 0.0000002949 0.0000000000
748.54870 7.53976224564786 0.0000002949 0.0000000000
834.71813 18.4029145964906 0.0000002949 0.0000000000
834.71813 18.4485323971623 0.0000002949 0.0000000000
902.78073 19.570113456069 0.0000002949 0.0000000000
752.52008 8.38462031932374 0.0000002949 0.0000000000
592.49355 4.9402285411521 0.0000002949 0.0000000000
910.55926 9.20945876592457 0.0000002949 0.0000000000
800.54361 11.5977043071417 0.0000003053 0.0000000000
767.60615 12.7337436123045 0.0000003053 0.0000000000
874.55926 7.78244762153085 0.0000003053 0.0000000000
826.53573 7.43053805823641 0.0000003161 0.0000000000
884.54121 8.56678313424988 0.0000003161 0.0000000000
626.57180 16.9606438751328 0.0000003161 0.0000000000
664.58745 16.9059194033 0.0000003272 0.0000000000
842.70796 17.4882012477371 0.0000003272 0.0000000000
753.59050 8.67537806258626 0.0000003272 0.0000000000
670.64966 21.4265644864745 0.0000003272 0.0000000000
660.55615 15.3663824574461 0.0000003387 0.0000000000
934.80695 19.1902897071621 0.0000003387 0.0000000000
860.54361 9.05982176456638 0.0000003506 0.0000000000
1101.05187 22.1911342757731 0.0000003506 0.0000000000
658.54050 14.1221329561315 0.0000003506 0.0000000000
628.35849 3.85206451276393 0.0000003506 0.0000000000
742.53573 12.0805817474551 0.0000003629 0.0000000000
822.56435 7.46586625635427 0.0000003629 0.0000000000
736.49228 8.51287416030218 0.0000003723 0.4343201224
624.32719 2.37772744078826 0.0000003756 0.0000000000
830.56703 9.26299199256904 0.0000003756 0.0000000000
970.78582 19.9160094318401 0.0000003756 -29.8128992545
971.70991 19.4800049739226 0.0000003888 0.0000000000
688.58745 16.0393490043176 0.0000003888 0.0000000000
880.71774 19.7805826656054 0.0000003888 0.3426448671
910.78582 19.5903718907248 0.0000003887 0.0000000000
805.62180 10.0358196364818 0.0000003888 0.0000000000
820.51231 8.44617022668243 0.0000004023 0.0000000000
848.54361 10.4299192267077 0.0000004023 0.0000000000
860.61638 10.4766470056212 0.0000004164 0.0000000000
822.56194 7.2826229910224 0.0000004309 0.0000000000
682.54050 12.2558316489976 0.0000004309 0.0000000000
645.56051 18.3142285392967 0.0000004309 0.0000000000
754.65553 17.7675590795001 0.0000004309 30.1442038295
544.45717 10.6548749156376 0.0000004459 29.0357307417
666.56672 16.7917730699918 0.0000004614 0.0000000000
736.49228 7.94913734105586 0.0000004615 0.0000000000
762.50443 8.17792824107983 0.0000004940 0.0000000000
766.53573 10.1042840974005 0.0000004940 0.4317430517
1034.91102 21.6242738234341 0.0000005111 0.0000000000
916.83277 21.2181831868393 0.0000005288 0.0000000000
956.79130 19.4535207201066 0.0000005471 0.0000000000
740.63401 20.5689674938009 0.0000005471 0.0000000000
600.32719 2.9382701936241302 0.0000005471 0.0000000000
748.64497 18.8205068382173 0.0000005471 0.0000000000
755.60615 12.6154342502388 0.0000005659 0.0000000000
852.55138 7.82364064179835 0.0000005854 0.0000000000
783.63745 12.5822459095545 0.0000006056 0.0000000000
820.51341 5.60057732510117 0.0000006256 -31.1417626543
762.50683 8.17303562964144 0.0000006479 0.0000000000
684.55615 14.0212976895966 0.0000006479 0.0000000000
842.66333 16.0335957915798 0.0000006702 0.0000000000
566.55067 14.9770299074136 0.0000006702 0.3252049378
932.77017 20.0116510240289 0.0000006702 0.0000000000
752.52008 7.93427582991434 0.0000006931 0.0000000000
766.53813 10.6408584802938 0.0000007413 0.3961364074
974.75022 16.9362575111927 0.0000007927 0.0000000000
826.53573 7.74611818368022 0.0000007927 0.0000000000
876.80147 20.8894861974896 0.0000008197 0.3460069153
718.64966 20.9885479032109 0.0000008197 0.0000000000
812.65514 18.911232777149 0.0000008197 0.0000000000
872.77017 20.4651812734825 0.0000008197 0.3050401096
686.57180 14.8685647194608 0.0000008476 0.0000000000
860.54121 8.47092903531008 0.0000008764 0.0000000000
862.63203 12.2833803435442 0.0000008764 0.0000000000
766.53813 10.5906541623826 0.0000009061 0.4676054321
662.57180 16.0205121754695 0.0000009368 0.0000000000
950.81712 20.688621773897 0.0000009368 -31.2798490149
738.66062 18.845843684782 0.0000011059 0.0000000000
808.66610 17.3130593589511 0.0000011431 0.0000000000
888.76508 20.0952089837461 0.0000011814 0.5751914572
838.78582 20.3699000055068 0.0000012211 -30.9049374152
842.70796 17.694879108752 0.0000012211 0.0000000000
844.51341 9.89377038181134 0.0000012810 0.4124152279
790.53923 11.3707863287423 0.0000013193 0.5742827458
858.71813 19.1482565223238 0.0000013477 0.0000000000
1006.87972 20.9550512295005 0.0000013477 0.0000000000
953.75686 20.4907993543649 0.0000014391 0.0000000000
862.63203 13.9793865361005 0.0000014870 0.0000000000
792.55488 13.6628891651468 0.0000015278 0.3556158780
612.55615 16.2959897737381 0.0000015364 0.5364803696
1004.86407 21.0179301694015 0.0000015364 0.0000000000
638.57180 16.837530747892 0.0000015874 0.4177747497
982.68955 3.12520071322685 0.0000015874 0.0000000000
652.55107 15.7972972243683 0.0000016400 0.0000000000
700.57220 10.2433176901315 0.0000016400 0.0000000000
846.52906 7.84948201325996 0.0000017170 -29.6392401238
1006.87972 21.0670194722587 0.0000017503 0.0000000000
822.52796 7.86313854524781 0.0000018677 0.0000000000
766.53923 11.4782118136062 0.0000018736 0.4662913935
732.55378 13.7898606452611 0.0000019292 0.6407316276
886.74943 19.8293334938339 0.0000019927 0.4583193125
652.55107 16.1077760555979 0.0000021257 -27.4615198000
575.46700 5.38680386869267 0.0000022671 0.0000000000
900.55966 7.26078663209715 0.0000022671 0.0000000000
744.55378 13.1816891747472 0.0000024176 0.7057856825
1004.86407 20.8282943621821 0.0000024964 0.0000000000
686.57180 15.4507181641884 0.0000024964 0.0000000000
1004.86407 20.7677610825149 0.0000024964 0.0000000000
778.53573 10.989356969197 0.0000025777 0.2942636615
811.66875 16.5864032197892 0.0000028370 0.2454101472
795.63745 17.2437848228664 0.0000029289 0.0000000000
964.83277 20.4689942462704 0.0000029289 0.0000000000
1002.84842 20.7777363196825 0.0000029289 0.0000000000
800.52248 7.25042467467313 0.0000029289 0.0000000000
932.77017 19.8525281248487 0.0000030236 0.0000000000
866.72322 19.5272690278866 0.0000033257 -28.8163303313
762.50793 9.88437228359852 0.0000036215 0.3870854234
774.60073 16.239879683181 0.0000038945 0.5134825577
746.56943 14.616686840722 0.0000040190 29.1021237599
539.43062 4.05616896686207 0.0000041473 0.0000000000
636.55615 15.2007447017287 0.0000041473 0.4780180694
819.64731 19.4473886504971 0.0000044157 0.0000000000
916.60381 13.4903661896687 0.0000045560 0.0000000000
854.72322 19.9405815392757 0.0000051614 0.0000000000
792.55378 11.5036067657378 0.0000051614 0.6479805153
748.49228 8.77720742785254 0.0000052156 0.3296361797
810.75452 19.9849887103618 0.0000053244 28.8899998137
768.55488 13.6632194275774 0.0000053628 0.3801663480
766.53813 11.4098198392024 0.0000056652 0.5326607058
766.53813 7.65739773700549 0.0000058434 0.0000000000
640.58745 17.3168212821192 0.0000058434 0.4475727287
790.53923 10.8349915198868 0.0000058285 0.3570041006
772.54870 7.78099368630519 0.0000058434 0.3669091591
844.58508 10.7854915782518 0.0000060269 0.0000000000
818.53305 10.012809250657 0.0000060269 0.0000000000
617.51395 16.2934649041849 0.0000062159 0.4257701268
743.60615 10.5243643238476 0.0000062159 0.0000000000
766.53923 11.9637099189358 0.0000063329 0.4157729580
1103.06752 22.3870488232244 0.0000064106 0.0000000000
652.66022 18.9565300323588 0.0000066111 0.3908682079
964.83277 20.746725863282 0.0000068177 0.0000000000
858.71813 19.3689287705758 0.0000068177 0.0000000000
662.57180 15.5908266441928 0.0000070303 0.0000000000
826.54401 7.42890087014012 0.0000070303 0.0000000000
904.54980 8.14853124545839 0.0000074697 0.0000000000
904.54980 8.14853124545839 0.0000074697 0.0000000000
600.29431 3.49984980830846 0.0000078902 0.0000000000
778.53813 6.85727614892335 0.0000079462 0.0000000000
736.49228 8.97475847568944 0.0000083333 0.3322953130
884.73378 19.4554963506516 0.0000087068 0.3943883911
860.77017 20.5551104196995 0.0000089755 0.3760582270
835.53311 7.87810370052952 0.0000092520 0.0000000000
888.70757 19.1638807447092 0.0000092520 8.0342098510
821.62658 12.2074870089472 0.0000098298 0.0000000000
785.65310 13.0593623394444 0.0000098298 0.2891912346
871.53421 8.44473902873824 0.0000109296 32.2226122965
1010.91102 21.3809305163438 0.0000117771 0.0000000000
677.64533 19.6289636219167 0.0000118484 0.0000000000
776.52358 10.597279058561 0.0000125014 0.3380056768
850.78582 21.0328132545998 0.0000125043 0.4320156356
634.54050 13.2313475527551 0.0000132742 0.4048131968
856.58508 8.70629782001326 0.0000149520 0.3501488974
740.52248 9.29037375530442 0.0000149520 0.0000000000
755.60615 9.77593965244202 0.0000149520 0.0000000000
505.42623 9.42082750728656 0.0000154736 31.0498062672
734.62932 18.7524257712838 0.0000168307 0.0000000000
664.58745 16.5915303155701 0.0000173344 0.0000000000
700.48878 7.51491353390292 0.0000173344 0.0000000000
784.66610 16.4558181851827 0.0000178524 0.2481901190
835.66875 15.0213345601098 0.0000178524 0.3279663991
948.85898 20.3127156013115 0.0000178524 0.0000000000
622.61327 17.6665487371794 0.0000194965 0.2545519316
904.59096 7.68094156461773 0.0000200758 0.0000000000
825.68440 14.7942929438249 0.0000212841 0.0000000000
837.54986 10.9564082702198 0.0000217855 0.0000000000
848.77017 20.6807771811994 0.0000219139 0.3635648420
634.54050 13.3829831408155 0.0000232271 0.3980341610
718.53813 12.6119143033882 0.0000239115 -31.2199789288
936.80147 20.3239508673701 0.0000253382 0.0000000000
742.53813 7.9032488405802 0.0000260815 0.0000000000
862.78582 20.7958659569877 0.0000276309 0.2888243458
666.60310 17.4600631742548 0.0000276309 0.4560652886
790.50175 8.11831765233682 0.0000276309 30.0064655278
824.54361 8.60993483439603 0.0000301201 -30.1009173829
794.56703 13.4993131154608 0.0000301201 0.3837654329
624.62892 18.080783619151 0.0000301201 0.3542167536
610.50412 4.24553244043687 0.0000318964 0.0000000000
778.53573 9.10865057062369 0.0000318964 30.2558441749
642.61836 21.2138729018903 0.0000328214 0.0000000000
715.58471 19.0322109278503 0.0000337719 33.6157319525
638.57180 16.4073643619277 0.0000337719 0.4389629343
846.75452 20.3996068946452 0.0000357518 0.3687529334
909.54876 9.52944471960353 0.0000367827 0.0000000000
772.58508 15.071718443991 0.0000389296 0.5333948331
1010.91102 21.2903281116972 0.0000389296 0.0000000000
878.81712 21.2157968899821 0.0000389296 0.3672594942
888.80147 19.8628934003178 0.0000389296 -30.1696197472
882.58658 6.95010110983653 0.0000393679 0.0000000000
864.80147 20.9858952501716 0.0000411952 0.3782810212
742.64966 20.5986169077755 0.0000423743 0.0000000000
888.80147 20.8119473955546 0.0000423743 0.3008879092
650.64457 18.6323604040323 0.0000435854 0.2185198492
940.83277 21.0017683424938 0.0000461069 0.0000000000
638.64457 18.5261975271008 0.0000501498 0.2644456556
782.68683 18.1693132593408 0.0000501498 0.0000000000
652.55107 16.4689038839025 0.0000515706 -30.0514017356
1023.92901 21.8985576701038 0.0000626374 0.0000000000
1034.91102 21.1509599448459 0.0000626374 0.0000000000
727.56599 18.2335352367007 0.0000643909 0.0000000000
481.42514 4.04330644716952 0.0000661909 34.4427889561
738.50683 8.6070909281738 0.0000661909 0.6785062711
960.73457 16.4040791377762 0.0000680383 34.1076690379
890.81712 21.012173390491 0.0000699345 0.3297926353
757.62180 15.5650548262963 0.0000699345 32.8496022056
979.86641 21.4848472667142 0.0000718806 -28.4246082467
930.60661 9.55844054400059 0.0000718806 32.4839233097
934.87972 20.9370845076923 0.0000738779 0.3114254375
742.64966 20.6011187736777 0.0000738779 0.0000000000
928.59096 9.0351711901142 0.0000780309 0.0000000000
907.53311 7.80151880012668 0.0000824040 31.3071050795
662.36748 3.05994006398348 0.0000850375 -0.3034980382
890.78073 20.1930690555323 0.0000969547 0.5711576808
634.54050 13.8233926110864 0.0000996041 0.2811367524
768.55378 12.0939846851885 0.0001051093 0.5056443745
972.73457 15.5643539966878 0.0001169922 0.0000000000
636.62892 18.1737697021783 0.0001201550 0.1681383703
752.52248 8.40281504295583 0.0001233983 0.0000000000
950.68556 15.933915867878 0.0001250006 0.0000000000
738.50683 9.06434144561287 0.0001301340 0.4449543662
994.78582 19.7892142749866 0.0001336303 0.0000000000
912.76508 19.8415631670713 0.0001336303 0.4065878272
951.74121 20.2440568300512 0.0001336303 0.0000000000
866.72322 19.7874246248282 0.0001372151 -30.7417687904
814.63203 12.6613429025469 0.0001408903 0.0000000000
838.63203 13.2259585884285 0.0001485205 0.2096424031
648.62892 17.5698495820039 0.0001524800 0.2077796808
782.65045 15.1582073084874 0.0001606988 0.2127976287
914.72322 19.374899610818 0.0001606988 31.8097605228
880.73887 19.154743256211 0.0001649629 0.0000000000
908.79130 19.1546367349306 0.0001738123 -28.1419274152
758.62932 18.0689527429452 0.0001879273 0.0000000000
886.78582 20.5689864060295 0.0001928669 0.2689524751
580.56632 15.6431414919584 0.0001979284 -0.8958818987
770.65045 17.6273221834902 0.0002031145 32.8042000266
790.53813 9.86387168759099 0.0002194491 0.0000000000
794.57053 14.3596110292374 0.0002244294 0.3074965200
796.58508 14.4598345498102 0.0002251626 0.4243945572
866.72322 19.9644538148942 0.0002310156 -20.1403941320
758.62932 18.4987935386269 0.0002370111 0.0000000000
632.52485 12.2504468890402 0.0002370111 0.0000000000
850.55926 9.97313958271886 0.0002370019 0.0000000000
858.75452 20.2874561402326 0.0002494426 0.2899927394
298.31044 4.60763436225434 0.0002692415 -0.1684241128
904.83277 21.1064113922071 0.0002692415 0.2400576760
920.77017 20.2206750068248 0.0002761620 0.2161295473
658.54050 12.8856863424462 0.0002832490 0.0000000000
610.50412 4.10610576732975 0.0002979372 0.0000000000
884.77017 19.3221372557493 0.0002979372 -5.6694443862
358.29628 3.67315702398483 0.0003018318 0.1745965123
790.53813 10.1376915294494 0.0003055460 0.0000000000
960.89537 21.0543832240577 0.0003378381 0.2074844182
852.76508 19.5195850782149 0.0003551562 0.0000000000
910.74943 19.2548489487144 0.0003733018 0.2477155775
591.49590 16.2122872123923 0.0003733018 0.2978629466
826.67666 15.9411548377082 0.0003826963 0.2115160626
778.53813 11.0364371463682 0.0003826963 0.3067342605
850.56036 7.46523297334516 0.0004314039 1.3929340578
978.84842 20.8363407855246 0.0004330740 0.1961380706
615.49830 15.0490793396637 0.0004330740 0.0000000000
820.51341 10.3338103400281 0.0004410214 0.2848314214
996.80147 20.212933606418 0.0004438652 0.0000000000
812.69740 17.4862072751591 0.0004662048 0.1859758216
505.42623 8.56639182555465 0.0004815281 2.9399064815
507.44188 10.2344286229577 0.0004921835 34.1155468599
782.63792 9.11959454265665 0.0004921835 -2.1401864440
589.48025 14.6938891025669 0.0005140651 0.0000000000
910.55686 9.90662773587235 0.0005140651 0.0000000000
615.49830 14.7970414634254 0.0005529243 0.0000000000
639.49830 13.3423273390183 0.0005664739 0.0000000000
934.78582 20.2942234800067 0.0005803322 0.0000000000
854.53305 8.8617910459713 0.0006238241 0.0000000000
970.78345 19.5917473672994 0.0006238241 0.0000000000
734.62932 18.5910462984725 0.0006389826 0.0000000000
848.54471 7.29505914299636 0.0006384092 1.3022409391
665.51395 14.8451470102648 0.0006544832 0.0000000000
830.55528 7.71586559912584 0.0006522625 0.1951875390
878.78073 19.6686886948245 0.0006544832 0.0000000000
836.77017 20.796253076464 0.0006544832 0.3561790960
780.70866 18.8798975705685 0.0007105191 0.3567790142
810.68175 16.368849155244 0.0007200488 0.1838816975
770.57053 14.9447183623338 0.0007258203 0.2276544798
832.73887 20.2421245068439 0.0007373678 0.2352759076
856.57093 5.59898090401648 0.0007414271 0.8290018586
886.56036 6.96652449498132 0.0007414271 -28.5517638086
812.54361 4.75777593475662 0.0007550730 -0.3616428587
834.62296 14.2641245045085 0.0007573452 0.3288365859
834.75452 20.5419295597483 0.0008105855 0.3277856919
598.50412 13.7863523370105 0.0008105855 0.0000000000
535.47318 12.6725741779396 0.0008242438 0.0000000000
664.38313 3.46430112791016 0.0008779714 -0.2998059492
591.49830 16.2051605704834 0.0009331431 0.2135677550
802.55926 10.6574420779 0.0009331431 0.0000000000
902.81712 20.9108048706781 0.0009551660 0.2325465406
828.55138 8.70478008207161 0.0009776696 0.0000000000
804.51740 9.11919690134941 0.0009776696 0.0000000000
933.71780 17.4551530890066 0.0011233273 -0.0667003509
860.73378 19.7167902627459 0.0011233273 0.4744434126
568.36200 3.84595053331385 0.0011269976 -0.2111494248
616.36200 3.22359374491745 0.0012235575 0.0000000000
996.80147 20.2808981984853 0.0013185065 0.0000000000
772.58508 14.8183615857382 0.0013185065 0.2764704888
940.83277 20.7497846482681 0.0013488145 0.0000000000
968.86407 21.0233859718751 0.0014436373 0.2222137397
552.29431 3.93674128282783 0.0014993512 0.4597628332
854.72322 19.7196279872418 0.0015102260 0.0000000000
850.58149 6.18428849202841 0.0015298709 0.2890522297
898.58149 6.01125290382151 0.0015298709 0.3459222754
746.49776 8.20006651458217 0.0015926336 0.6998288646
658.40544 3.61046134045157 0.0016154284 0.0000000000
770.65045 15.744097481983 0.0016154284 0.1886488741
816.64768 14.1567685630827 0.0016154284 0.0000000000
666.60420 16.9236782031008 0.0016577590 -6.9598639476
1006.87972 20.4391355232986 0.0016892669 0.0000000000
798.52796 7.58688371826229 0.0017273390 6.1442696448
798.68175 16.9964989272478 0.0017661988 0.1568914593
819.64731 19.2645504718872 0.0018058608 0.0000000000
676.66022 18.0880555919204 0.0018058608 1.8958630118
933.71780 17.6915891918748 0.0018058608 -0.0632645782
932.86407 21.2841935441372 0.0018463398 0.4223010315
974.91102 21.1054190039006 0.0018463398 0.3302440083
605.47516 15.2824436412883 0.0018876510 0.0000000000
854.59166 10.549563876613 0.0019054753 -0.2086857152
680.63401 21.0205391312414 0.0019298097 -0.1799493273
870.75452 20.2184890366306 0.0019728314 0.2358816387
568.36200 3.4839113258688 0.0020216969 -0.1816236385
836.73378 18.2878433172025 0.0020615272 -0.1009596203
882.62296 13.2721389221678 0.0021027542 -0.1847230909
738.50793 9.3891293478669 0.0021443910 0.3561142028
930.84842 21.0342588558108 0.0022014462 0.2947821715
870.75452 20.1676760525226 0.0022014462 0.2443966237
614.53542 5.02286815760841 0.0022014462 0.0000000000
898.78582 20.4625150733069 0.0022499862 0.2484478925
860.63861 14.9034921259111 0.0022738782 0.1941477249
396.31084 0.98204159640549 0.0022995051 0.0000000000
816.57601 9.98910138246181 0.0023186075 0.1206417646
898.58149 5.60587406267922 0.0024104925 0.3632845714
892.73887 19.5021780171159 0.0024541118 28.8171104001
898.78582 20.6126099765998 0.0025624066 0.2743035482
764.52248 9.05626457131515 0.0026750552 0.2628464013
846.55019 4.69614526550089 0.0027064512 -33.9978250457
846.55019 4.92473130045344 0.0027064512 -33.9934339985
558.50920 14.4930865314761 0.0027330605 -29.1833601922
558.50920 14.6358506551898 0.0027330605 -29.1857530270
606.50920 11.3664559785921 0.0027330605 0.0000000000
844.73887 20.1003227634172 0.0027330605 0.2638518428
734.62932 18.0313215530983 0.0028525320 0.0000000000
907.70215 17.2735716599763 0.0028525320 -0.6916353699
988.92667 21.1107415457453 0.0028525320 0.2707778467
774.62423 18.3132368173869 0.0029767537 -1.6810479269
858.58658 7.25741261056723 0.0030353953 0.4771396809
590.34635 2.71744863036992 0.0030353953 -0.7320480064
906.84842 21.2989558922693 0.0030406977 0.3419269151
892.60731 10.2780298686904 0.0032131558 -0.1843150986
554.34635 2.9150829282304 0.0032131558 -0.1303954590
682.63440 19.037569606701 0.0032401195 0.4785005282
872.56584 5.14933363678303 0.0032744851 0.7218460937
914.59166 8.74099188690999 0.0033368790 0.1927907645
782.68683 18.6950798691491 0.0033796120 0.6359012910
794.49776 5.46257694858127 0.0034003538 -1.0501805858
898.58149 7.76283948997714 0.0034003538 0.5564668686
840.57491 5.17233813631043 0.0034513893 -0.0456654120
926.74435 17.7968690197008 0.0034513893 0.0000000000
888.80147 20.0545330641803 0.0034513893 -30.2870920088
712.60271 20.2896396465817 0.0035245516 0.0000000000
280.26349 3.19974283945907 0.0035245516 -24.4444482607
664.41951 3.30834380407739 0.0036653954 0.1824071037
766.69192 19.5151673166915 0.0037525848 0.0000000000
820.73887 20.3870925868491 0.0037525848 0.3143833016
820.73887 20.4635039794541 0.0037525848 0.3143828130
900.80147 20.701114540079 0.0038315253 0.2013746848
822.60073 10.8100594438517 0.0039119718 -0.1694154659
782.68683 19.4732445342659 0.0039119718 0.7267771461
808.73887 19.4789433221002 0.0039119718 -1.2038123031
810.71813 18.8814848582909 0.0039939494 1.7246168534
814.56036 8.70784836086253 0.0041747909 0.2486668226
810.66062 18.5768638517623 0.0043376882 2.1264708484
856.64260 13.9341442612362 0.0043376882 0.0000000000
922.84333 19.9170818205574 0.0044277124 0.0000000000
872.77017 17.4569158865644 0.0044277124 -0.3823736173
687.55341 17.9772641607232 0.0047080357 0.0000000000
687.55341 17.9907817872888 0.0047080357 0.0000000000
798.59833 12.2436626760011 0.0048049875 0.0000000000
780.70757 18.8977527335424 0.0051067789 0.0000000000
912.80147 20.4616649087917 0.0052111202 0.0000000000
786.52796 8.31755657965752 0.0053173838 0.1448862567
848.56584 4.59011008861944 0.0054884697 0.0000000000
566.34635 2.07466059055652 0.0055882973 -0.6173095727
628.36200 2.740829679828 0.0055882973 -0.2216861518
680.63401 20.9741333105279 0.0057622844 -0.2018551161
936.80147 20.5558443683721 0.0057622844 0.0000000000
796.51231 6.39891832833015 0.0058786300 1.6562122389
766.53573 12.2186684930661 0.0062404795 0.2245716874
674.43915 3.99701216912249 0.0062404795 -28.5600074766
878.59166 10.3264429958715 0.0063326028 -0.1639239695
646.61327 16.6655881288927 0.0063654790 0.0852431366
946.87972 21.3465143213717 0.0063654790 0.3141080258
802.55926 10.3202341629118 0.0064927272 0.0000000000
739.63876 16.900312756479 0.0066221140 -1.9241579169
768.55378 11.5990952444136 0.0067541097 0.3754608418
907.70215 17.5619717156372 0.0067541097 0.0561441016
894.81203 19.8348260234993 0.0068883151 0.0000000000
840.57491 6.56318676086745 0.0068883151 0.4281697593
840.57491 6.39393155746639 0.0068883151 0.3866106169
840.57491 6.07030481037946 0.0068883151 0.4247557501
810.68175 16.6437867142649 0.0068883151 0.1264425278
840.57491 7.24425473313992 0.0070249114 0.4492708498
840.57491 6.98302179574783 0.0070249114 0.4474044410
838.55926 4.81403846069614 0.0070247597 -0.6745576815
810.71813 19.0531617797204 0.0070249114 26.7639335644
864.80147 20.3671931500569 0.0071639353 0.0000000000
752.63988 17.8127702102955 0.0071639353 26.6154366187
802.53573 8.15660751544341 0.0073054240 0.0000000000
926.74435 17.5858811997927 0.0073054240 0.0000000000
822.75452 20.6626827325744 0.0073054240 0.4249111425
860.54361 5.9976161847069 0.0073054240 25.2623142499
940.73887 19.2568685978849 0.0073054240 0.0000000000
862.69192 18.8890142787847 0.0073054240 0.0000000000
912.57601 7.65674305910021 0.0074201856 0.2187183917
894.62296 11.6446721268431 0.0074201856 0.1663006643
608.35691 3.10659482580248 0.0075508265 -0.3295533499
814.55926 5.68613653091241 0.0077450556 -0.6383287167
535.47318 12.3276548719111 0.0078183118 0.0000000000
882.77565 19.0902499633058 0.0078967830 0.5697109444
810.75452 20.803038640365 0.0078967830 0.4085123941
920.86407 21.274428634414 0.0078967830 0.2550590269
994.78582 19.9427527160353 0.0080511672 0.0000000000
870.75452 20.3412563136878 0.0082082482 0.2440939991
842.72322 19.7756649267803 0.0083680663 0.2442651974
754.53573 10.1538623908481 0.0085306621 30.5491253933
820.51231 7.22694746136388 0.0086960769 0.0000000000
860.77017 20.7904013020572 0.0088643524 0.1978640640
766.65553 17.2361887475667 0.0088643524 0.3398788511
956.79130 18.2809158884653 0.0090355307 0.0000000000
750.66062 19.4397721180416 0.0090355307 0.2697120877
926.81712 20.8472913641354 0.0093867670 0.1255478604
884.77017 20.2962955262457 0.0095669116 0.2901683072
808.58508 12.0302760705724 0.0095669116 0.1301866065
854.59166 10.8790042287516 0.0096090075 -0.1277774328
972.89537 21.2939994107217 0.0097501325 0.2045914327
512.29940 1.8988154721447 0.0099406659 0.0000000000
828.69231 17.2137732777944 0.0099364743 0.1599886863
856.58268 10.7614273483348 0.0099364743 -0.1537731868
848.54471 12.7158979315603 0.0101102886 0.1730534539
734.62932 18.3386039538541 0.0103187013 0.0000000000
902.61279 7.52701308865099 0.0104572843 0.4291294236
920.86407 21.3591606765783 0.0105146780 0.2143832485
450.26262 2.12921976162158 0.0108148357 0.1105847208
838.78582 21.0177456000067 0.0109165909 0.4480132662
962.91102 21.1182268551194 0.0109165909 0.1518829099
630.50920 10.3275777366483 0.0117615892 0.0000000000
980.86407 20.9952050110786 0.0122054557 0.0000000000
926.81712 20.8231705070098 0.0126641017 0.1133335688
948.80147 20.0720898335975 0.0128990951 -30.8816229590
802.69192 19.5474843364263 0.0128990951 0.2737556321
922.78582 20.3539450232585 0.0131379382 0.0843819667
912.80147 19.786720202544 0.0131379382 0.0000000000
907.70215 17.7316289680842 0.0136273847 0.1727470714
778.56036 10.3678682672453 0.0140888269 -0.0980457948
1000.83277 20.5569187697393 0.0141328691 0.0000000000
840.57251 6.5611544030305 0.0141328691 0.2331540083
904.76000 17.7429242930023 0.0146548279 0.0000000000
826.56036 8.89322465729424 0.0147919117 -0.1606274013
580.32561 4.70399939122124 0.0147919117 0.0000000000
806.59166 12.3291959793821 0.0152776444 -0.2079231243
536.50482 11.9927273865675 0.0155257357 0.1351399220
838.56036 8.02647337930021 0.0157773654 -0.1481817883
738.50793 9.18889688125833 0.0160325752 0.3748209794
918.62296 11.4890559076187 0.0162914070 -0.1641462214
747.51816 9.49434090209419 0.0165539035 0.1273985924
768.51740 7.92862167289972 0.0166179186 0.0000000000
638.36748 2.87184771456332 0.0173638096 0.0000000000
774.52906 6.77889265692154 0.0173638096 30.5465280754
935.73345 18.2582126927483 0.0175276062 0.1871883944
498.26262 1.78215904919559 0.0176413954 0.0000000000
900.59714 6.12023959738057 0.0176411528 -1.7070235374
818.72322 20.0338848425105 0.0181580533 0.2120984471
882.75452 19.2639297982881 0.0184806588 0.0000000000
892.60731 10.577662703913 0.0196957059 -0.1814393996
958.87972 21.1887436128506 0.0198217681 0.2966992674
831.50291 6.78658871939567 0.0200056127 0.0000000000
896.63861 14.4323845984573 0.0200056127 -0.1564886048
866.59166 9.92024020757231 0.0203197672 -0.0930200968
864.76508 19.4686000531756 0.0205236368 0.4275982378
593.47757 4.55185692542188 0.0216170617 -0.2248568858
864.57601 8.42552388797496 0.0216198149 -0.1109722710
582.28375 2.16568011387043 0.0216198149 -0.2351540104
998.81712 20.324465212769 0.0219926377 0.0000000000
770.49666 8.7233577179488 0.0227608506 0.0000000000
996.80147 20.0499702842408 0.0227608506 0.0000000000
844.60621 7.61999523216409 0.0231536257 1.1228989839
682.59802 18.1858372139026 0.0231536257 0.3135473635
792.57491 6.25706140767907 0.0235522732 -0.0028340224
840.57251 6.99006307663248 0.0239568634 0.2553411352
804.55138 9.80440119660059 0.0243674675 0.1369976248
756.61367 17.6770244796814 0.0247841570 1.2508012714
864.57491 7.16949664425744 0.0247841570 0.0000000000
760.64497 19.1452866048731 0.0256360814 0.3516936099
842.59056 6.97840730105147 0.0256360814 0.4894198226
924.59714 6.44189087338189 0.0259636198 -0.0828662794
758.46138 3.8462541015738 0.0263575113 0.0000000000
654.56672 17.0491844284422 0.0265132202 0.2753230188
773.65310 17.2781521674756 0.0274161652 0.2034167518
664.66022 19.0291120692078 0.0278775025 0.0891812929
690.61836 20.7653896034918 0.0288202856 -0.1757877660
654.56672 17.08224639763 0.0297903920 0.2859058390
836.61638 11.2458731168424 0.0302858852 -0.1556423000
818.72322 19.9347146472392 0.0302858852 0.1908633903
822.60073 10.4066146224881 0.0312981442 -0.1648519815
890.78073 19.4456108316391 0.0328709055 0.4164893964
669.56051 17.9790592463352 0.0334099801 0.1376148199
986.91102 20.8580526666136 0.0334099801 0.1401228055
927.81720 20.755136055392 0.0339566005 0.1013593175
752.63988 16.3912993696017 0.0339566005 0.3574749091
762.58785 18.9646196899545 0.0350728067 0.0164190620
614.57180 17.3938530870431 0.0350728067 0.1253982881
830.62695 9.47081111978543 0.0356425580 0.0000000000
783.61093 11.7380588391728 0.0362201858 0.0000000000
594.37655 3.63708330876173 0.0362201858 -0.1364184344
893.66296 18.9258016594971 0.0368057739 -0.7999068263
750.62423 18.9794039360553 0.0392294240 0.3817021389
788.54361 5.03673171860434 0.0404912263 0.0969670601
648.62892 17.7893797949017 0.0404912263 0.1360813855
814.59675 11.1910876235275 0.0408215639 -0.1939068127
934.74943 19.0842250857724 0.0411349246 0.1463657141
640.60271 20.8730521925162 0.0411349246 0.0000000000
654.61836 21.0416689520848 0.0417872708 -0.1385323851
872.56584 4.96633835499076 0.0419885655 -0.0905214616
856.54980 13.2285364361674 0.0419885655 0.1437486602
934.80695 18.7914005540053 0.0424483530 0.0000000000
710.62932 18.9236599374701 0.0431182596 0.1925306333
742.53813 11.3931641140085 0.0437970792 0.0000000000
912.80147 20.596400283124 0.0451818150 0.0000000000
688.60271 20.4871782455611 0.0466032792 0.0000000000
882.60073 11.2291958892711 0.0473280106 0.2473866095
1010.91102 20.8292256386248 0.0480621965 0.0000000000
786.56435 11.6864428816002 0.0488059284 0.0000000000
866.59056 6.64467757590123 0.0495592982 0.0494604642
838.74943 19.2308373135313 0.0495592982 0.4092293419
776.52008 7.4031156410416 0.0495592982 0.0000000000
612.33070 2.13505952074836 0.0502822419 0.0000000000
678.67587 19.3487219475599 0.0503223982 0.1448456402
860.77017 19.5521233850854 0.0510953212 0.0000000000
926.74435 16.8933009556608 0.0518781600 0.0000000000
732.61367 17.526794006018 0.0526710081 0.3933508188
680.58237 17.21947713271 0.0551105465 0.2729829293
832.58508 9.52978056734568 0.0551105465 0.0871312440
784.58508 10.3233036038536 0.0576435601 0.1347204262
866.81712 21.1917113644046 0.0585091140 0.3758732225
776.52248 7.68767677248695 0.0585091140 0.0000000000
752.67627 19.7364073030962 0.0593854352 0.2139519999
900.59714 6.76682040608038 0.0599071001 -0.0188568073
779.60615 11.941578065939 0.0611707644 0.0826544692
948.89537 21.406196054594 0.0620799652 0.2665762031
924.80147 20.5899344752001 0.0620799652 0.1105615626
600.55615 16.6047355297481 0.0620799652 0.9964447737
873.69426 20.1698019502014 0.0630003192 0.0000000000
736.44064 3.69118304403745 0.0631593609 0.0000000000
908.62226 11.6883948918954 0.0639319233 0.4826294729
664.38313 3.84527286284107 0.0648394263 -0.1793873941
578.30996 4.01765601032919 0.0648394263 0.0000000000
1016.77017 19.4037236732008 0.0658292714 0.0000000000
860.60223 7.88585511404219 0.0665561934 -0.0169092229
636.62892 17.9776998627378 0.0687621075 0.1508810769
754.53813 7.21731266224712 0.0687621075 0.0000000000
866.59166 10.2392818144882 0.0701020809 -0.1181499812
650.40386 3.11774402177906 0.0738015363 0.0000000000
998.81712 20.5375483102129 0.0738882148 0.0000000000
856.73887 20.0751401044702 0.0749500303 0.1879314160
756.55138 11.9555150360957 0.0760242745 0.0000000000
660.55615 14.7983884212096 0.0760242745 0.0000000000
678.39878 3.38303720394832 0.0766796351 -0.6761339499
796.73887 20.6695718689207 0.0793225706 0.4780899221
894.62296 11.1820495510885 0.0796485877 -0.1058980838
968.77017 19.9537432075493 0.0804475210 0.0000000000
696.61367 18.5094407700841 0.0815853962 0.1210954851
854.56943 9.30511668582244 0.0815853962 0.0991279573
696.61367 18.4863938934817 0.0815853962 0.1210954851
595.49322 4.59309164913435 0.0815853962 -0.0548575387
890.81712 20.2140279003404 0.0815853962 0.0000000000
762.50793 8.91601757017107 0.0827103183 0.1802505577
786.60073 11.535491056944 0.0827362955 0.1435791863
1051.96031 22.0699268190539 0.0850775637 0.0000000000
526.29392 2.86628042953785 0.0858667531 -0.1493870983
870.62296 13.0522604846586 0.0858667531 -0.0748013605
732.61367 17.6182328647394 0.0874721206 0.2664324731
454.29282 3.10399841091146 0.0886896305 0.2042005010
764.52248 9.08166283994999 0.0886896305 0.1864293876
482.32412 3.95183895239711 0.0899207606 0.2087336504
896.77017 20.1628227835612 0.0924242776 0.3284881865
966.84842 20.8354479557231 0.0924242776 0.1441425335
856.60731 11.3111523877457 0.0970968978 -0.0391245477
868.60731 12.0187943927317 0.0982817051 -0.0974751404
694.63550 18.5406403840492 0.1006859463 0.1345573872
326.34174 5.72823548083821 0.1043904177 -0.0693352234
668.63401 21.1877234383072 0.1043904177 0.0513854819
750.66062 19.303631926467 0.1043904177 0.2418506357
610.33618 1.00581372339599 0.1056349087 -2.3316308244
964.83277 19.941587796613 0.1072098737 0.0000000000
866.59056 8.48356825144931 0.1086420489 0.0351598373
794.72322 20.3548455367529 0.1100893182 0.0571023412
526.29282 2.29104696651524 0.1100893182 0.0000000000
980.86407 20.3334856839622 0.1130295254 0.0000000000
832.64260 12.320496784545 0.1145226556 0.0744900322
842.59166 10.4629958197791 0.1147579743 0.0853859930
936.57601 6.96630602871089 0.1147579743 0.5649880955
894.75452 19.8568965973651 0.1160312646 0.2868991551
804.55378 8.34116613876049 0.1160312646 0.0688378155
984.89537 21.2837825292426 0.1175554478 0.2395128301
828.75921 21.4075115003261 0.1175554478 0.0000000000
802.53573 8.8072254871286 0.1175554478 0.0000000000
942.75452 19.8410686516691 0.1175554478 0.0000000000
836.54361 4.80313582363978 0.1206509164 -0.0106460239
880.59096 9.77374469016367 0.1222223907 0.1567147459
656.58237 18.1953468075651 0.1222223907 0.2014242502
914.81712 20.8205031467714 0.1238098170 0.0000000000
852.57601 9.13167035851157 0.1244898415 -0.1289113686
860.61398 13.3799551707263 0.1270328989 0.0000000000
876.55138 7.51800595058321 0.1319884519 0.0000000000
676.55107 15.1931824760204 0.1319894835 -1.0320247971
808.58508 9.57275303253541 0.1336745684 -0.0852974289
788.67627 19.1019091305746 0.1353762497 0.1127889658
594.37655 2.99198249115227 0.1370946176 -0.0922976059
806.56943 10.7447375430588 0.1405817706 0.0727404203
954.77565 19.2538908230624 0.1423507330 0.0371371709
692.65514 17.5342247435258 0.1441367365 0.0229324684
732.44573 3.9558180703373 0.1458721901 0.1148600531
718.64966 20.7345479674261 0.1477602152 0.0000000000
807.57454 10.0418056473801 0.1477602152 0.1105549386
883.53421 7.70091079716446 0.1491436080 -0.1402557839
839.74630 19.5302285560416 0.1495978627 0.9737212659
873.69426 19.9600399364991 0.1514528962 0.0000000000
757.62180 10.582432341997 0.1533254001 0.0341059684
828.57601 9.5650283442539 0.1558540402 -0.0847921313
742.53813 10.9538884115265 0.1609917858 0.0000000000
976.92667 21.3071020836908 0.1649319457 0.0963424820
684.61367 18.8156612971124 0.1649319457 0.0693140821
828.55138 8.50758787087697 0.1669290481 0.0000000000
833.51856 7.87926381918979 0.1681449403 0.0880835156
772.58508 12.1252067023408 0.1689442705 0.1227827874
796.58508 10.5598451276684 0.1750994279 -0.0792575252
866.78073 19.4648205694529 0.1750994279 0.1106001605
786.66062 18.7552834757157 0.1771878966 0.1728168772
832.54870 11.3722044632676 0.1792948641 0.0000000000
822.55019 8.15084487162761 0.1792473946 -0.0173765723
502.37383 2.54547397014855 0.1792948641 0.1098690311
640.62384 16.8566078083224 0.1792948641 0.0385657622
822.55019 8.15084487162761 0.1792473946 -0.0173765723
818.55528 6.92229191705089 0.1811496185 0.3741439455
662.64457 17.870110823799 0.1835645872 0.1416715674
772.51341 5.96456573024283 0.1849989513 0.8910112553
762.66062 18.9031009536148 0.1857274861 0.2612707566
528.30847 2.75739817509036 0.1879091704 -0.2292050919
391.22550 1.95022124283357 0.1889084690 0.0139756739
899.76983 19.5192648001211 0.1901097094 0.0234917117
810.59833 14.2968601810478 0.1901097094 0.0912772474
840.70757 19.5456883292014 0.1901097094 0.0000000000
906.62296 12.2694733747612 0.1948864580 -0.1149030746
742.53813 11.1492621359779 0.1968251304 0.0000000000
742.53813 10.460452919561 0.2013975726 0.0000000000
752.55887 14.0124081160384 0.2060470044 0.0974801595
876.72870 17.4887805084043 0.2060470044 0.0333613991
1002.94232 21.263914453612 0.2084007449 0.1286930065
792.70757 20.0128427929347 0.2084007449 0.0307144606
666.61836 20.9163576335506 0.2084007449 -0.0649418489
1052.70915 10.6948651490635 0.2107739146 -0.1475808521
840.70757 19.2947741222214 0.2131665719 0.0000000000
716.63401 20.8641595968282 0.2155787736 0.0000000000
768.70757 19.8991416440939 0.2155787736 0.0649971916
806.56703 10.7532530230852 0.2180105757 0.0548045800
914.81712 20.1061089271613 0.2204620326 0.0000000000
832.58508 10.2907777895735 0.2254241229 0.1490544718
946.78582 19.8770708820694 0.2254241229 0.0000000000
818.59166 11.746784880334 0.2291220384 0.0521974721
847.53421 8.60069259165601 0.2291220384 -0.0342253060
866.59166 11.3918812773896 0.2313956896 -0.0984299890
800.61638 13.1279830128862 0.2381768850 0.0000000000
400.34214 2.75683372821921 0.2381768850 -0.0208593414
860.60937 7.92503841474245 0.2407873924 -0.2639447922
798.52906 8.27524659245033 0.2430042975 0.1783371305
862.78582 20.131039248869 0.2434179877 0.0259610601
840.64768 14.7822018531406 0.2514307083 0.0579224946
858.59833 11.798831533089 0.2514307083 0.0840131782
892.60731 11.4788278968874 0.2550163061 -0.0808796809
451.45205 17.3397220101266 0.2550163061 0.0445634094
834.60073 10.0765451541135 0.2596256248 -0.0638424008
907.69974 17.5044412299098 0.2623979144 0.1602383643
858.75452 20.5596565742527 0.2651905827 0.1724360806
770.56943 13.7982120308637 0.2680036593 0.0000000000
344.27954 1.17961021580051 0.2736911484 0.0919367060
944.77017 20.1130707501232 0.2736911484 0.0000000000
762.66062 19.2269143263533 0.2736911484 0.1236869200
704.63401 20.8362749700071 0.2736911484 -0.0398154332
826.59675 11.3604975803528 0.2750828122 -0.0516014147
558.28375 2.49449716638524 0.2776649069 -0.1062565655
369.35158 21.1707662960087 0.2823760970 0.0510640714
594.34126 2.51071489736444 0.2828784804 -2.6049570234
474.30615 1.53272052921968 0.2882687943 0.0295719814
786.66062 18.5270266098151 0.2912460182 0.0862643001
838.56036 8.49260297716673 0.2935035563 -0.0689139020
832.60731 12.9683338889536 0.2935035563 -0.0678960289
904.59096 9.52193022737572 0.2972622936 0.0485149513
836.61398 14.570955316115 0.2972622936 0.0698544488
766.69192 19.9642690390832 0.2972622936 -0.0333511724
692.61985 17.4848633218795 0.3016459096 0.0531263475
848.77017 18.1875551675254 0.3033610884 -3.3734744053
540.33070 1.84850309373919 0.3043931304 -0.1021094639
478.29282 2.51055646603237 0.3064414554 -0.2337796550
790.56036 9.58067464557815 0.3071569130 0.0517867406
770.56703 13.797233012235 0.3095424785 0.0000000000
890.57531 8.56170672772429 0.3158065124 -0.1650297435
881.51856 6.846961686859 0.3183777387 -0.1301869054
764.67627 19.5727436936319 0.3189695283 0.0741670638
834.60073 13.9094896302591 0.3189695283 0.1285364403
754.69192 20.1556688906248 0.3221532108 0.1389366185
636.35183 2.91066391919065 0.3240875903 -0.0892025748
858.62296 14.4865074634277 0.3269673733 -0.1277224858
886.61788 11.5219161262171 0.3298637237 0.1466118722
480.30957 3.80069758487822 0.3298637237 0.0465927024
846.60073 10.2250847957101 0.3318282301 -0.0912366729
940.83277 20.1661815948031 0.3350945426 0.0000000000
811.62223 10.3901499952463 0.3386521291 -0.0552688855
811.62223 10.3901499952463 0.3386521291 -0.0552688855
811.62223 10.3901499952463 0.3386521291 -0.0552688855
811.61995 10.3903172586242 0.3386521291 -0.0552507434
762.66062 19.1494242182228 0.3416890753 0.0858830682
760.64497 18.3896311393913 0.3416890753 0.1053354518
904.59096 9.65470530168122 0.3416890753 0.0636017202
770.56943 13.7949172257704 0.3416890753 0.0000000000
415.22550 2.2971871782529 0.3416146931 -0.2164351888
810.60073 10.6539352456157 0.3483660701 -0.0692314822
752.52008 8.13585410742861 0.3551254036 0.0000000000
726.66062 19.5659650583043 0.3585359006 0.0700640620
918.75452 19.7211827315918 0.3723828879 0.0000000000
816.70757 19.6638951849072 0.3723828879 0.0446147326
738.66062 19.5020359915863 0.3723828879 0.0124813205
664.66022 18.8590914128475 0.3758957510 0.0689703067
668.65514 17.9540843972568 0.3794290003 0.0475011009
854.57531 9.23324022612519 0.3901507221 0.0890981924
780.55138 9.79972772539102 0.3901507221 0.0389660921
780.55378 7.62769635644574 0.3937651628 0.0724256800
794.56943 10.9076942958864 0.3937651628 0.0778891354
500.27717 1.80526225662231 0.3937651628 0.0000000000
892.73887 19.9859357963146 0.3973998032 0.0483443202
818.72322 19.5139440914823 0.3973998032 0.0000000000
814.55926 5.97949093240209 0.3973998032 -0.1210796443
736.44064 3.63035858141885 0.3977533870 0.0000000000
836.54121 9.66111197969298 0.4121394675 -0.0001064424
424.34214 2.23884645680796 0.4121394675 -0.0197119740
862.78582 20.0472493350856 0.4121394675 -0.0849612923
856.58268 11.9721737527777 0.4121394675 0.0373183261
885.54986 9.39242550148017 0.4142831316 -0.0338825102
283.15160 0.777603382514871 0.4158744187 0.0472485214
765.60036 18.7723689624469 0.4196292808 0.4355202884
887.56200 9.03211311526418 0.4196292808 0.1112637524
279.15909 2.08814028821953 0.4196292808 -0.1144673831
807.50291 7.43071866250971 0.4210071860 -0.0198148151
633.50887 8.41454721275307 0.4271985153 -0.3511699063
820.58508 10.0547049703842 0.4310127717 0.0065633626
480.30847 3.32203324393808 0.4310127717 -0.0710287045
840.57601 8.68447863864778 0.4415597447 -0.0437561250
910.78582 20.5091294842484 0.4425733588 0.0314387537
808.70248 18.1216121349425 0.4464659436 -0.0466695572
928.76000 18.1150713059698 0.4503779429 0.0171583325
882.62296 13.7517202717092 0.4555748244 -0.0672871633
810.56435 9.73288587403672 0.4582598988 -0.0930464424
796.54980 8.69745924566983 0.4662483754 0.1218766836
822.60073 11.6133237959531 0.4662186337 -0.0390507977
576.29431 3.59203282784882 0.4698368375 -1.7412053269
764.54471 9.32333773598623 0.4698368375 -0.0782296406
740.67627 19.9589682141611 0.4702265994 0.0194739356
858.60073 9.63352025319336 0.4742535231 -0.0527343039
920.77017 20.0271059755271 0.4742535231 0.0775134992
342.26389 1.0117714934768 0.4742535231 0.0561372294
863.56551 11.1939219766798 0.4734405095 -0.1186579092
692.41443 3.7976868451019 0.4806932444 -0.0080169605
974.81712 20.384280103872 0.4864472010 0.0000000000
976.83277 20.7679484889391 0.4864472010 0.0000000000
426.35779 2.96213578956672 0.4864472010 -0.0493585192
930.71686 17.9905511258975 0.4880060888 -0.0318505546
749.62311 18.2614813650962 0.4905491055 -0.0402255874
460.36327 5.97311485141087 0.4905491055 -0.0718683810
916.79638 19.7921841218105 0.4946695325 0.0774009197
912.76508 17.8787071922527 0.4988083888 0.7520018010
885.54986 8.41930328969624 0.5028100381 -0.0943194739
734.49776 6.15760990380038 0.5028100381 1.8734760952
800.54471 7.78684331794852 0.5103000576 -0.0726409384
844.64370 15.9871121200936 0.5103000576 -0.0428852716
812.54471 7.81306659205716 0.5103000576 -0.0115617985
760.64497 18.5930055205169 0.5113345724 0.1782147845
808.58508 10.0363339847443 0.5113345724 0.0300333241
910.80695 19.639266776861 0.5240230766 0.0000000000
804.55378 8.81059673369339 0.5282881638 0.0368090739
842.59166 11.1797763754823 0.5292772851 0.0168439978
914.64918 13.7230281777726 0.5331153548 0.0379548299
806.56943 10.3150696441416 0.5498755461 0.0070612854
778.69192 17.9411885302442 0.5542446083 0.9783551806
824.54471 7.51477064789875 0.5564354045 -0.0067418141
944.77017 19.9101787173837 0.5586305887 0.0000000000
881.51746 7.67061403001131 0.5586305887 -0.0788692277
784.58508 14.2519779255557 0.5630333650 -0.1046609933
954.77565 18.8474141098594 0.5674528127 0.0911043303
845.72288 18.8317151343534 0.5674528127 -0.0471086646
766.53573 9.20532126393346 0.5718888054 -0.0293120084
840.57601 9.74422867036594 0.5722536005 -0.0264115785
660.62892 16.8651646243239 0.5718888054 -0.6865936575
828.56250 7.70033268976266 0.5722536005 0.0231349038
712.64497 19.4779248020852 0.5763412150 0.1798059865
836.77017 20.0263596233108 0.5808099115 -0.1464026491
370.29519 1.38490071583004 0.5808099115 0.0417189491
835.53421 9.07165114702388 0.5802420065 -0.1073776365
792.51740 8.51720523089222 0.5852947627 0.1200900365
780.55378 8.62808563887929 0.5852947627 -0.1090271891
794.53415 9.89714753220415 0.5842557104 -0.0661131321
852.57601 9.1575747483828 0.5842557104 -0.0702327457
713.56906 18.0533920310098 0.5852947627 0.0917332137
889.58116 11.4035752748231 0.5882822876 0.0046912134
794.60582 13.239657597937 0.5897956350 0.0815391292
840.70757 19.3775205163669 0.5943123926 0.0000000000
832.58268 11.1712248907127 0.5988448981 0.0415798337
857.51856 7.51366050660253 0.6004382819 -0.0112727647
830.51889 5.79259261034692 0.6004382819 0.0000000000
417.24115 3.00222020015042 0.6004382819 -0.1272722235
862.55926 6.14886646467297 0.6033930121 0.0926420207
787.67861 20.5205245932454 0.6125354994 0.0000000000
814.55926 6.37993733446262 0.6171295849 -0.0919604459
940.73887 19.3919776691838 0.6171295849 -0.0878667349
1004.95797 21.4395827699356 0.6217387037 -0.0676927106
878.78073 19.5099114299722 0.6310014459 0.3092897710
842.59056 6.44734556710153 0.6356547675 -0.1424871376
842.59166 10.6327775433985 0.6375688245 0.0247482123
880.73887 19.9132617818535 0.6403225188 0.0295599444
920.82768 20.6273148520773 0.6497006876 0.3168096976
279.23295 3.97452791301577 0.6543755173 -0.0600179612
857.67533 14.8225245983435 0.6543755173 0.0499375510
887.56551 10.1732158611296 0.6586051445 -0.0173681577
864.57601 9.271659570933 0.6586051445 0.0408489484
920.82768 20.4830579070842 0.6591346905 0.2878459938
903.74121 26.4223197218448 0.6591346905 0.2933693580
816.57491 5.88522899420606 0.6591346905 -0.1523710055
859.53421 8.24101135509744 0.6628457224 0.0514559584
742.53813 11.5687569218062 0.6638722280 0.0000000000
828.57601 9.17683585111281 0.6670971339 0.0128031895
913.58116 10.8268609934318 0.6670971339 -0.0004147705
832.54980 13.8466342636181 0.6713592606 -0.0555244744
960.82260 18.8231641035878 0.6829554512 0.3924256122
758.62932 17.6912907215723 0.6829554512 0.3600855286
806.56943 8.24593676582157 0.6925745556 0.0189928533
974.81712 20.261442945698 0.6925745556 0.0000000000
561.41497 4.05267503384357 0.6925745556 -0.1048643023
868.60731 11.2473227269963 0.6928264106 -0.0008339610
911.56551 9.50308592837286 0.7014840229 0.0646112718
890.59166 9.44134340764166 0.7014840229 -0.0110443574
940.73887 19.5700696641439 0.7022434933 -0.0273086930
760.58508 13.6784031410833 0.7119608622 -0.1095207783
878.74435 18.7662066812243 0.7119608622 0.1167487105
752.55887 13.9768290065122 0.7217252371 5.1039662129
804.55138 8.77656548044588 0.7315351693 0.0322913786
824.58000 9.6926698481206 0.7364567606 0.0326938132
844.60731 12.3088040433833 0.7364934740 0.0289204279
1122.78740 15.8363295455154 0.7413891880 -0.0010814717
870.62296 12.2863974177693 0.7409101445 0.0120583445
830.59166 11.2053244385669 0.7409101445 0.0582415359
876.55966 7.67783157205526 0.7413891880 0.0719404487
750.54432 13.8459072743801 0.7453353695 -0.0363359085
810.60073 11.843308732296 0.7562496075 -0.0157393698
890.59166 8.8999990423556 0.7586610152 -0.0021159138
827.55963 7.71119040490319 0.7675850497 -0.0160848782
827.55963 7.71119040490319 0.7675850497 -0.0160848782
297.24352 3.67371959514229 0.7675850497 0.0039661225
827.55963 7.71119040490319 0.7675850497 -0.0160848782
297.24352 3.67371959514229 0.7675850497 0.0039661225
692.63401 21.041892340345 0.7762036982 0.0000000000
859.53421 7.92057324881927 0.7765400060 -0.1069815677
938.81712 20.7857558021573 0.7812159657 0.1363302309
848.60937 8.31997001575712 0.7912676186 -0.0522232146
281.24860 4.55722166813514 0.7945381770 -0.0449247951
937.74669 18.1964243961727 0.7963066063 0.3411696136
806.72322 19.9441742952686 0.8013541012 0.1646094646
861.54986 9.64228640547383 0.8081095315 -0.0987459870
858.60073 9.39929989853473 0.8114738054 0.0023619388
942.75452 19.6028425657993 0.8114738054 0.0000000000
840.70757 19.4793375238574 0.8165456086 0.0000000000
814.55926 4.93970511985715 0.8165456086 0.3543995416
708.40934 2.72117811946089 0.8171895611 0.0000000000
812.67627 19.2339459476073 0.8216251066 -0.0320767806
714.61836 20.4773139342567 0.8267120939 -0.0122542797
952.83277 20.458637392069 0.8420159218 -0.3757908874
890.81712 20.3922009142705 0.8471307921 0.0000000000
368.27954 1.11949597398012 0.8471307921 -0.1158998223
854.56943 8.76940203453354 0.8471307921 -0.0367847087
241.14453 0.751799644535705 0.8491555962 0.0041970155
776.54471 8.56905255440471 0.8491555962 0.0843033476
784.64497 18.4519098295377 0.8522521102 0.1309822947
784.64497 18.1130067841994 0.8522521102 0.1483051572
439.22550 2.19356720458965 0.8583369411 0.0000000000
784.64497 18.5061961041781 0.8625132456 0.1477648701
920.82768 20.1359677045881 0.8727976318 0.2437784498
690.47045 4.05779859626465 0.8727976318 -0.1750966024
900.66991 16.2834845684093 0.8767560106 0.0136593159
419.25680 3.70931000022401 0.8813716302 -0.1695612833
828.56312 7.70033268976266 0.8813716302 -0.0099031819
917.72048 18.7076729355266 0.8831035610 0.7552491243
860.60937 7.69006025387614 0.8831035610 0.0172575246
781.59528 11.9242255849815 0.8882640675 0.0423902444
794.53305 5.40879971691005 0.8882640675 0.2890827779
696.57728 15.8457917899866 0.8934293143 -0.1440633124
976.83277 20.5932494912448 0.8934293143 0.0000000000
892.60731 10.8208545468372 0.9045071158 0.0038007473
968.77017 19.7574627327258 0.9037731628 0.0000000000
828.56312 7.70033268976266 0.9045071158 -0.0040216544
909.54986 8.85308910423651 0.9045071158 0.0349460353
840.72870 20.1467182274454 0.9089513298 0.0000000000
792.57601 11.5524762918147 0.9091446014 -0.0073599048
764.55646 11.1847196551103 0.9089513298 0.0253835041
784.58268 14.0451754389781 0.9141333682 0.0245036420
283.26425 5.54413522518662 0.9137851851 0.0254934534
587.40593 3.02881482781673 0.9184287099 -0.0041441194
255.23295 4.44104822206778 0.9230750187 -0.0473360360
898.65426 14.8815554206521 0.9230750187 0.0171975822
944.77017 19.7557496249126 0.9245081842 0.0000000000
678.61836 20.6683180146395 0.9297005232 -29.9541534784
918.75452 19.7629886366507 0.9348958566 0.0000000000
703.58471 19.034943597028 0.9348958566 0.0000000000
772.51341 6.98020684902401 0.9370290713 0.5788171148
846.62296 14.1480869236257 0.9370290713 0.0427201234
958.80695 18.8135919199941 0.9400939641 0.0259845572
888.57251 10.3234294327613 0.9400939641 -0.0140735129
312.32609 6.04525990208375 0.9400939641 0.0205935868
781.48726 7.15971061618098 0.9416849374 2.6128496147
834.58658 9.37576488646634 0.9510024918 -0.0301548425
882.75452 20.1657219730558 0.9557027234 -0.0231971196
642.60310 18.4937055413521 0.9609097179 -0.0509935454
474.30615 1.6451602143514 0.9609097179 -0.0586074661
812.67627 18.9236297817154 0.9661183805 0.0649882479
832.58508 8.63191998538658 0.9661183805 -0.0347110031
587.40822 3.02760195502158 0.9696564379 0.0233515011
587.40822 3.02760195502158 0.9696564379 0.0233515011
587.40822 3.02760195502158 0.9696564379 0.0233515011
894.62296 12.1688712332503 0.9789902808 -0.0299244263
572.52485 15.3794694053575 0.9817521556 1.2710824905
692.63401 20.9725110038892 0.9817521556 0.0000000000
316.24824 0.911313870521185 0.9817521556 -0.0042027651
642.60310 18.4860728535768 0.9869652689 -0.0641538934
882.75452 19.9974779552551 0.9869652689 0.1421522567
282.27914 4.05225055027731 0.9921789387 0.0304970218
796.54980 10.1020926217767 0.9976653203 0.0855302464
834.59833 13.1038855851378 0.9973929424 -0.0176028604
314.23259 0.858734122982426 0.9973929424 -0.0097560429
