"m.z" "r.t" "p.value" "t.score"
768.55488 13.0541579667641 0.0000000001 0.8238379767
764.52358 11.249843012875 0.0000000001 0.6788370293
764.52248 10.0117698170554 0.0000000001 0.8657149477
790.53923 11.3707863287423 0.0000000001 1.1295716312
738.50793 10.3223454629904 0.0000000001 0.6651354082
766.53813 11.4098198392024 0.0000000001 0.8574354721
792.55378 11.5036067657378 0.0000000001 1.0554098334
718.53813 12.5773093985538 0.0000000001 0.7937283540
978.84842 20.8363407855246 0.0000000001 0.6524002853
774.60073 16.239879683181 0.0000000001 0.7932164762
716.52358 11.9465095907597 0.0000000001 1.0536160041
792.55378 12.2489819937957 0.0000000001 0.7526221488
790.53923 12.0710857916984 0.0000000001 0.7278231840
740.52248 10.4417155448795 0.0000000001 0.7321496760
826.67666 15.9411548377082 0.0000000001 0.6486962309
876.57601 8.19824993908171 0.0000000001 -31.8920744018
764.52358 10.4697163186512 0.0000000001 0.5610682633
792.55488 13.6628891651468 0.0000000001 0.8796967368
748.49228 8.77720742785254 0.0000000001 0.6084065294
766.53813 10.5906541623826 0.0000000001 0.5901744395
794.56703 13.4993131154608 0.0000000001 0.9968258319
838.63203 13.2259585884285 0.0000000001 0.7817938574
714.50793 10.6346404336776 0.0000000001 0.7568182298
766.53813 10.6408584802938 0.0000000001 0.6550806018
790.53813 9.86387168759099 0.0000000001 0.0000000000
768.55378 12.0939846851885 0.0000000001 0.6770135216
770.56943 14.0563745517994 0.0000000001 0.0000000000
666.63949 17.0532694771335 0.0000000002 0.0000000000
831.63745 12.5092239702787 0.0000000002 0.0000000000
848.54361 10.4299192267077 0.0000000002 0.0000000000
748.54870 7.53976224564786 0.0000000002 0.0000000000
848.54361 10.047191338987 0.0000000002 0.0000000000
803.66367 7.49280608940534 0.0000000002 0.0000000000
860.54361 9.05982176456638 0.0000000002 0.0000000000
564.53502 13.016760221587 0.0000000002 0.0000000000
860.54361 8.38474410173571 0.0000000002 0.0000000000
805.62180 10.0358196364818 0.0000000002 0.0000000000
860.61398 14.0406008432365 0.0000000002 0.0000000000
916.73887 19.687053728927 0.0000000002 0.0000000000
642.56672 17.8943152494222 0.0000000001 0.0000000000
642.56672 17.5627122923697 0.0000000002 0.0000000000
798.52556 9.96851421522603 0.0000000002 0.0000000000
816.55138 9.00539700019513 0.0000000002 0.0000000000
524.50372 11.3822844500956 0.0000000002 0.0000000000
770.56943 13.1877330009195 0.0000000001 0.0000000000
770.56943 12.3151054857801 0.0000000002 0.0000000000
824.61638 11.9954974542944 0.0000000002 0.0000000000
626.34284 3.15904989717205 0.0000000002 0.0000000000
1149.88206 11.9145627667086 0.0000000002 0.0000000000
860.54361 7.08624726430884 0.0000000002 0.0000000000
620.59762 16.4863827907993 0.0000000002 0.0000000000
771.63745 16.0121158351908 0.0000000002 0.0000000000
536.50372 10.509208423509 0.0000000002 0.0000000000
831.63745 12.3309298603856 0.0000000002 0.0000000000
860.61398 12.8436534231233 0.0000000002 0.0000000000
819.63745 13.1161312191406 0.0000000002 0.0000000000
838.78582 20.3699000055068 0.0000000002 -32.2364458976
644.59762 15.2198626568904 0.0000000002 0.0000000000
774.60073 16.2362152812099 0.0000000002 0.0000000000
746.56943 14.616686840722 0.0000000001 0.0000000000
832.70248 19.3221789584865 0.0000000002 0.0000000000
848.61638 11.5896624503375 0.0000000002 0.0000000000
848.61638 12.4766974271809 0.0000000002 0.0000000000
779.60615 8.88831180841904 0.0000000001 0.0000000000
808.66610 15.0654361565242 0.0000000001 0.0000000000
730.54050 11.6714273823859 0.0000000002 0.0000000000
808.66610 15.2926862036791 0.0000000002 0.0000000000
658.54050 14.1221329561315 0.0000000002 0.0000000000
557.45644 4.03606346915314 0.0000000002 0.0000000000
832.70248 19.1785617031494 0.0000000002 0.0000000000
872.58000 10.9374339665835 0.0000000002 0.0000000000
832.70248 18.9964478641512 0.0000000002 0.0000000000
768.55138 12.8482763736528 0.0000000002 0.5440162836
1106.75610 13.4691689992642 0.0000000002 0.0000000000
826.71305 17.9751998039885 0.0000000002 0.0000000000
766.53573 10.1042840974005 0.0000000001 0.5960541820
674.64457 17.6769971067008 0.0000000002 0.0000000000
716.52248 10.7508630510489 0.0000000001 0.6138084620
682.64966 21.2500256419296 0.0000000002 0.0000000000
792.48101 7.38003461304003 0.0000000002 0.0000000000
842.62695 9.03822113025416 0.0000000001 0.0000000000
783.45714 2.98186299648712 0.0000000002 0.0000000000
791.61366 12.3881898744884 0.0000000002 0.0000000000
927.61096 14.2420765502054 0.0000000002 0.0000000000
814.50175 8.28706860620359 0.0000000002 0.0000000000
750.50443 6.90835286677073 0.0000000002 0.0000000000
780.52901 7.25572502669142 0.0000000002 0.0000000000
753.59050 8.67537806258626 0.0000000002 0.0000000000
752.52008 8.38462031932374 0.0000000001 0.0000000000
552.53502 13.5982849335961 0.0000000002 0.0000000000
618.58197 16.8515136611189 0.0000000002 0.0000000000
568.56632 15.451306688055 0.0000000002 0.0000000000
889.57765 10.2944029330796 0.0000000002 0.0000000000
784.66610 16.4558181851827 0.0000000002 0.3613751000
822.56435 8.43735291513157 0.0000000002 0.0000000000
740.63401 20.5689674938009 0.0000000002 0.0000000000
763.63876 17.9344687427686 0.0000000002 0.0000000000
820.51231 9.20583662612468 0.0000000002 0.0000000000
754.53813 9.88018527485945 0.0000000002 0.0000000000
936.76508 19.1179883382877 0.0000000002 0.0000000000
582.50920 12.5131635258936 0.0000000002 0.0000000000
700.48878 7.51491353390292 0.0000000002 0.0000000000
932.73378 18.7780916692925 0.0000000002 0.0000000000
634.61327 17.6319395883584 0.0000000002 0.0000000000
884.54361 8.41095632218902 0.0000000002 0.0000000000
793.55889 8.66615893672386 0.0000000002 0.0000000000
932.77017 20.0116510240289 0.0000000002 0.0000000000
798.52796 10.0199104253459 0.0000000002 0.0000000000
558.47282 19.3047972289926 0.0000000001 0.0000000000
800.52008 7.00529186720658 0.0000000002 0.0000000000
818.56943 10.6752780889912 0.0000000002 0.0000000000
888.64528 15.1423347059567 0.0000000002 0.0000000000
866.66333 16.1311032822682 0.0000000002 0.0000000000
1026.94232 21.4520957667081 0.0000000002 0.0000000000
806.68683 17.5470926919131 0.0000000002 0.0000000000
819.61093 10.7711743305582 0.0000000001 0.0000000000
1071.00492 21.8021031932053 0.0000000001 -32.4414163188
926.81712 19.9961071843996 0.0000000002 0.0000000000
842.66333 16.0335957915798 0.0000000002 0.0000000000
838.55926 6.29566271833174 0.0000000002 0.0000000000
838.55926 11.5171097840673 0.0000000002 0.0000000000
838.55926 5.06340574600331 0.0000000002 0.0000000000
838.55926 11.9920506155625 0.0000000002 0.0000000000
884.54121 8.56678313424988 0.0000000002 0.0000000000
742.53813 7.9032488405802 0.0000000002 0.0000000000
842.56943 9.99018256168592 0.0000000002 0.0000000000
776.58000 9.99120757874444 0.0000000002 0.0000000000
824.54361 10.7181607840464 0.0000000002 0.0000000000
804.61130 11.6613723077388 0.0000000002 0.0000000000
818.49666 7.64414006691952 0.0000000002 0.0000000000
826.63203 10.8441037589627 0.0000000001 0.0000000000
1034.91102 21.6242738234341 0.0000000002 0.0000000000
1002.84842 20.7777363196825 0.0000000002 0.0000000000
822.56194 7.2826229910224 0.0000000002 0.0000000000
1075.03622 22.2272700293582 0.0000000001 -32.4221743766
820.51231 8.44617022668243 0.0000000001 0.0000000000
836.67627 18.6357788846501 0.0000000002 0.0000000000
891.70483 18.8863638533251 0.0000000002 0.0000000000
820.54870 9.30071755361875 0.0000000002 0.0000000000
822.52796 7.86313854524781 0.0000000001 0.0000000000
818.56703 10.0990382757739 0.0000000002 0.0000000000
902.78073 19.570113456069 0.0000000002 0.0000000000
716.52248 10.5192519460083 0.0000000001 0.6298666773
780.67118 19.0957418247026 0.0000000002 0.0000000000
860.54121 8.2015241960463 0.0000000002 0.0000000000
754.53813 8.19847468907275 0.0000000002 0.0000000000
910.55926 9.20945876592457 0.0000000002 0.0000000000
745.62180 16.1458603866542 0.0000000002 0.0000000000
872.57759 11.4901192517225 0.0000000002 0.0000000000
780.67118 18.9099025139418 0.0000000002 0.0000000000
860.61638 10.814572123533 0.0000000002 0.0000000000
860.61638 10.4766470056212 0.0000000002 0.0000000000
936.76508 18.5186099282481 0.0000000002 0.0000000000
930.75452 19.5970339347887 0.0000000002 0.0000000000
942.81203 20.5328877850625 0.0000000002 0.0000000000
916.60381 13.1587670191815 0.0000000002 0.0000000000
956.77017 19.9634717117313 0.0000000002 0.0000000000
942.81203 20.1232368911019 0.0000000002 0.0000000000
1040.95797 21.0951352585558 0.0000000002 0.0000000000
1040.95797 21.5668988741834 0.0000000002 0.0000000000
906.71813 16.7899063087552 0.0000000002 0.0000000000
776.52248 7.23964423955735 0.0000000002 0.0000000000
826.53573 8.05664216501058 0.0000000002 0.0000000000
790.59565 10.1741571526494 0.0000000002 0.0000000000
826.53573 7.43053805823641 0.0000000002 0.0000000000
620.59762 16.7396977575606 0.0000000001 0.0000000000
666.53033 6.64359598509578 0.0000000002 0.0000000000
864.64768 14.4603596661296 0.0000000002 0.0000000000
900.61130 13.3894818630432 0.0000000002 0.0000000000
862.63203 13.9793865361005 0.0000000001 0.0000000000
862.63203 12.2833803435442 0.0000000002 0.0000000000
862.63203 11.9512535006425 0.0000000002 0.0000000000
820.54870 7.51647340501577 0.0000000002 0.0000000000
512.46734 6.90917724543291 0.0000000002 0.0000000000
660.55615 14.1730374212904 0.0000000002 0.0000000000
660.55615 15.3663824574461 0.0000000002 0.0000000000
778.53573 8.83688841170851 0.0000000001 0.0000000000
624.55615 15.5823917350051 0.0000000002 0.0000000000
764.67627 18.9609767038825 0.0000000002 -33.8375132690
624.55615 15.2359536765845 0.0000000002 0.0000000000
626.57180 16.9606438751328 0.0000000002 0.0000000000
796.58508 14.4598345498102 0.0000000001 0.6821035976
664.60271 20.6638709867292 0.0000000001 0.0000000000
938.78073 19.4082545818847 0.0000000002 0.0000000000
762.50683 8.7867781831381 0.0000000002 0.0000000000
762.50683 8.17303562964144 0.0000000001 0.0000000000
908.73378 17.5335121646671 0.0000000002 0.0000000000
750.50683 8.87963413499846 0.0000000002 0.0000000000
736.49118 7.95376324806415 0.0000000002 0.0000000000
774.52906 7.87181094106 0.0000000001 -33.0940500371
742.53573 12.0805817474551 0.0000000002 0.0000000000
838.69192 18.8158373469008 0.0000000002 0.0000000000
742.53923 13.051048931761 0.0000000002 0.5459599552
838.69192 19.1221229252974 0.0000000002 0.0000000000
790.69192 18.9613743988494 0.0000000002 0.0000000000
914.58816 10.9428386356678 0.0000000002 0.0000000000
866.81712 20.6864549321464 0.0000000002 -28.0740836799
760.64497 17.9993307313395 0.0000000002 0.0000000000
1000.92667 21.7006674697822 0.0000000002 0.0000000000
1000.92667 21.0634287715864 0.0000000002 0.0000000000
652.58745 16.9354448595998 0.0000000002 0.0000000000
1132.77175 13.3299254915796 0.0000000002 0.0000000000
598.54050 15.5084030975704 0.0000000002 0.0000000000
744.59254 17.5258161752218 0.0000000002 0.0000000000
885.54635 7.7713487642378 0.0000000002 0.0000000000
692.61875 17.6306018998363 0.0000000002 0.0000000000
692.52248 12.0416949597893 0.0000000002 0.0000000000
971.70991 19.4800049739226 0.0000000002 0.0000000000
838.69192 19.2785591862241 0.0000000002 0.0000000000
766.53923 11.4782118136062 0.0000000001 0.5612319667
766.53923 11.9637099189358 0.0000000001 0.6834446240
900.55966 7.26078663209715 0.0000000001 0.0000000000
1006.87972 21.0670194722587 0.0000000002 0.0000000000
858.71813 19.1482565223238 0.0000000002 0.0000000000
804.51850 11.3263225046212 0.0000000001 -1.9209518936
813.69426 20.5201278422302 0.0000000001 -34.1073128989
606.28375 2.14189733332432 0.0000000001 -3.1998362819
974.75022 16.9362575111927 0.0000000002 0.0000000000
776.52358 10.597279058561 0.0000000001 0.4809794795
886.78582 19.9591459073843 0.0000000002 0.0000000000
970.71892 14.152363837516 0.0000000002 0.0000000000
670.64966 21.4265644864745 0.0000000002 0.0000000000
782.53415 13.6397363078019 0.0000000001 -2.5841016812
798.52906 7.04077675779076 0.0000000001 -4.3411320553
946.71892 15.6794470700887 0.0000000002 0.0000000000
762.50443 8.7639163553579 0.0000000002 0.0000000000
762.50443 8.17792824107983 0.0000000001 0.0000000000
688.58745 16.0393490043176 0.0000000002 0.0000000000
734.47663 7.85423995381365 0.0000000001 -2.9254462186
884.73378 17.9493702637135 0.0000000002 0.0000000000
582.50920 12.7753852773845 0.0000000002 0.0000000000
834.75452 19.8122443409182 0.0000000001 -32.4936637663
1006.87972 20.9550512295005 0.0000000002 0.0000000000
686.57180 15.9654149812827 0.0000000002 0.0000000000
686.57180 15.4507181641884 0.0000000002 0.0000000000
890.72322 19.6916151495635 0.0000000002 0.0000000000
910.78582 19.5903718907248 0.0000000001 0.0000000000
684.55615 13.7310499656203 0.0000000002 0.0000000000
593.51395 14.7986388488556 0.0000000002 0.0000000000
857.51856 6.78720399650259 0.0000000002 0.0000000000
830.56703 9.26299199256904 0.0000000002 0.0000000000
762.50793 9.88437228359852 0.0000000001 0.6443647395
796.54629 7.98897680006058 0.0000000002 0.0000000000
736.49228 8.51287416030218 0.0000000001 0.6134706282
764.52248 11.4149055732965 0.0000000001 0.7190708235
624.29431 3.21329177627375 0.0000000001 0.0000000000
918.68762 13.7460953575189 0.0000000002 0.0000000000
878.61994 8.43416308088934 0.0000000002 0.0000000000
995.89771 21.7376585462497 0.0000000002 -32.7797510371
772.58508 14.8183615857382 0.0000000001 0.6835495869
796.54870 6.73042125074951 0.0000000002 0.0000000000
1008.89537 21.3493391355033 0.0000000002 0.0000000000
664.58745 16.5915303155701 0.0000000001 0.0000000000
1008.89537 21.1674514292546 0.0000000002 0.0000000000
996.64655 6.94142941247537 0.0000000002 0.0000000000
796.54870 7.97134259044364 0.0000000002 0.0000000000
690.60310 16.8133125031881 0.0000000002 0.0000000000
844.58508 10.7854915782518 0.0000000002 0.0000000000
828.69231 17.2137732777944 0.0000000001 0.5314495713
694.63440 18.3553007082915 0.0000000002 0.0000000000
878.56943 7.3036778221345 0.0000000002 0.0000000000
1134.78740 15.346940214106 0.0000000002 0.0000000000
672.54090 8.20773676598412 0.0000000002 0.0000000000
634.61327 17.2609706958659 0.0000000001 0.0000000000
622.54050 14.2298657740344 0.0000000002 0.0000000000
694.63440 18.598961260615 0.0000000002 0.0000000000
878.58816 12.7629630372409 0.0000000002 0.0000000000
728.60350 12.3703602829537 0.0000000002 0.0000000000
832.70248 17.9104454003649 0.0000000002 0.0000000000
1134.78740 15.0179941635531 0.0000000002 0.0000000000
662.57180 15.4290186726661 0.0000000002 0.0000000000
953.75686 20.4907993543649 0.0000000002 0.0000000000
592.49355 4.9402285411521 0.0000000002 0.0000000000
828.55966 9.00662114892922 0.0000000002 0.0000000000
834.52796 7.92853126333138 0.0000000002 0.0000000000
1108.77175 15.1342740346312 0.0000000002 0.0000000000
662.57180 16.0205121754695 0.0000000002 0.0000000000
1024.67785 8.65224253047407 0.0000000001 0.0000000000
645.54525 17.326768853654 0.0000000002 0.0000000000
650.57180 15.9704632345045 0.0000000002 0.0000000000
700.57220 10.2433176901315 0.0000000001 0.0000000000
738.50683 8.6070909281738 0.0000000001 0.6801210875
716.56711 9.64189199345199 0.0000000002 0.0000000000
1136.80305 16.5401036363083 0.0000000002 0.0000000000
682.64966 21.2037438795692 0.0000000002 0.0000000000
1022.66220 7.16196778049472 0.0000000002 0.0000000000
790.53813 10.1376915294494 0.0000000001 0.0000000000
744.66531 20.9369401257098 0.0000000002 0.0000000000
690.60310 16.9847488289727 0.0000000002 0.0000000000
788.52248 8.630284343459 0.0000000002 0.0000000000
955.77251 20.9201143944706 0.0000000002 0.0000000000
906.60661 10.9954806200241 0.0000000002 0.0000000000
834.71813 18.4029145964906 0.0000000002 0.0000000000
628.35849 3.85206451276393 0.0000000002 0.0000000000
768.55138 8.9843632360349 0.0000000002 0.0000000000
778.53573 10.989356969197 0.0000000002 0.6263373207
634.61327 17.046546987421 0.0000000002 0.0000000000
834.71813 19.5884635380838 0.0000000002 0.0000000000
880.71774 19.7805826656054 0.0000000001 0.4370134229
907.77251 26.3700618026339 0.0000000002 0.0000000000
906.75452 20.0215279646577 0.0000000002 0.0000000000
834.71813 19.7024842141707 0.0000000002 0.0000000000
832.70248 17.6077147587415 0.0000000002 0.0000000000
742.53813 12.0213414389539 0.0000000002 0.0000000000
732.55378 13.7898606452611 0.0000000001 0.7659811158
664.58745 16.9059194033 0.0000000002 0.0000000000
746.68096 21.2352965492086 0.0000000002 0.0000000000
910.74943 17.7345957013036 0.0000000002 0.0000000000
902.74435 17.2563816857018 0.0000000002 0.0000000000
938.81712 19.8425766580366 0.0000000002 0.0000000000
521.42005 4.56245991383664 0.0000000002 0.0000000000
890.72322 19.4435201936027 0.0000000002 0.0000000000
808.70248 19.53252474725 0.0000000002 0.0000000000
782.65045 15.1582073084874 0.0000000002 0.3061187070
892.60381 14.3065056849868 0.0000000002 0.0000000000
884.73378 18.2921117320691 0.0000000002 0.0000000000
755.60615 12.6154342502388 0.0000000002 0.0000000000
838.55926 5.74322668110538 0.0000000002 0.0000000000
718.64966 20.9885479032109 0.0000000002 0.0000000000
884.73378 18.1777721222614 0.0000000002 0.0000000000
808.70248 19.7207297847253 0.0000000002 0.0000000000
881.68650 17.350154695584 0.0000000002 0.0000000000
886.78582 19.6966578494945 0.0000000002 0.0000000000
868.73887 19.5012183316609 0.0000000002 0.0000000000
600.32719 2.9382701936241302 0.0000000002 0.0000000000
919.73613 19.1677797138039 0.0000000002 0.0000000000
838.55926 5.90826679290631 0.0000000002 0.0000000000
783.63745 12.5822459095545 0.0000000002 0.0000000000
743.60615 10.5243643238476 0.0000000002 0.0000000000
838.55926 6.97461568849113 0.0000000003 0.0000000000
1000.83277 20.5569187697393 0.0000000003 0.0000000000
788.52248 10.6156606168787 0.0000000003 0.0000000000
890.72322 19.3382342296112 0.0000000003 0.0000000000
956.79130 19.4535207201066 0.0000000003 0.0000000000
800.54361 11.5977043071417 0.0000000003 0.0000000000
918.81203 19.3009013520459 0.0000000003 0.0000000000
858.71813 19.3689287705758 0.0000000003 0.0000000000
642.56672 17.3170901896051 0.0000000003 0.0000000000
942.81203 19.2286735879301 0.0000000003 0.0000000000
942.81203 19.4462315033979 0.0000000003 0.0000000000
916.73887 19.4646229304789 0.0000000003 0.0000000000
838.55926 5.42834274301472 0.0000000003 0.0000000000
881.68650 17.4836337700889 0.0000000003 0.0000000000
902.74435 17.6365384225453 0.0000000003 0.0000000000
794.57053 14.3596110292374 0.0000000003 0.4872791721
940.83277 21.0017683424938 0.0000000003 0.0000000000
834.75452 19.623617780153 0.0000000003 -1.6528437392
860.54121 8.65870550996592 0.0000000003 0.0000000000
821.62658 12.2074870089472 0.0000000003 0.0000000000
964.83277 20.4689942462704 0.0000000003 0.0000000000
822.56435 6.98915339023115 0.0000000003 0.0000000000
834.71813 18.4485323971623 0.0000000003 0.0000000000
539.43062 4.05616896686207 0.0000000003 0.0000000000
670.59802 18.7985306813644 0.0000000003 -30.3142010314
918.75452 19.1835581393877 0.0000000003 0.0000000000
852.55138 7.82364064179835 0.0000000003 0.0000000000
826.53573 7.74611818368022 0.0000000003 0.0000000000
682.54050 12.2558316489976 0.0000000003 0.0000000000
805.62180 11.9884327858594 0.0000000003 0.0000000000
678.56672 16.2927558222061 0.0000000004 -32.7851703229
678.56672 16.431549127195 0.0000000004 -32.7773635863
1036.92667 21.2203718984661 0.0000000004 0.0000000000
608.59762 17.1278515911952 0.0000000004 0.0000000000
953.75686 20.3308731897674 0.0000000004 0.0000000000
1002.94232 21.625995387222 0.0000000004 -30.3549546481
812.52008 12.5446320617231 0.0000000004 0.0000000000
932.79130 17.8258773830643 0.0000000004 0.0000000000
748.64497 18.8205068382173 0.0000000004 0.0000000000
860.54121 8.47092903531008 0.0000000004 0.0000000000
838.55926 5.56502084678931 0.0000000004 0.0000000000
1035.00492 22.09824741533 0.0000000004 0.0000000000
767.60615 12.7337436123045 0.0000000004 0.0000000000
680.41443 3.78815629557579 0.0000000004 0.0000000000
972.85898 20.1777156725036 0.0000000004 -31.3315384658
1004.86407 20.8282943621821 0.0000000004 0.0000000000
946.84333 20.1393152901222 0.0000000004 0.0000000000
1004.86407 20.7677610825149 0.0000000004 0.0000000000
1099.03622 22.0229615972476 0.0000000004 -32.6837599374
608.52485 12.9131676509597 0.0000000004 -31.6219373389
835.53311 7.87810370052952 0.0000000004 0.0000000000
893.72048 18.9673373341336 0.0000000004 -31.6343503261
800.52248 7.25042467467313 0.0000000004 0.0000000000
950.81712 20.1666057797395 0.0000000004 -31.5001495499
886.55686 9.77556956966247 0.0000000004 -31.5032740172
904.79638 19.6350400633875 0.0000000004 -32.9034581818
662.57180 15.5908266441928 0.0000000004 0.0000000000
828.70757 19.5893528903648 0.0000000004 -31.6379321288
828.70757 19.682232899643 0.0000000004 -31.6144445728
914.58816 12.1295437681812 0.0000000004 -31.5750308149
892.60621 14.269776412408 0.0000000004 -31.5341102634
752.52008 7.93427582991434 0.0000000004 0.0000000000
935.76743 19.7157583960086 0.0000000004 -31.4466081277
776.63988 15.4470356803124 0.0000000004 -31.4577192840
886.74943 18.4161279046149 0.0000000004 -31.3591853918
942.84842 21.2651997878172 0.0000000004 -31.4818819168
624.32719 2.37772744078826 0.0000000005 0.0000000000
888.76508 18.4553307275951 0.0000000005 -31.6489213482
827.66367 13.4443841781333 0.0000000005 -31.4738118005
956.73251 18.2063702884559 0.0000000005 0.0000000000
538.51937 12.6347754672218 0.0000000005 -31.4339561413
1004.86407 21.0179301694015 0.0000000005 0.0000000000
844.51231 7.60670784244211 0.0000000005 -31.4740073674
864.70757 19.1255593728647 0.0000000005 -31.4572574772
684.55615 14.0212976895966 0.0000000005 0.0000000000
798.56435 7.74104100674684 0.0000000005 -31.6395231216
888.76508 18.2461233448749 0.0000000005 -31.4381261605
864.70757 19.5347191991189 0.0000000005 -31.4796332443
862.74943 18.3761521168708 0.0000000005 -31.5098101555
822.56435 7.46586625635427 0.0000000005 0.0000000000
824.54471 12.6215207088815 0.0000000005 -31.7461292970
992.77017 19.6172518313539 0.0000000005 -31.6091428974
904.60621 15.7121643288585 0.0000000005 -31.4494938133
998.81712 20.324465212769 0.0000000005 0.0000000000
886.55926 8.57816991215886 0.0000000005 -31.3912509923
755.60615 9.77593965244202 0.0000000005 0.0000000000
790.53573 8.61770766977979 0.0000000005 -31.5222082592
940.60381 12.0061833729497 0.0000000005 0.0000000000
906.77565 19.1793709313384 0.0000000005 -32.2994627885
774.66062 18.9367944515235 0.0000000005 -31.4098948013
819.64731 19.4473886504971 0.0000000005 0.0000000000
878.57531 8.33550877663642 0.0000000005 -31.5161415196
970.87972 21.3626190675767 0.0000000005 -31.3924295062
940.60621 12.272387208172 0.0000000005 0.0000000000
836.54361 9.52829618383562 0.0000000005 -31.4578737630
886.55686 8.74647435991662 0.0000000005 -31.4092795305
742.53573 10.0062373355179 0.0000000005 -31.4485165580
970.87972 21.0948246984237 0.0000000005 -31.3050572763
998.91102 21.3514110167093 0.0000000006 -31.3662839579
769.62180 14.6479309917326 0.0000000006 0.0000000000
756.63480 14.9382181617438 0.0000000006 -31.5732933179
902.57531 7.8476288981191 0.0000000006 -31.4477420971
838.55686 11.6489497894507 0.0000000006 -31.4222876168
886.55686 9.91590302768569 0.0000000006 -31.5165919110
774.66062 19.10110760512 0.0000000006 -31.4344114468
894.69463 17.26798736618 0.0000000006 -31.5007732254
812.65514 18.911232777149 0.0000000006 0.0000000000
790.65553 16.5310349134248 0.0000000006 -3.2861318092
936.80147 20.3239508673701 0.0000000006 0.0000000000
778.53573 9.27395638253587 0.0000000006 0.0000000000
476.27717 1.86263426161962 0.0000000006 -31.4070753776
798.56435 9.39019550686799 0.0000000006 -31.3970236953
886.62963 14.1753157763862 0.0000000006 -31.4099756077
914.58816 11.4549287797669 0.0000000006 -31.4124990224
842.66333 16.4569772072823 0.0000000006 -31.5095853671
864.76508 18.5487957679309 0.0000000006 -31.4239787161
892.60621 14.1193307211879 0.0000000006 -31.5115534221
668.54598 7.98467547530437 0.0000000006 -30.6674338616
794.56943 10.0512169828038 0.0000000006 -31.4571484956
1056.98927 21.7393811083369 0.0000000006 -31.3903318012
540.49864 8.7195918250089 0.0000000006 -31.4520106554
970.84333 20.787414113719 0.0000000006 -31.4311659474
812.69740 17.4862072751591 0.0000000006 0.3359253474
812.54361 10.7224346048556 0.0000000006 -31.3994813388
886.63203 14.1498379234974 0.0000000006 -31.4088432625
890.65632 11.3010359829542 0.0000000006 -31.4018043578
686.55655 8.93954766289255 0.0000000006 -31.3988555373
913.74910 19.0395013049888 0.0000000006 -31.3280220526
878.57531 8.00328355330391 0.0000000006 -31.5395345733
908.79130 18.9241115323477 0.0000000006 -31.4156157672
928.59096 9.0351711901142 0.0000000006 0.0000000000
913.74910 19.302198557412 0.0000000006 -31.4079172359
812.54361 8.69583647723979 0.0000000006 -31.3891131670
826.59565 6.30493958316165 0.0000000006 -31.4035253240
911.56200 10.3169881981364 0.0000000006 -31.4194243942
826.59565 6.61402762876569 0.0000000006 -31.4215715059
913.74910 19.1360211597815 0.0000000006 -31.3265102813
720.66531 20.8553086450585 0.0000000006 -31.4397828605
828.51740 8.78639476467082 0.0000000006 -31.4003624809
882.59833 11.2774711133797 0.0000000006 -31.3825357028
798.56435 7.40936832634803 0.0000000006 -31.4368139954
844.51231 8.40001784466841 0.0000000006 -31.3883206383
836.54361 5.89059209797699 0.0000000006 -31.4352144321
912.57251 10.1489104584263 0.0000000006 -31.4387932936
932.77017 19.8525281248487 0.0000000006 0.0000000000
843.70723 18.4689944607603 0.0000000006 -31.4368952370
592.56632 15.263897634046 0.0000000006 -31.4063777807
826.59565 5.41358206450525 0.0000000006 -31.4068910132
648.32719 2.17865509719125 0.0000000006 -31.4460344481
836.54361 5.56437474523934 0.0000000006 -31.4439016187
449.36254 4.69384636354502 0.0000000006 -31.4429086954
836.54361 6.69187420605594 0.0000000006 -31.4361839710
902.57531 8.40777597764156 0.0000000006 -31.4356327404
796.66610 15.6209886249695 0.0000000006 -31.4174839400
972.73457 15.9008881752571 0.0000000006 -31.4173115650
796.66610 15.453594050896 0.0000000006 -31.4175157963
992.86407 20.3242270711278 0.0000000007 -31.6752419674
641.51395 15.1740289860443 0.0000000007 0.0000000000
812.54361 5.4848494774895 0.0000000007 -31.4626703941
714.60310 16.4127143615306 0.0000000007 -31.5028205076
778.53573 9.10865057062369 0.0000000007 0.0000000000
848.77017 20.6807771811994 0.0000000007 0.4396926442
610.50412 4.24553244043687 0.0000000007 0.0000000000
678.56672 15.9855257875705 0.0000000007 -32.2239325081
812.54361 5.61346600504397 0.0000000007 -31.3341437727
650.64457 18.2046555342791 0.0000000007 -31.3970682462
694.64966 20.9081246444429 0.0000000007 -31.8990478883
810.68175 16.368849155244 0.0000000008 0.2777381092
694.64966 20.9714780654114 0.0000000008 -4.3499436993
828.61130 11.736746831848 0.0000000008 -31.4083203893
744.55378 13.1816891747472 0.0000000008 0.8515508703
1054.97362 21.6374852635058 0.0000000009 0.0000000000
670.59802 17.678965354013 0.0000000009 -33.5738449331
946.84333 20.3755432478324 0.0000000009 0.0000000000
806.56242 5.8302685831104 0.0000000009 0.0000000000
892.79638 19.2859606993813 0.0000000009 -31.5721640412
846.75452 20.3996068946452 0.0000000009 0.4222828506
880.76000 18.8551280257099 0.0000000010 0.0000000000
670.63440 18.5185223829866 0.0000000010 0.0000000000
666.60310 16.3950706417439 0.0000000010 -31.4151059608
794.56943 9.62792156052975 0.0000000010 -31.5956374331
1097.02057 21.8577031791158 0.0000000011 -33.0198682028
768.55378 12.8432310112672 0.0000000011 0.5041879558
575.46700 5.38680386869267 0.0000000011 0.0000000000
790.53813 12.8512910956349 0.0000000011 -31.5024220871
794.56943 9.80425172899345 0.0000000012 -31.4687665095
974.87463 20.3029731425367 0.0000000012 0.0000000000
854.72322 19.9405815392757 0.0000000012 0.0000000000
794.56943 9.22258334352286 0.0000000013 -31.5069694136
502.29282 2.42363161790282 0.0000000014 -31.8400012567
686.57180 14.8685647194608 0.0000000015 0.0000000000
694.59802 17.7874457901788 0.0000000016 -30.5055267166
782.72322 19.5597745781931 0.0000000016 -33.4226722281
561.48883 13.1581818237378 0.0000000016 0.0000000000
864.70757 19.3124897141101 0.0000000016 -31.5534990154
734.62932 18.5910462984725 0.0000000017 0.0000000000
874.55926 7.78244762153085 0.0000000018 0.0000000000
614.53542 5.02286815760841 0.0000000018 0.0000000000
690.50683 10.254350732483 0.0000000019 -33.3700960499
690.50683 10.2633397689426 0.0000000019 -33.3702254300
798.68175 16.9964989272478 0.0000000019 0.3871629809
796.73887 19.7977855137768 0.0000000019 -34.0832854697
812.66101 15.4849345277848 0.0000000020 0.0000000000
1010.91102 21.2903281116972 0.0000000020 0.0000000000
544.45717 10.6548749156376 0.0000000020 0.0000000000
909.54876 9.52944471960353 0.0000000021 0.0000000000
996.80147 20.0499702842408 0.0000000022 0.0000000000
916.79638 18.7577446168061 0.0000000022 -31.5325528925
862.62502 9.24482835869706 0.0000000025 -1.3202061824
1068.98927 21.7209722491142 0.0000000026 -31.4951111389
996.80147 20.2808981984853 0.0000000026 0.0000000000
538.48299 6.64984389580239 0.0000000026 0.0000000000
678.47045 4.03781475879018 0.0000000026 0.0000000000
844.51341 9.89377038181134 0.0000000027 0.4939791761
778.53813 11.0364371463682 0.0000000027 0.6361733476
920.77017 19.6194986597358 0.0000000030 0.0000000000
690.50683 10.2541770466429 0.0000000030 -32.8457269511
808.73887 19.6163037534519 0.0000000030 -4.5850214784
780.51740 7.52666946501343 0.0000000030 -33.3439161479
916.60381 13.4903661896687 0.0000000030 0.0000000000
944.82768 20.8102044715988 0.0000000030 -30.9634507771
910.55686 9.90662773587235 0.0000000031 0.0000000000
743.60615 14.7694142748399 0.0000000032 -32.4760739492
633.50646 17.0899299089191 0.0000000032 -26.7501766209
664.38313 3.46430112791016 0.0000000034 -0.3917822336
968.86407 21.0233859718751 0.0000000035 0.3987095648
1010.91102 21.3809305163438 0.0000000037 0.0000000000
996.80147 20.212933606418 0.0000000038 0.0000000000
972.73457 15.5643539966878 0.0000000040 0.0000000000
754.69192 18.7537397440771 0.0000000041 0.0000000000
942.84842 20.9329945481314 0.0000000041 -31.3643414109
754.69192 18.9316579655695 0.0000000042 0.0000000000
712.64497 18.7308969181232 0.0000000042 0.0000000000
766.53923 12.707427916444 0.0000000047 0.4400011111
964.83277 20.746725863282 0.0000000051 0.0000000000
1034.91102 21.1509599448459 0.0000000051 0.0000000000
1077.05187 22.3149972740452 0.0000000053 0.0000000000
976.83277 20.5932494912448 0.0000000053 0.0000000000
740.52248 9.29037375530442 0.0000000055 0.0000000000
856.58508 8.70629782001326 0.0000000057 0.5445404189
951.74121 20.2440568300512 0.0000000059 0.0000000000
734.62932 18.7524257712838 0.0000000065 0.0000000000
894.62296 11.6446721268431 0.0000000067 0.4863933902
742.64966 20.6011187736777 0.0000000070 0.0000000000
972.80147 20.1841074795638 0.0000000070 -1.8882501529
661.52790 9.69447754506992 0.0000000075 -31.1086665339
612.55615 16.2959897737381 0.0000000075 0.6733441326
781.63166 19.5054389752395 0.0000000075 -31.0453365506
714.50683 8.93825499182348 0.0000000078 -31.0929894756
666.56672 16.7917730699918 0.0000000078 0.0000000000
742.64966 20.5986169077755 0.0000000081 0.0000000000
736.49228 7.94913734105586 0.0000000081 0.0000000000
980.86407 20.9952050110786 0.0000000084 0.0000000000
920.77017 20.2206750068248 0.0000000087 0.2711544915
645.56051 18.3142285392967 0.0000000087 0.0000000000
816.57491 6.54104460144424 0.0000000090 -1.3674337891
814.53813 12.2523247458168 0.0000000090 -31.1444824084
908.77017 20.2589387360271 0.0000000093 -31.5446404410
617.51395 16.2934649041849 0.0000000107 0.5063703717
970.78345 19.5917473672994 0.0000000107 0.0000000000
768.55488 13.6632194275774 0.0000000111 0.5628470802
1089.05187 22.2640553517993 0.0000000115 0.0000000000
689.56906 18.965613712175 0.0000000115 0.0000000000
747.51816 9.49434090209419 0.0000000125 0.4376560936
862.78582 20.7958659569877 0.0000000128 0.4433435367
580.49355 11.105666543637 0.0000000128 -33.5276412836
819.58980 10.106011857773 0.0000000128 0.0000000000
932.62226 10.990910959421 0.0000000132 0.0000000000
810.75452 19.9849887103618 0.0000000137 0.0000000000
934.78582 20.2942234800067 0.0000000142 0.0000000000
776.52008 7.4031156410416 0.0000000152 0.0000000000
860.60937 7.69006025387614 0.0000000152 0.1606466295
772.54870 7.78099368630519 0.0000000152 0.4491836889
665.51395 14.8451470102648 0.0000000158 0.0000000000
752.52248 8.40281504295583 0.0000000163 0.0000000000
828.55138 8.70478008207161 0.0000000169 0.0000000000
936.82260 19.8146090045997 0.0000000169 0.0000000000
850.78582 21.0328132545998 0.0000000194 0.4714217023
786.52906 9.54781366597177 0.0000000199 -31.7570515633
776.52248 7.68767677248695 0.0000000208 0.0000000000
912.80147 19.786720202544 0.0000000231 0.0000000000
668.63401 21.1877234383072 0.0000000231 0.1875307562
820.73887 20.4635039794541 0.0000000231 0.5564870331
820.73887 20.3870925868491 0.0000000231 0.5564942076
718.53813 12.6119143033882 0.0000000247 -1.9161696042
860.77017 20.5551104196995 0.0000000247 0.3598895216
860.77017 19.5521233850854 0.0000000256 0.0000000000
966.84842 20.353538437359 0.0000000256 0.0000000000
802.69192 19.5474843364263 0.0000000256 0.6306568440
864.80147 20.3671931500569 0.0000000256 0.0000000000
854.72322 19.7196279872418 0.0000000274 0.0000000000
766.53573 12.2186684930661 0.0000000274 0.7600106682
825.68440 14.7942929438249 0.0000000274 0.0000000000
854.62695 11.710716483512 0.0000000274 -29.7090129438
934.80695 19.1902897071621 0.0000000274 0.0000000000
796.70248 18.7920251571022 0.0000000325 0.0000000000
874.78582 20.6551008507198 0.0000000360 0.2290856507
589.48025 14.6938891025669 0.0000000385 0.0000000000
610.50412 4.10610576732975 0.0000000398 0.0000000000
770.65045 15.744097481983 0.0000000412 0.3620582543
836.77017 20.796253076464 0.0000000456 0.6941746870
810.68175 16.6437867142649 0.0000000471 0.3170764566
819.64731 19.2645504718872 0.0000000471 0.0000000000
728.52358 11.4838282938149 0.0000000476 0.6502342442
768.55378 11.5990952444136 0.0000000504 0.9010425729
642.61836 21.2138729018903 0.0000000521 0.0000000000
864.80147 20.9858952501716 0.0000000539 0.6283977489
844.73887 20.1003227634172 0.0000000539 0.4345198975
1103.06752 22.3870488232244 0.0000000558 0.0000000000
906.81203 19.9086914544665 0.0000000558 -27.5933474514
790.53923 10.8349915198868 0.0000000569 0.4293177891
888.76508 20.0952089837461 0.0000000577 0.5370185531
766.53573 12.6762752449308 0.0000000577 0.4904408832
970.78582 19.9160094318401 0.0000000637 -31.4269741101
794.56943 13.8108287014337 0.0000000637 -31.5335233174
766.53813 7.65739773700549 0.0000000659 0.0000000000
600.29431 3.49984980830846 0.0000000679 0.0000000000
872.77017 20.4651812734825 0.0000000728 0.2393401501
822.75452 20.6626827325744 0.0000000918 0.6534599032
850.56036 7.46523297334516 0.0000000936 1.6505229529
802.53573 8.15660751544341 0.0000000981 0.0000000000
754.65553 17.7675590795001 0.0000000981 0.0000000000
834.75452 20.5419295597483 0.0000001048 0.4898569903
666.60310 17.4600631742548 0.0000001083 0.6126060847
814.63203 12.6613429025469 0.0000001083 0.0000000000
594.58197 16.5808252982973 0.0000001156 0.3722956132
772.58508 15.071718443991 0.0000001234 0.6007067467
800.66101 16.0513020085876 0.0000001234 0.0000000000
756.55138 11.9555150360957 0.0000001234 0.0000000000
878.81712 21.2157968899821 0.0000001275 0.6078420675
790.65553 16.0535794870784 0.0000001361 0.0000000000
572.48847 12.7974983020348 0.0000001406 0.0000000000
572.48847 13.085586598735 0.0000001452 0.0000000000
884.73378 19.4554963506516 0.0000001452 0.4002843518
778.53813 6.85727614892335 0.0000001500 0.0000000000
966.84842 20.8354479557231 0.0000001601 0.4012737968
798.59833 12.2436626760011 0.0000001601 0.0000000000
640.60271 20.8730521925162 0.0000001654 0.0000000000
734.62932 18.0313215530983 0.0000001764 0.0000000000
924.80147 20.5899344752001 0.0000001822 0.2512265714
734.62932 18.3386039538541 0.0000001943 0.0000000000
636.62892 18.1737697021783 0.0000002007 0.2516848131
1006.87972 20.4391355232986 0.0000002007 0.0000000000
610.54050 15.0388247279259 0.0000002140 0.4632169250
994.78582 19.9427527160353 0.0000002140 0.0000000000
814.56036 8.70784836086253 0.0000002345 0.4392282770
795.63745 17.2437848228664 0.0000002356 0.0000000000
904.83277 21.1064113922071 0.0000002356 0.4174715643
940.83277 20.7497846482681 0.0000002512 0.0000000000
622.61327 17.6665487371794 0.0000002512 0.3198576300
738.66062 18.845843684782 0.0000002512 0.0000000000
658.54050 12.8856863424462 0.0000002593 0.0000000000
638.57180 16.837530747892 0.0000002853 0.5265513940
876.80147 20.8894861974896 0.0000003040 0.2558570237
832.58508 9.52978056734568 0.0000003138 0.3142572126
1010.91102 20.8292256386248 0.0000003239 0.0000000000
615.49830 14.7970414634254 0.0000003239 0.0000000000
892.60731 10.8208545468372 0.0000003474 0.4202745866
904.59096 7.68094156461773 0.0000003674 0.0000000000
754.53573 10.1538623908481 0.0000003674 0.0000000000
890.81712 21.012173390491 0.0000004038 0.3893357930
566.55067 14.9770299074136 0.0000004299 0.3744608567
598.50412 13.7863523370105 0.0000004436 -34.0435777978
904.54980 8.14853124545839 0.0000004585 -27.9355774633
904.54980 8.14853124545839 0.0000004585 -27.9355774633
652.55107 16.1077760555979 0.0000004722 -30.5778238830
652.55107 15.7972972243683 0.0000005026 -32.1499952240
944.77017 20.1130707501232 0.0000005185 0.0000000000
794.72322 20.3548455367529 0.0000005185 0.6513197169
880.73887 19.154743256211 0.0000005349 0.0000000000
873.69426 19.9600399364991 0.0000005518 0.0000000000
615.49830 15.0490793396637 0.0000005692 0.0000000000
871.53421 8.44473902873824 0.0000006034 31.0249678384
638.57180 16.4073643619277 0.0000006056 0.4044897826
784.58508 10.3233036038536 0.0000006246 0.2193640743
866.72322 19.9644538148942 0.0000006246 -31.3926973054
640.58745 17.3168212821192 0.0000006246 0.5254548399
994.78582 19.7892142749866 0.0000006442 0.0000000000
948.85898 20.3127156013115 0.0000006442 0.0000000000
752.52008 8.13585410742861 0.0000006442 0.0000000000
860.73378 19.7167902627459 0.0000006442 0.5362530399
832.58268 11.1712248907127 0.0000007287 0.3213545713
821.66296 19.9192597458782 0.0000007287 -31.1202445790
889.58116 11.4035752748231 0.0000007302 0.3554841677
970.78582 20.0961155933915 0.0000007514 -1.4099817299
842.70796 17.4882012477371 0.0000007748 0.0000000000
832.73887 20.2421245068439 0.0000007990 0.4524454497
942.75452 19.8410686516691 0.0000008238 0.0000000000
982.68955 3.12520071322685 0.0000009892 0.0000000000
820.51341 5.60057732510117 0.0000010368 -32.5517012327
1023.92901 21.8985576701038 0.0000012987 0.0000000000
727.56599 18.2335352367007 0.0000013383 0.0000000000
916.83277 21.2181831868393 0.0000013791 -31.3690041560
804.55378 8.34116613876049 0.0000015088 0.2573450952
660.55615 14.7983884212096 0.0000015546 0.0000000000
888.80147 20.8119473955546 0.0000016017 0.2534112543
870.75452 20.1676760525226 0.0000016017 0.2701319583
930.84842 21.0342588558108 0.0000016017 0.4772903485
568.36200 3.84595053331385 0.0000016288 -0.3676637163
870.75452 20.2184890366306 0.0000017001 0.2641439687
1101.05187 22.1911342757731 0.0000017515 -31.2195680119
936.80147 20.5558443683721 0.0000018043 0.0000000000
766.50175 8.15633711614708 0.0000018587 -32.0686371346
648.62892 17.5698495820039 0.0000019146 0.2366392467
568.36200 3.4839113258688 0.0000020092 -0.3667457906
854.53305 8.8617910459713 0.0000020923 0.0000000000
926.81712 20.8472913641354 0.0000021550 0.2501361604
754.53813 7.21731266224712 0.0000023541 0.0000000000
998.81712 20.5375483102129 0.0000025707 0.0000000000
535.47318 12.6725741779396 0.0000026055 -31.9242346488
886.74943 19.8293334938339 0.0000026471 0.3834060049
792.70757 20.0128427929347 0.0000027256 0.6951744670
908.79130 19.1546367349306 0.0000027256 -2.2129493997
760.64497 19.1452866048731 0.0000027256 0.7828406595
808.66610 17.3130593589511 0.0000028895 0.0000000000
842.70796 17.694879108752 0.0000028895 -30.0214832750
950.81712 20.688621773897 0.0000029749 -1.5703653791
806.56703 10.7532530230852 0.0000030627 0.3037517101
946.87972 21.3465143213717 0.0000031531 0.6490655943
770.56943 13.7982120308637 0.0000031531 0.0000000000
974.81712 20.261442945698 0.0000033415 0.0000000000
890.81712 20.2140279003404 0.0000035406 0.0000000000
650.64457 18.6323604040323 0.0000037511 0.2882903370
790.50175 8.11831765233682 0.0000039736 30.1158073628
766.69192 19.5151673166915 0.0000043312 0.0000000000
770.56943 13.7949172257704 0.0000044571 0.0000000000
852.76508 19.5195850782149 0.0000044571 0.0000000000
766.53573 9.20532126393346 0.0000045865 0.2579170880
806.72322 19.2355055086854 0.0000048562 -32.4834630374
858.75452 20.2874561402326 0.0000051411 0.2882803397
535.47318 12.3276548719111 0.0000051860 0.0000000000
974.91102 21.1054190039006 0.0000059249 0.4676510843
870.75452 20.3412563136878 0.0000060948 0.3288968296
830.55528 7.71586559912584 0.0000061794 0.3302729039
820.51341 10.3338103400281 0.0000066587 0.3424956477
890.78073 20.1930690555323 0.0000068223 0.5847151453
770.56703 13.797233012235 0.0000070168 0.0000000000
840.64768 14.7822018531406 0.0000078490 0.3206769600
836.61398 14.570955316115 0.0000078490 0.3446637944
854.56943 9.30511668582244 0.0000078490 0.2414188236
505.42623 8.56639182555465 0.0000087391 2.8683088075
591.49590 16.2122872123923 0.0000087750 0.4996691938
818.72322 19.9347146472392 0.0000090224 0.4752762923
860.61398 13.3799551707263 0.0000090224 0.0000000000
907.53311 7.80151880012668 0.0000090224 0.0000000000
638.64457 18.5261975271008 0.0000098049 0.3718526697
811.66875 16.5864032197892 0.0000100799 0.2952018341
837.54986 10.9564082702198 0.0000103722 -30.3944362903
968.77017 19.7574627327258 0.0000118909 0.0000000000
716.63401 20.8641595968282 0.0000129090 0.0000000000
664.38313 3.84527286284107 0.0000135408 -0.2259999184
930.60661 9.55844054400059 0.0000140100 0.0000000000
960.73457 16.4040791377762 0.0000143965 30.8483985174
481.42514 4.04330644716952 0.0000156179 0.0000000000
738.50683 9.06434144561287 0.0000156179 0.4832196227
616.36200 3.22359374491745 0.0000156386 0.0000000000
526.29282 2.29104696651524 0.0000160465 0.0000000000
652.55107 16.4689038839025 0.0000164863 -30.2543152390
860.77017 20.7904013020572 0.0000174007 0.3166275869
818.72322 20.0338848425105 0.0000178758 0.4589889541
846.52906 7.84948201325996 0.0000180442 -31.2366766321
934.87972 20.9370845076923 0.0000199028 0.4844427940
691.66098 19.8595490829256 0.0000203142 0.0000000000
976.83277 20.7679484889391 0.0000209966 0.0000000000
972.89537 21.2939994107217 0.0000209966 0.4267750747
715.58471 19.0322109278503 0.0000215648 0.0000000000
948.89537 21.406196054594 0.0000215648 0.6115445661
770.65045 17.6273221834902 0.0000227452 0.0000000000
870.62296 12.2863974177693 0.0000239530 0.2223062550
800.61638 13.1279830128862 0.0000246319 0.0000000000
926.81712 20.8231705070098 0.0000259713 0.2063828550
605.47516 15.2824436412883 0.0000266668 0.0000000000
960.89537 21.0543832240577 0.0000273799 0.2489420539
888.70757 19.1638807447092 0.0000273799 32.7592600972
979.86641 21.4848472667142 0.0000281111 -32.7883291133
912.80147 20.596400283124 0.0000281111 0.0000000000
856.64260 13.9341442612362 0.0000288609 0.0000000000
814.55926 5.68613653091241 0.0000320545 -0.3862507656
912.80147 20.4616649087917 0.0000346670 0.0000000000
932.86407 21.2841935441372 0.0000346670 0.5928266830
662.36748 3.05994006398348 0.0000347372 -0.3743418400
881.51856 6.846961686859 0.0000355456 0.3797165801
636.55615 15.2007447017287 0.0000355819 0.3624881609
358.29628 3.67315702398483 0.0000380794 0.2128482817
591.49830 16.2051605704834 0.0000405109 0.4336717261
554.34635 2.9150829282304 0.0000426873 -0.1268631493
505.42623 9.42082750728656 0.0000467496 0.0000000000
858.60073 9.63352025319336 0.0000485096 0.3397199405
888.80147 19.8628934003178 0.0000485096 -31.5082735094
757.62180 15.5650548262963 0.0000485096 30.8365419571
914.72322 19.374899610818 0.0000497677 0.0000000000
677.64533 19.6289636219167 0.0000547547 0.0000000000
866.72322 19.5272690278866 0.0000551163 -3.4115768978
682.59802 18.1858372139026 0.0000551163 0.8150214509
773.65310 17.2781521674756 0.0000565362 0.2948458153
914.59166 8.74099188690999 0.0000572704 0.3094130871
864.76508 19.4686000531756 0.0000579906 0.5840785493
736.49228 8.97475847568944 0.0000598952 0.4399934669
968.77017 19.9537432075493 0.0000610065 0.0000000000
846.60073 10.2250847957101 0.0000610065 0.2272989341
786.66062 18.7552834757157 0.0000692090 0.5210554239
988.92667 21.1107415457453 0.0000692090 0.4847162143
646.61327 16.6655881288927 0.0000709701 0.1875401206
766.69192 19.9642690390832 0.0000727736 0.9892409422
369.35158 21.1707662960087 0.0000727736 0.1414207640
927.81720 20.755136055392 0.0000746203 0.1671417418
836.61638 11.2458731168424 0.0000746203 0.2517354167
840.70757 19.4793375238574 0.0000765113 0.0000000000
833.51856 7.87926381918979 0.0000781981 0.2234751425
810.60073 10.6539352456157 0.0000804300 0.2378787550
796.73887 20.6695718689207 0.0000824598 0.6385925637
714.61836 20.4773139342567 0.0000845380 0.1918724359
788.52008 13.188931568567 0.0000866655 0.2983165544
808.58508 12.0302760705724 0.0000866655 0.2880932726
840.70757 19.2947741222214 0.0000866655 0.0000000000
838.78582 21.0177456000067 0.0000888436 0.5541813124
887.56551 10.1732158611296 0.0000892226 0.2934890422
768.51740 7.92862167289972 0.0000910733 0.0000000000
862.78582 20.0472493350856 0.0000910733 0.6015535021
942.75452 19.6028425657993 0.0000933559 0.0000000000
914.81712 20.1061089271613 0.0000933559 0.0000000000
812.67627 19.2339459476073 0.0000933559 0.6168894700
652.66022 18.9565300323588 0.0000980839 0.3815498825
818.53305 10.012809250657 0.0000980839 -33.9622792873
920.86407 21.274428634414 0.0001005319 0.5178605499
1002.94232 21.263914453612 0.0001005319 0.5642861371
624.62892 18.080783619151 0.0001056018 0.3055984153
892.73887 19.5021780171159 0.0001082264 0.0000000000
956.79130 18.2809158884653 0.0001109124 0.0000000000
816.57601 9.98910138246181 0.0001133466 0.1103531810
810.75452 20.803038640365 0.0001136612 0.6146062394
710.62932 18.9236599374701 0.0001449179 1.0028711694
890.59166 9.44134340764166 0.0001497765 0.2045083624
836.54121 9.66111197969298 0.0001557713 0.3058503353
886.78582 20.5689864060295 0.0001673864 0.2059062204
828.55138 8.50758787087697 0.0001755773 0.0000000000
904.76000 17.7429242930023 0.0001755773 0.0000000000
760.64497 18.5930055205169 0.0001755773 0.6565371624
854.57531 9.23324022612519 0.0001755773 0.4207938097
764.52248 9.05626457131515 0.0001841441 0.4387659001
768.70757 19.8991416440939 0.0001841441 0.8548535484
648.62892 17.7893797949017 0.0001841441 0.2132128231
785.65310 13.0593623394444 0.0001885733 0.3030121523
835.66875 15.0213345601098 0.0001885733 0.3121201741
958.87972 21.1887436128506 0.0001977340 0.6169627400
832.64260 12.320496784545 0.0002024695 0.1199442708
782.63792 9.11959454265665 0.0002141848 -0.4962428908
898.78582 20.6126099765998 0.0002501516 0.2154586489
650.40386 3.11774402177906 0.0002918124 0.0000000000
786.52796 8.31755657965752 0.0003011915 -0.2615414085
882.60073 11.2291958892711 0.0003082170 0.3267441320
920.86407 21.3591606765783 0.0003302250 0.5337261504
888.80147 20.0545330641803 0.0003457049 -4.0970514379
680.63401 21.0205391312414 0.0003457049 0.2163261906
806.56943 10.7447375430588 0.0003536970 0.1664472588
882.75452 20.1657219730558 0.0003618616 0.3519008161
770.57053 14.9447183623338 0.0003647230 0.2997838899
962.91102 21.1182268551194 0.0003702021 0.4047752951
750.66062 19.4397721180416 0.0003702021 0.8503522947
918.62296 11.4890559076187 0.0003721345 0.1851021301
764.54471 9.32333773598623 0.0003873817 0.2622332352
696.61367 18.4863938934817 0.0003874252 0.5384054621
696.61367 18.5094407700841 0.0003874252 0.5384054621
820.51231 7.22694746136388 0.0003963148 0.0000000000
764.67627 19.5727436936319 0.0004053947 0.7648165594
790.56036 9.58067464557815 0.0004113506 0.2846650611
639.49830 13.3423273390183 0.0004241405 0.0000000000
854.59166 10.8790042287516 0.0004454677 -0.1695326138
816.70757 19.6638951849072 0.0004537821 0.4269104363
984.89537 21.2837825292426 0.0004640848 0.5113248606
876.55138 7.51800595058321 0.0004640712 -0.7493302224
890.81712 20.3922009142705 0.0004746053 0.0000000000
732.61367 17.6182328647394 0.0004853480 0.7358689194
840.70757 19.5456883292014 0.0005189522 0.0000000000
742.53813 11.1492621359779 0.0005547148 0.0000000000
758.62932 18.0689527429452 0.0005671370 0.0000000000
885.54986 8.41930328969624 0.0005868019 0.4372898275
898.78582 20.4625150733069 0.0006059753 0.2047166494
840.70757 19.3775205163669 0.0006194621 0.0000000000
739.63876 16.900312756479 0.0006332276 -33.7834676767
780.70866 18.8798975705685 0.0006466821 -0.3955275446
856.73887 20.0751401044702 0.0006472773 0.3097562202
758.62932 18.4987935386269 0.0006911850 0.0000000000
762.66062 19.2269143263533 0.0006911850 0.7644430446
840.57491 6.98302179574783 0.0007064256 0.4950116490
950.68556 15.933915867878 0.0007122056 0.0000000000
840.57491 7.24425473313992 0.0007378480 0.4958439445
687.55341 17.9907817872888 0.0007540414 0.0000000000
892.60731 10.2780298686904 0.0007544273 -0.2001021027
687.55341 17.9772641607232 0.0007540414 0.0000000000
847.53421 8.60069259165601 0.0007989636 0.2418159706
786.60073 11.535491056944 0.0008221719 0.2528448492
811.62223 10.3901499952463 0.0008459296 -0.1559365813
848.54471 12.7158979315603 0.0008459296 0.1607813602
811.61995 10.3903172586242 0.0008459296 -0.1559328817
811.62223 10.3901499952463 0.0008459296 -0.1559365813
811.62223 10.3901499952463 0.0008459296 -0.1559365813
742.53813 11.3931641140085 0.0008583389 0.0000000000
764.55646 11.1847196551103 0.0008583389 0.1428167737
859.53421 8.24101135509744 0.0008786491 0.3397419036
664.41951 3.30834380407739 0.0008786491 0.2143043708
906.84842 21.2989558922693 0.0008959767 0.5915633138
758.53305 9.56620509239456 0.0009153639 0.0000000000
909.54986 8.85308910423651 0.0009299340 0.2881699006
750.66062 19.303631926467 0.0009553098 0.6566439192
802.55926 10.6574420779 0.0009553098 0.0000000000
507.44188 10.2344286229577 0.0009839806 0.0000000000
808.73887 19.4789433221002 0.0010182648 -0.6084411975
762.66062 18.9031009536148 0.0010400888 0.6299329678
836.77017 20.0263596233108 0.0010400888 0.8047818588
976.92667 21.3071020836908 0.0011081848 0.5808758361
784.58508 14.2519779255557 0.0011558478 0.1276371788
824.54361 8.60993483439603 0.0011558478 -30.3265547014
738.66062 19.5020359915863 0.0011803833 0.8501411993
868.60731 12.0187943927317 0.0011858500 -0.1509254933
712.60271 20.2896396465817 0.0012053992 -27.6672791813
680.58237 17.21947713271 0.0012309042 0.8625944933
863.56551 11.1939219766798 0.0012534918 0.2625510583
804.51740 9.11919690134941 0.0012569067 0.0000000000
840.57491 6.56318676086745 0.0012569067 0.4408388073
692.63401 20.9725110038892 0.0012834155 0.0000000000
972.80147 20.3421750978582 0.0012834155 -0.6571554746
840.57491 6.39393155746639 0.0012834155 0.4493931587
862.78582 20.131039248869 0.0012834155 0.4456056197
840.57491 6.07030481037946 0.0012834155 0.4502308321
834.62296 14.2641245045085 0.0013005467 0.4025624011
898.58149 6.01125290382151 0.0013005467 0.3411059262
840.57251 6.99006307663248 0.0013104396 0.2922002319
858.58658 7.25741261056723 0.0013246806 0.4186893210
882.75452 19.2639297982881 0.0013660698 0.0000000000
822.60073 11.6133237959531 0.0013660698 0.1871375712
802.55926 10.3202341629118 0.0013946944 0.0000000000
902.61279 7.52701308865099 0.0014254068 -1.3251617461
818.59166 11.746784880334 0.0014516684 0.1551223769
558.28375 2.49449716638524 0.0014516684 -0.4601427908
812.67627 18.9236297817154 0.0015148112 0.3616282603
794.56943 10.9076942958864 0.0015148112 0.1258087332
590.34635 2.71744863036992 0.0015331523 -0.4471460080
810.59833 14.2968601810478 0.0015462940 0.1897326891
840.57251 6.5611544030305 0.0015462940 0.2801060711
498.26262 1.78215904919559 0.0015897932 0.0000000000
872.56584 4.96633835499076 0.0016483548 0.5860821736
806.56943 10.3150696441416 0.0017129411 0.1594579280
784.58268 14.0451754389781 0.0017481915 0.1511879209
742.53813 10.460452919561 0.0017841078 0.0000000000
835.53421 9.07165114702388 0.0018035492 0.2045816754
902.81712 20.9108048706781 0.0018579834 0.1932001534
884.77017 20.2962955262457 0.0019346598 0.2629410240
884.77017 19.3221372557493 0.0019346598 -1.1018091106
800.54471 7.78684331794852 0.0019372534 0.2160662944
782.68683 18.1693132593408 0.0019740779 0.0000000000
898.58149 5.60587406267922 0.0019720722 0.1809866651
900.59714 6.12023959738057 0.0020074646 -1.2140262310
634.54050 13.8233926110864 0.0020142320 0.2131235638
742.53813 10.9538884115265 0.0020551343 0.0000000000
760.64497 18.3896311393913 0.0020551343 0.6663785400
872.56584 5.14933363678303 0.0020800041 0.2080602512
798.52906 8.27524659245033 0.0021171685 0.4650348219
866.59166 10.2392818144882 0.0021933302 -0.1938359531
860.54361 5.9976161847069 0.0022713125 0.0000000000
948.80147 20.0720898335975 0.0022713125 -1.3220244206
580.56632 15.6431414919584 0.0023169724 -0.5855809462
688.60271 20.4871782455611 0.0023169724 0.0000000000
676.66022 18.0880555919204 0.0023634715 26.5156869828
838.74943 19.2308373135313 0.0024108235 0.6817036635
782.68683 19.4732445342659 0.0024590425 0.9394805212
772.51341 5.96456573024283 0.0025237563 0.0000000000
594.34126 2.51071489736444 0.0025237563 0.0000000000
842.59056 6.97840730105147 0.0025581378 0.5197492193
654.61836 21.0416689520848 0.0025581378 0.1541537478
898.58149 7.76283948997714 0.0025681160 0.4452566658
857.51856 7.51366050660253 0.0026131876 0.2582681143
842.59166 10.6327775433985 0.0026589813 0.1193959440
860.63861 14.9034921259111 0.0026589813 0.1947957348
450.26262 2.12921976162158 0.0027055074 0.0918625746
552.29431 3.93674128282783 0.0027527763 0.4736635894
654.56672 17.0491844284422 0.0028220589 0.4650190592
732.61367 17.526794006018 0.0028220589 0.5472991732
880.59096 9.77374469016367 0.0028220589 0.2267261849
873.69426 20.1698019502014 0.0028777378 0.0000000000
886.56036 6.96652449498132 0.0028991451 0.0000000000
880.73887 19.9132617818535 0.0032964284 0.2328010397
858.62296 14.4865074634277 0.0034398224 0.1107200518
283.15160 0.777603382514871 0.0034922882 0.0973152995
680.63401 20.9741333105279 0.0034922882 0.1585087425
740.67627 19.9589682141611 0.0036286833 0.7295529076
840.57491 5.17233813631043 0.0036986820 -0.0396187045
654.56672 17.08224639763 0.0038423745 0.4545161223
857.67533 14.8225245983435 0.0039367739 0.1424459724
878.78073 19.6686886948245 0.0039911210 -1.8384518086
876.55966 7.67783157205526 0.0039911210 0.3118669944
807.57454 10.0418056473801 0.0039911210 0.1245180233
910.78582 20.5091294842484 0.0041450772 0.1187945265
762.58785 18.9646196899545 0.0043044028 0.0089299529
807.50291 7.43071866250971 0.0043513393 0.2619827815
692.65514 17.5342247435258 0.0043861302 0.0251889113
842.72322 19.7756649267803 0.0043861302 0.3846471782
782.68683 18.6950798691491 0.0044692615 0.5551202931
946.78582 19.8770708820694 0.0045538181 0.0000000000
610.33618 1.00581372339599 0.0047266173 0.0000000000
776.54471 8.56905255440471 0.0049656109 0.2387455910
804.55138 8.77656548044588 0.0050922997 0.1472291981
846.55019 4.92473130045344 0.0051309560 -34.0961781036
846.55019 4.69614526550089 0.0053012612 -34.0944997181
980.86407 20.3334856839622 0.0053825695 0.0000000000
612.33070 2.13505952074836 0.0055663024 0.0000000000
640.62384 16.8566078083224 0.0056876974 0.1605857629
816.64768 14.1567685630827 0.0058996943 0.0000000000
859.53421 7.92057324881927 0.0059382799 0.2066309667
862.69192 18.8890142787847 0.0060083409 0.0000000000
938.81712 20.7857558021573 0.0061187870 0.1616966778
656.58237 18.1953468075651 0.0061187870 0.2795178182
944.77017 19.9101787173837 0.0061187870 0.0000000000
762.66062 19.1494242182228 0.0062310582 0.5931623042
606.50920 11.3664559785921 0.0063451806 0.0000000000
1004.95797 21.4395827699356 0.0063451806 0.3679334676
858.75452 20.5596565742527 0.0064611807 0.4541922846
788.67627 19.1019091305746 0.0064611807 0.4518246433
668.65514 17.9540843972568 0.0065790850 0.1613138809
779.60615 11.941578065939 0.0066989206 0.0835273481
892.73887 19.9859357963146 0.0068207148 0.2100996696
752.67627 19.7364073030962 0.0069444952 0.7268487524
894.62296 12.1688712332503 0.0070794436 -0.1877421675
636.35183 2.91066391919065 0.0071923726 -0.0992800495
940.73887 19.2568685978849 0.0074600404 0.0000000000
712.64497 19.4779248020852 0.0074600404 0.7304708729
658.40544 3.61046134045157 0.0075941760 0.0000000000
750.62423 18.9794039360553 0.0075941760 0.2971261919
634.54050 13.3829831408155 0.0077304698 0.2646595018
866.72322 19.7874246248282 0.0080096513 -1.4426088986
762.50793 8.91601757017107 0.0082837946 0.1564864227
608.35691 3.10659482580248 0.0082837946 -0.2487607132
850.58149 6.18428849202841 0.0084137816 0.2413836069
868.60731 11.2473227269963 0.0088147581 0.1030844917
682.63440 19.037569606701 0.0093808867 0.6647526245
814.55926 5.97949093240209 0.0098824538 -0.3726088471
912.76508 19.8415631670713 0.0098824538 0.2386267256
822.55019 8.15084487162761 0.0099687406 -0.1685565059
822.55019 8.15084487162761 0.0099687406 -0.1685565059
964.83277 19.941587796613 0.0100548755 0.0000000000
780.55378 7.62769635644574 0.0104077760 0.3012879919
780.55138 9.79972772539102 0.0105883253 0.0978075438
312.32609 6.04525990208375 0.0105883253 0.0968754109
634.54050 13.2313475527551 0.0107716550 0.1941601369
804.55378 8.81059673369339 0.0107716550 0.1265012932
754.69192 20.1556688906248 0.0111468006 0.6463892546
738.50793 9.3891293478669 0.0112554177 0.2517008584
718.64966 20.7345479674261 0.0113386898 0.0000000000
912.57601 7.65674305910021 0.0115992896 0.1405568921
834.59833 13.1038855851378 0.0117312872 0.1537702789
794.49776 5.46257694858127 0.0119524514 0.2922813439
536.50482 11.9927273865675 0.0119524514 0.1198932716
900.59714 6.76682040608038 0.0119524514 -0.0252366431
812.54471 7.81306659205716 0.0125000741 0.1236290567
861.54986 9.64228640547383 0.0125000741 0.1238674870
834.60073 13.9094896302591 0.0125528229 0.2354715586
926.74435 16.8933009556608 0.0127658041 0.0000000000
844.60621 7.61999523216409 0.0129823827 0.1481594653
840.72870 20.1467182274454 0.0134248944 0.0000000000
900.80147 20.701114540079 0.0141136602 0.1415154561
839.74630 19.5302285560416 0.0148334243 27.6401344528
566.34635 2.07466059055652 0.0153600944 -0.3731018214
894.81203 19.8348260234993 0.0155853399 1.0753139393
810.66062 18.5768638517623 0.0155853399 0.7841352797
752.63988 17.8127702102955 0.0155853399 1.1990769398
810.71813 19.0531617797204 0.0155853399 0.9989094849
890.78073 19.4456108316391 0.0155853399 0.4814853379
872.77017 17.4569158865644 0.0158433268 -0.2811668025
726.66062 19.5659650583043 0.0158433268 0.3957159479
512.29940 1.8988154721447 0.0160430852 0.0000000000
856.57093 5.59898090401648 0.0160430852 0.6241009410
632.52485 12.2504468890402 0.0163705904 0.0000000000
836.54361 4.80313582363978 0.0171903900 0.0062643526
770.49666 8.7233577179488 0.0171903900 0.0000000000
582.28375 2.16568011387043 0.0174895818 -0.3522480043
836.73378 18.2878433172025 0.0177567304 -0.1007677989
822.60073 10.8100594438517 0.0180459834 -0.1027651931
940.83277 20.1661815948031 0.0189386461 0.0000000000
935.73345 18.2582126927483 0.0192446629 0.2618749819
914.81712 20.8205031467714 0.0198696848 0.0000000000
866.78073 19.4648205694529 0.0205123563 0.4658143835
892.60731 10.577662703913 0.0213169767 0.1272967616
764.52248 9.08166283994999 0.0215103421 0.1600490759
974.81712 20.384280103872 0.0215103421 0.0000000000
832.58508 10.2907777895735 0.0218522703 0.1448124826
781.48726 7.15971061618098 0.0228507991 0.0000000000
954.77565 19.2538908230624 0.0229065849 0.0366348816
858.59833 11.798831533089 0.0236337668 -0.0846257441
866.81712 21.1917113644046 0.0236337668 0.4421321691
746.49776 8.20006651458217 0.0238163907 0.4238427893
900.66991 16.2834845684093 0.0241460261 0.0938633389
934.74943 19.0842250857724 0.0243808955 0.1549252579
1016.77017 19.4037236732008 0.0247620763 0.0000000000
580.32561 4.70399939122124 0.0251587735 0.0000000000
986.91102 20.8580526666136 0.0251484083 0.1141656235
783.61093 11.7380588391728 0.0255399472 0.0000000000
280.26349 3.19974283945907 0.0255399472 0.0000000000
810.71813 18.8814848582909 0.0255399472 1.0577464568
882.77565 19.0902499633058 0.0259367488 0.6000958983
664.66022 19.0291120692078 0.0259367488 0.0903154518
694.63550 18.5406403840492 0.0262080857 0.1211703289
866.59166 9.92024020757231 0.0284206123 -0.1307483112
848.54471 7.29505914299636 0.0284206123 -0.1752640286
854.59166 10.549563876613 0.0303855187 -0.1151031062
786.66062 18.5270266098151 0.0311297525 0.5472181725
913.58116 10.8268609934318 0.0320404141 0.0876885298
614.57180 17.3938530870431 0.0335436286 0.1051853856
814.55926 6.37993733446262 0.0340451545 -0.2268658366
924.59714 6.44189087338189 0.0342171571 -0.0950258816
454.29282 3.10399841091146 0.0345530765 0.1519042706
883.53421 7.70091079716446 0.0346673503 0.1711299180
918.75452 19.7211827315918 0.0350674577 0.0000000000
922.78582 20.3539450232585 0.0355883617 0.0866388971
778.69192 17.9411885302442 0.0361158523 1.8090460658
684.61367 18.8156612971124 0.0371908505 0.1420257535
882.62296 13.2721389221678 0.0389516111 -0.1030538838
848.56584 4.59011008861944 0.0404758445 0.0000000000
826.54401 7.42890087014012 0.0405806669 0.0000000000
910.74943 19.2548489487144 0.0429831862 0.1919241072
758.46138 3.8462541015738 0.0431295477 0.0000000000
282.27914 4.05225055027731 0.0442288513 0.2197937846
297.24352 3.67371959514229 0.0453567277 -0.1076616199
297.24352 3.67371959514229 0.0453567277 -0.1076616199
846.62296 14.1480869236257 0.0453567277 0.0947906601
899.76983 19.5192648001211 0.0455048480 0.0128750632
786.56435 11.6864428816002 0.0474769228 0.0000000000
757.62180 10.582432341997 0.0474769228 0.0462387734
886.61788 11.5219161262171 0.0501026485 0.1483893784
760.58508 13.6784031410833 0.0509232496 0.0844681819
926.74435 17.7968690197008 0.0509232496 0.0845729222
666.60420 16.9236782031008 0.0513521210 -0.1779209182
832.54870 11.3722044632676 0.0516370804 0.0000000000
828.75921 21.4075115003261 0.0576545384 0.0000000000
572.52485 15.3794694053575 0.0584461587 30.8919003444
396.31084 0.98204159640549 0.0625408442 0.0000000000
595.49322 4.59309164913435 0.0625408442 -0.1645449454
792.57601 11.5524762918147 0.0630617321 0.0630043062
848.60937 8.31997001575712 0.0642438378 0.0540244099
834.58658 9.37576488646634 0.0645741553 -0.1278245888
887.56200 9.03211311526418 0.0651095859 0.1209428649
928.76000 18.1150713059698 0.0659849345 0.0198707926
882.58658 6.95010110983653 0.0692919389 0.0000000000
593.47757 4.55185692542188 0.0723874884 -0.1136481049
860.60937 7.92503841474245 0.0723874884 0.1313906356
926.74435 17.5858811997927 0.0733423445 -0.6455397267
824.58000 9.6926698481206 0.0803183686 0.0393901461
576.29431 3.59203282784882 0.0804875271 -1.3204633530
866.59056 6.64467757590123 0.0813575735 0.0635702371
460.36327 5.97311485141087 0.0813575735 -0.0591417694
882.75452 19.9974779552551 0.0824076640 0.2298470205
474.30615 1.6451602143514 0.0845408061 -0.1465769469
958.80695 18.8135919199941 0.0845408061 0.0271192578
752.63988 16.3912993696017 0.0878240638 0.4710096918
860.60223 7.88585511404219 0.0880788811 -0.0051724918
674.43915 3.99701216912249 0.0889410658 0.0000000000
864.57491 7.16949664425744 0.0900694859 0.0000000000
828.56250 7.70033268976266 0.0900642790 -0.1254468760
424.34214 2.23884645680796 0.0900694859 -0.0613780823
922.84333 19.9170818205574 0.0900694859 0.0000000000
904.59096 9.65470530168122 0.0923608844 0.0981447858
856.58268 11.9721737527777 0.0935240145 0.0484735066
298.31044 4.60763436225434 0.0946988662 -0.1096567272
669.56051 17.9790592463352 0.0958855153 -0.0693652949
279.15909 2.08814028821953 0.0982945079 0.1858503137
832.58508 8.63191998538658 0.1019983640 -0.1054225917
638.36748 2.87184771456332 0.1027443747 0.0000000000
864.57601 8.42552388797496 0.1038621465 -0.0665230276
830.59166 11.2053244385669 0.1049895595 0.0555792115
858.60073 9.39929989853473 0.1058124641 0.0784318323
594.37655 3.63708330876173 0.1110729074 -0.1531494830
788.54361 5.03673171860434 0.1124197589 0.1366080112
856.58268 10.7614273483348 0.1151520668 -0.0333978170
806.72322 19.9441742952686 0.1165376698 0.3976115493
896.77017 20.1628227835612 0.1165376698 0.1382937106
918.75452 19.7629886366507 0.1193481386 0.0000000000
822.60073 10.4066146224881 0.1207731496 -0.0877123591
808.58508 10.0363339847443 0.1222114412 0.1319367017
772.58508 12.1252067023408 0.1236630853 0.0471331254
907.70215 17.5619717156372 0.1236630853 0.1951435343
878.59166 10.3264429958715 0.1269897136 -0.0770490725
850.55926 9.97313958271886 0.1296046143 0.0000000000
842.59166 10.4629958197791 0.1296408188 0.1279219191
660.62892 16.8651646243239 0.1311240887 -0.3600414899
478.29282 2.51055646603237 0.1326573404 -0.2985898760
907.70215 17.2735716599763 0.1357654538 0.2580138124
780.70757 18.8977527335424 0.1373404536 0.0000000000
856.54980 13.2285364361674 0.1392590446 0.1730509758
842.59056 6.44734556710153 0.1405326820 -0.1400218290
864.57601 9.271659570933 0.1406768045 0.1228068151
792.51740 8.51720523089222 0.1421500462 0.1727802763
752.55887 13.9768290065122 0.1454276112 29.5064784045
937.74669 18.1964243961727 0.1470879452 0.0000000000
794.60582 13.239657597937 0.1470879452 0.1348542125
838.55926 4.81403846069614 0.1487627348 0.1739589442
854.56943 8.76940203453354 0.1504520456 0.1284369525
766.65553 17.2361887475667 0.1521559426 0.1943055664
904.59096 9.52193022737572 0.1538744902 0.0893409452
911.56551 9.50308592837286 0.1585666527 -0.0910450034
281.24860 4.55722166813514 0.1585666527 0.1607315119
806.56943 8.24593676582157 0.1626892106 -0.1277238586
881.51746 7.67061403001131 0.1644969883 -0.0737327450
812.54361 4.75777593475662 0.1663198536 0.0000000000
628.36200 2.740829679828 0.1714172064 -0.1926995987
831.50291 6.78658871939567 0.1747484535 0.0000000000
690.47045 4.05779859626465 0.1756625818 -0.1085364243
778.56036 10.3678682672453 0.1781277891 0.0130894669
828.57601 9.5650283442539 0.1798355878 0.1030316913
255.23295 4.44104822206778 0.1798355878 0.1417672484
917.72048 18.7076729355266 0.1834143227 1.5405362921
784.64497 18.5061961041781 0.1853912759 0.2507809556
784.64497 18.1130067841994 0.1853912759 0.2470741763
784.64497 18.4519098295377 0.1853912759 0.2627676735
920.82768 20.4830579070842 0.1853912759 0.3642032474
920.82768 20.6273148520773 0.1853912759 0.3789147359
828.56312 7.70033268976266 0.1867885460 -0.1575666354
316.24824 0.911313870521185 0.1873839450 0.1207622961
774.62423 18.3132368173869 0.1893923831 0.2533448761
828.56312 7.70033268976266 0.1939381035 -0.0952129303
933.71780 17.4551530890066 0.1955128320 0.0416705046
920.82768 20.1359677045881 0.1975848631 0.4189686237
415.22550 2.2971871782529 0.1994306656 -0.2342864387
907.70215 17.7316289680842 0.1996729180 0.3881739305
933.71780 17.6915891918748 0.1996729180 0.0413644643
738.50793 9.18889688125833 0.2012865400 0.1454255740
594.37655 2.99198249115227 0.2060337086 -0.0941504957
558.50920 14.6358506551898 0.2060337086 -1.1663736040
558.50920 14.4930865314761 0.2060337086 -1.1665617833
832.60731 12.9683338889536 0.2088360190 0.0745251619
756.61367 17.6770244796814 0.2147419599 0.0000000000
482.32412 3.95183895239711 0.2169598915 0.1131718793
780.55378 8.62808563887929 0.2214450955 0.1367315891
526.29392 2.86628042953785 0.2265677701 0.0626685237
910.80695 19.639266776861 0.2282968592 0.0000000000
814.59675 11.1910876235275 0.2306499097 -0.0517152647
893.66296 18.9258016594971 0.2352982938 -2.9046167199
772.51341 6.98020684902401 0.2368706912 0.9958496601
826.56036 8.89322465729424 0.2475004344 0.0050563222
852.57601 9.1575747483828 0.2475004344 -0.0726651262
713.56906 18.0533920310098 0.2473025478 0.1463412508
734.49776 6.15760990380038 0.2518444650 1.4668883957
692.63401 21.041892340345 0.2522223209 0.0000000000
742.53813 11.5687569218062 0.2547076268 0.0000000000
696.57728 15.8457917899866 0.2572099151 -0.1443188984
804.55138 9.80440119660059 0.2622655423 0.0748553453
704.63401 20.8362749700071 0.2699769676 -0.0381382969
845.72288 18.8317151343534 0.2725816600 -0.0499562171
888.57251 10.3234294327613 0.2778424896 0.0020590598
840.57601 9.74422867036594 0.2790241330 0.0331715249
703.58471 19.034943597028 0.2858626071 0.0000000000
894.75452 19.8568965973651 0.2885704072 0.1413776435
502.37383 2.54547397014855 0.2885704072 0.1431568449
894.62296 11.1820495510885 0.2885118278 0.0393002741
878.78073 19.5099114299722 0.2912954436 0.4471038252
279.23295 3.97452791301577 0.2933363047 0.0800101841
820.58508 10.0547049703842 0.2940377279 0.0594541799
920.77017 20.0271059755271 0.2995740810 0.0196978170
758.62932 17.6912907215723 0.3023681673 0.5080939923
806.59166 12.3291959793821 0.3031468275 0.0323797628
587.40593 3.02881482781673 0.3031468275 -0.0323052340
890.57531 8.56170672772429 0.3080081945 -0.1353745858
856.60731 11.3111523877457 0.3131730559 0.0109584784
832.54980 13.8466342636181 0.3131730559 -0.0375817483
796.58508 10.5598451276684 0.3253433757 0.0530406704
934.80695 18.7914005540053 0.3253433757 0.0000000000
802.53573 8.8072254871286 0.3282931142 0.0000000000
752.55887 14.0124081160384 0.3342444589 0.0901967159
908.62226 11.6883948918954 0.3494250433 0.8320146364
633.50887 8.41454721275307 0.3525128888 -0.3167132885
916.79638 19.7921841218105 0.3682099690 0.1049995703
824.54471 7.51477064789875 0.3693483583 0.1096618467
862.55926 6.14886646467297 0.3778338160 0.1140869754
678.39878 3.38303720394832 0.3835948063 -0.8107096558
838.56036 8.49260297716673 0.3864839557 -0.1150678281
912.76508 17.8787071922527 0.3909041704 0.4981851232
344.27954 1.17961021580051 0.3909041704 -0.0709081626
906.62296 12.2694733747612 0.3981727665 0.0568024679
936.57601 6.96630602871089 0.4070775751 0.8434313049
940.73887 19.5700696641439 0.4076228919 -0.0049079351
578.30996 4.01765601032919 0.4130795584 0.0000000000
952.83277 20.458637392069 0.4144279749 0.0000000000
818.55528 6.92229191705089 0.4161001039 0.5466780113
882.62296 13.7517202717092 0.4191336480 0.0659115849
391.22550 1.95022124283357 0.4252396152 0.0446327539
826.59675 11.3604975803528 0.4313972176 0.0270373383
898.65426 14.8815554206521 0.4344953027 0.0457670660
810.60073 11.843308732296 0.4352422677 0.0300836174
848.77017 18.1875551675254 0.4387690415 -0.1715698655
818.72322 19.5139440914823 0.4458716310 0.0000000000
642.60310 18.4937055413521 0.4494473428 0.0441493344
678.67587 19.3487219475599 0.4530392608 0.0807612420
241.14453 0.751799644535705 0.4597382337 -0.1055236424
666.61836 20.9163576335506 0.4602714921 -0.0407780353
794.53305 5.40879971691005 0.4712399523 0.7272485827
930.71686 17.9905511258975 0.4824833294 0.0081115687
852.57601 9.13167035851157 0.4824833294 -0.0993780735
834.60073 10.0765451541135 0.4860861788 -0.0516180547
903.74121 26.4223197218448 0.5011817803 0.4001183688
828.57601 9.17683585111281 0.5024558105 0.0302569842
960.82260 18.8231641035878 0.5088216770 0.4551574916
587.40822 3.02760195502158 0.5092091652 0.0020362888
587.40822 3.02760195502158 0.5092091652 0.0020362888
587.40822 3.02760195502158 0.5092091652 0.0020362888
642.60310 18.4860728535768 0.5088216770 0.0125234343
474.30615 1.53272052921968 0.5088216770 -0.0673515294
792.57491 6.25706140767907 0.5126643874 -0.0008418575
765.60036 18.7723689624469 0.5242826278 0.5362757745
417.24115 3.00222020015042 0.5297509354 -0.0937863757
480.30957 3.80069758487822 0.5332150618 -0.0338621266
842.59166 11.1797763754823 0.5366906051 -0.0550567975
1051.96031 22.0699268190539 0.5399808172 0.0000000000
944.77017 19.7557496249126 0.5479171796 0.0000000000
885.54986 9.39242550148017 0.5507057430 -0.0372142397
878.74435 18.7662066812243 0.5519068677 0.1415303586
830.62695 9.47081111978543 0.5559107719 -0.1668576681
664.66022 18.8590914128475 0.5559107719 -0.0439258743
636.62892 17.9776998627378 0.5639608557 0.0369891479
796.54980 8.69745924566983 0.5684741489 0.0771926163
808.58508 9.57275303253541 0.5720666709 -0.0302486138
561.41497 4.05267503384357 0.5720666709 -0.0042047237
844.64370 15.9871121200936 0.5938008469 0.0023266373
796.54980 10.1020926217767 0.5938008469 -0.0909719332
370.29519 1.38490071583004 0.6050313092 0.0075010368
890.59166 8.8999990423556 0.6159117033 -0.0312506112
876.72870 17.4887805084043 0.6218267170 0.0598256963
830.51889 5.79259261034692 0.6271010138 28.0082722832
844.60731 12.3088040433833 0.6308501003 0.0018856421
736.44064 3.63035858141885 0.6346087121 0.0000000000
787.67861 20.5205245932454 0.6388214201 0.0000000000
798.52796 7.58688371826229 0.6473911858 0.8540833379
480.30847 3.32203324393808 0.6690190716 -0.0420586566
283.26425 5.54413522518662 0.6765584639 -0.0494331145
781.59528 11.9242255849815 0.6777490032 0.0031145389
692.41443 3.7976868451019 0.7077203112 -0.0088063767
816.57491 5.88522899420606 0.7175566064 0.0846523613
600.55615 16.6047355297481 0.7175566064 0.6061465797
708.40934 2.72117811946089 0.7195368414 1.4897829068
840.57601 8.68447863864778 0.7274521371 0.0258497227
419.25680 3.70931000022401 0.7393795630 -0.1326496213
870.62296 13.0522604846586 0.7393795630 0.0216293389
500.27717 1.80526225662231 0.7400164808 -4.1476086060
1052.70915 10.6948651490635 0.7445358984 -0.1466298374
940.73887 19.3919776691838 0.7445358984 -0.0451267494
796.51231 6.39891832833015 0.7627002495 31.9481426122
954.77565 18.8474141098594 0.7672622758 0.1077704111
676.55107 15.1931824760204 0.7672622758 -2.8698673130
774.52906 6.77889265692154 0.7714868178 1.1293591439
827.55963 7.71119040490319 0.7714868178 0.0139794928
838.56036 8.02647337930021 0.7714868178 -0.0833690992
827.55963 7.71119040490319 0.7714868178 0.0139794928
827.55963 7.71119040490319 0.7714868178 0.0139794928
368.27954 1.11949597398012 0.7855896806 0.0234617275
814.55926 4.93970511985715 0.7901906038 0.4624220230
1122.78740 15.8363295455154 0.7947988518 -0.0024068983
662.64457 17.870110823799 0.7994142713 -0.0289710497
690.61836 20.7653896034918 0.8040367083 0.0106401763
866.59166 11.3918812773896 0.8080785170 0.0100777139
630.50920 10.3275777366483 0.8086660079 -0.1834994700
794.53415 9.89714753220415 0.8121719148 -0.0820097833
314.23259 0.858734122982426 0.8179445720 0.0134468368
540.33070 1.84850309373919 0.8203740212 -0.1155408591
451.45205 17.3397220101266 0.8203740212 -0.0167965416
914.64918 13.7230281777726 0.8327138319 0.0339413530
439.22550 2.19356720458965 0.8368361591 0.0000000000
907.69974 17.5044412299098 0.8412501056 0.8089081181
866.59056 8.48356825144931 0.8459286494 0.0532793286
896.63861 14.4323845984573 0.8492307347 -0.0066985721
528.30847 2.75739817509036 0.8599962669 -0.2570860888
678.61836 20.6683180146395 0.8599962669 -29.9781854569
736.44064 3.69118304403745 0.8658140892 0.0000000000
750.54432 13.8459072743801 0.8741284518 0.0254582598
326.34174 5.72823548083821 0.9119252151 -0.0048602475
342.26389 1.0117714934768 0.9404241041 0.0061811197
892.60731 11.4788278968874 0.9536800264 0.0227457405
400.34214 2.75683372821921 0.9642331699 -0.0256194737
749.62311 18.2614813650962 0.9689994955 -0.0649692321
808.70248 18.1216121349425 0.9785352994 -0.0189333365
692.61985 17.4848633218795 0.9831481541 -0.0409768028
426.35779 2.96213578956672 0.9928443325 0.0165014002
732.44573 3.9558180703373 0.9957867448 0.0953221786
810.56435 9.73288587403672 0.9976147491 -0.0877084286
