"m.z" "r.t" "p.value" "t.score"
838.55926 6.29566271833174 0.0000000041 2.4952804958
813.69426 20.5201278422302 0.0000000003 -34.1456969225
944.82768 20.8102044715988 0.0000000026 -30.6301642625
1068.98927 21.7209722491142 0.0000000013 -32.4263129971
918.81203 19.3009013520459 0.0000000041 2.3007145383
814.53813 12.2523247458168 0.0000000021 -30.8563767158
782.72322 19.5597745781931 0.0000000016 -34.0989408180
940.60621 12.272387208172 0.0000000006 0.0000000000
878.56943 7.3036778221345 0.0000000041 2.4313913011
890.72322 19.3382342296112 0.0000000031 2.8376637563
1024.67785 8.65224253047407 0.0000000041 2.1224640998
790.65553 16.5310349134248 0.0000000013 -29.9632620742
768.55138 8.9843632360349 0.0000000041 2.3985452775
828.55966 9.00662114892922 0.0000000041 2.4496435339
872.58000 10.9374339665835 0.0000000041 2.3684290291
1071.00492 21.8021031932053 0.0000000003 -2.4593368966
750.50443 6.90835286677073 0.0000000041 2.3878557012
890.72322 19.4435201936027 0.0000000041 2.6173693570
572.48847 12.7974983020348 0.0000000001 33.9983660130
572.48847 13.085586598735 0.0000000001 34.1398764477
694.63440 18.598961260615 0.0000000041 2.4091076478
824.61638 11.9954974542944 0.0000000041 2.3505999445
818.56703 10.0990382757739 0.0000000041 2.3654369134
902.74435 17.2563816857018 0.0000000041 2.5241371913
598.54050 15.5084030975704 0.0000000041 2.3876903720
780.67118 18.9099025139418 0.0000000041 2.3535296333
780.67118 19.0957418247026 0.0000000041 2.3741032846
942.81203 19.2286735879301 0.0000000041 2.3082366125
942.81203 19.4462315033979 0.0000000041 2.5468937378
788.52248 8.630284343459 0.0000000041 2.3751452176
942.81203 20.1232368911019 0.0000000041 2.4643100565
942.81203 20.5328877850625 0.0000000041 2.3202424739
880.76000 18.8551280257099 0.0000000037 2.1772435432
796.73887 19.7977855137768 0.0000000037 -31.8610509839
754.65553 17.7675590795001 0.0000000037 0.0000000000
966.84842 20.353538437359 0.0000000021 2.5561660285
932.73378 18.7780916692925 0.0000000041 2.4124836148
714.50683 8.93825499182348 0.0000000019 -30.7732814472
760.64497 17.9993307313395 0.0000000041 2.4600151919
744.66531 20.9369401257098 0.0000000041 2.4814534719
521.42005 4.56245991383664 0.0000000041 2.3762029967
682.64966 21.2037438795692 0.0000000041 2.4709312422
1075.03622 22.2272700293582 0.0000000003 -2.4503457806
902.74435 17.6365384225453 0.0000000041 2.5166441496
544.45717 10.6548749156376 0.0000000003 31.3835144940
798.52556 9.96851421522603 0.0000000041 2.4058478107
890.72322 19.6916151495635 0.0000000041 2.4378214129
838.55926 5.56502084678931 0.0000000041 2.7447631270
838.55926 5.42834274301472 0.0000000041 2.5703937513
803.66367 7.49280608940534 0.0000000041 2.3969541528
812.66101 15.4849345277848 0.0000000003 0.0000000000
842.56943 9.99018256168592 0.0000000041 2.4957610747
661.52790 9.69447754506992 0.0000000018 -30.8031941188
620.59762 16.4863827907993 0.0000000041 2.4277050910
826.71305 17.9751998039885 0.0000000041 2.3266542990
798.52796 10.0199104253459 0.0000000041 2.4278774487
800.52008 7.00529186720658 0.0000000041 2.3111363092
892.60381 14.3065056849868 0.0000000041 2.2769092898
743.60615 14.7694142748399 0.0000000012 -32.8070093138
620.59762 16.7396977575606 0.0000000041 2.3606640230
864.64768 14.4603596661296 0.0000000041 2.3764080180
808.66610 15.2926862036791 0.0000000041 2.3424239158
808.66610 15.0654361565242 0.0000000041 2.2615628675
872.57759 11.4901192517225 0.0000000041 2.3761437139
682.64966 21.2500256419296 0.0000000041 2.4716512033
754.53813 9.88018527485945 0.0000000041 2.3392864679
838.55926 5.74322668110538 0.0000000041 2.4895278457
831.63745 12.5092239702787 0.0000000041 2.4376689429
831.63745 12.3309298603856 0.0000000041 2.2915231081
838.55926 5.90826679290631 0.0000000041 2.4145185427
940.60381 12.0061833729497 0.0000000006 0.0000000000
1040.95797 21.0951352585558 0.0000000041 2.4470004459
1040.95797 21.5668988741834 0.0000000041 2.4136211469
906.71813 16.7899063087552 0.0000000041 2.3813612522
1106.75610 13.4691689992642 0.0000000041 2.3963184816
730.54050 11.6714273823859 0.0000000041 2.2916647497
866.66333 16.1311032822682 0.0000000041 2.3604876277
888.64528 15.1423347059567 0.0000000041 2.3992808827
818.56943 10.6752780889912 0.0000000037 2.1782619864
832.70248 19.3221789584865 0.0000000041 2.3223125904
774.60073 16.2362152812099 0.0000000041 2.3710532753
936.76508 18.5186099282481 0.0000000041 2.4554478151
936.76508 19.1179883382877 0.0000000041 2.4815572333
904.79638 19.6350400633875 0.0000000012 -31.3206631592
645.54525 17.326768853654 0.0000000041 2.3273303366
927.61096 14.2420765502054 0.0000000041 2.3733516126
838.55926 11.9920506155625 0.0000000041 2.3789419900
838.55926 11.5171097840673 0.0000000041 2.4169208448
838.55926 6.97461568849113 0.0000000041 2.4834147381
955.77251 20.9201143944706 0.0000000041 2.4145659054
936.82260 19.8146090045997 0.0000000003 0.0000000000
832.70248 19.1785617031494 0.0000000041 2.4120683222
694.63440 18.3553007082915 0.0000000041 2.3865200575
832.70248 17.9104454003649 0.0000000041 2.4270354165
834.71813 19.7024842141707 0.0000000041 2.4301448171
834.71813 19.5884635380838 0.0000000041 2.2905509718
876.80147 20.8894861974896 0.0000000019 0.3426614051
781.63166 19.5054389752395 0.0000000019 -30.7209158748
906.77565 19.1793709313384 0.0000000023 -30.6013233782
736.49118 7.95376324806415 0.0000000041 2.3934704919
884.73378 18.2921117320691 0.0000000041 2.4116956722
886.78582 19.9591459073843 0.0000000041 2.8169524569
593.51395 14.7986388488556 0.0000000041 2.4019628793
884.73378 18.1777721222614 0.0000000041 2.3908643345
884.73378 17.9493702637135 0.0000000041 2.4619659251
866.81712 20.6864549321464 0.0000000023 -32.5437862426
778.53573 8.83688841170851 0.0000000009 1.7372177716
1000.92667 21.7006674697822 0.0000000041 2.3898093721
1000.92667 21.0634287715864 0.0000000037 2.4539501727
832.70248 18.9964478641512 0.0000000041 2.3229604356
838.69192 19.2785591862241 0.0000000041 2.3436758300
908.73378 17.5335121646671 0.0000000041 2.3782132902
946.71892 15.6794470700887 0.0000000041 2.3699866587
582.50920 12.5131635258936 0.0000000041 2.4460270302
926.81712 19.9961071843996 0.0000000041 2.5851713607
938.78073 19.4082545818847 0.0000000041 2.5135410060
582.50920 12.7753852773845 0.0000000041 2.2615031554
718.53813 12.5773093985538 0.0000000002 0.6950273833
878.61994 8.43416308088934 0.0000000041 2.3985426579
764.52248 10.0117698170554 0.0000000034 0.5234584601
838.69192 18.8158373469008 0.0000000041 2.3378751521
910.74943 17.7345957013036 0.0000000041 2.4172614238
512.46734 6.90917724543291 0.0000000041 2.4542398032
838.69192 19.1221229252974 0.0000000041 2.4101659945
906.75452 20.0215279646577 0.0000000041 2.5434253550
919.73613 19.1677797138039 0.0000000041 2.4533374111
808.70248 19.53252474725 0.0000000041 2.3599991580
763.63876 17.9344687427686 0.0000000041 2.3591292913
1008.89537 21.1674514292546 0.0000000041 2.3505808436
634.61327 17.6319395883584 0.0000000041 2.4080534637
634.61327 17.2609706958659 0.0000000041 2.3704953056
692.61875 17.6306018998363 0.0000000041 2.3926918334
832.70248 17.6077147587415 0.0000000041 2.4251517333
808.70248 19.7207297847253 0.0000000041 2.3298650126
634.61327 17.046546987421 0.0000000041 2.3897883084
1008.89537 21.3493391355033 0.0000000041 2.3984674989
938.81712 19.8425766580366 0.0000000049 2.5493061459
932.79130 17.8258773830643 0.0000000053 1.2191215700
746.56943 14.616686840722 0.0000000053 1.6597387303
1097.02057 21.8577031791158 0.0000000058 -1.6024221863
650.64457 18.6323604040323 0.0000000058 0.3747220492
664.60271 20.6638709867292 0.0000000058 1.6891424106
740.52248 10.4417155448795 0.0000000075 0.4551991053
732.55378 13.7898606452611 0.0000000082 0.5756576156
606.28375 2.14189733332432 0.0000000085 -30.0722887624
886.55926 8.57816991215886 0.0000000090 0.0000000000
886.55686 8.74647435991662 0.0000000090 0.0000000000
782.53415 13.6397363078019 0.0000000089 -30.5295607064
734.47663 7.85423995381365 0.0000000093 -30.4996754518
769.62180 14.6479309917326 0.0000000098 0.0000000000
946.84333 20.3755432478324 0.0000000098 -0.3043901064
935.76743 19.7157583960086 0.0000000098 0.0000000000
774.52906 7.87181094106 0.0000000103 -33.1646485120
716.52248 10.5192519460083 0.0000000106 0.6040315256
798.56435 9.39019550686799 0.0000000106 0.0000000000
892.60621 14.269776412408 0.0000000106 0.0000000000
886.55686 9.77556956966247 0.0000000116 0.0000000000
536.50372 10.509208423509 0.0000000116 0.0000000000
970.84333 20.787414113719 0.0000000126 0.0000000000
844.51231 8.40001784466841 0.0000000137 0.0000000000
774.66062 18.9367944515235 0.0000000126 0.0000000000
648.32719 2.17865509719125 0.0000000126 0.0000000000
720.66531 20.8553086450585 0.0000000137 0.0000000000
843.70723 18.4689944607603 0.0000000137 0.0000000000
449.36254 4.69384636354502 0.0000000137 0.0000000000
886.63203 14.1498379234974 0.0000000137 0.0000000000
914.58816 11.4549287797669 0.0000000126 0.0000000000
838.55686 11.6489497894507 0.0000000126 0.0000000000
800.66101 16.0513020085876 0.0000000137 -33.4328139541
502.29282 2.42363161790282 0.0000000137 0.0000000000
868.73887 19.5012183316609 0.0000000137 2.8370004450
894.69463 17.26798736618 0.0000000126 0.0000000000
796.66610 15.453594050896 0.0000000137 0.0000000000
882.59833 11.2774711133797 0.0000000126 0.0000000000
476.27717 1.86263426161962 0.0000000126 0.0000000000
886.62963 14.1753157763862 0.0000000137 0.0000000000
828.51740 8.78639476467082 0.0000000137 0.0000000000
862.74943 18.3761521168708 0.0000000126 0.0000000000
1056.98927 21.7393811083369 0.0000000137 0.0000000000
974.87463 20.3029731425367 0.0000000137 -0.8920914637
834.75452 19.623617780153 0.0000000126 -30.8043693905
694.59802 17.7874457901788 0.0000000126 -2.8513422118
826.59565 6.61402762876569 0.0000000126 0.0000000000
742.53573 10.0062373355179 0.0000000126 0.0000000000
864.76508 18.5487957679309 0.0000000137 0.0000000000
836.54361 9.52829618383562 0.0000000137 0.0000000000
796.66610 15.6209886249695 0.0000000149 0.0000000000
972.73457 15.9008881752571 0.0000000149 0.0000000000
592.56632 15.263897634046 0.0000000149 0.0000000000
686.55655 8.93954766289255 0.0000000149 0.0000000000
826.59565 6.30493958316165 0.0000000149 0.0000000000
890.65632 11.3010359829542 0.0000000149 0.0000000000
998.91102 21.3514110167093 0.0000000149 0.0000000000
812.54361 10.7224346048556 0.0000000149 0.0000000000
812.54361 8.69583647723979 0.0000000149 0.0000000000
878.57531 8.00328355330391 0.0000000149 0.0000000000
956.73251 18.2063702884559 0.0000000150 1.2658295065
836.54361 6.69187420605594 0.0000000176 0.0000000000
774.66062 19.10110760512 0.0000000176 0.0000000000
792.55378 11.5036067657378 0.0000000176 0.7852488774
904.60621 15.7121643288585 0.0000000162 0.0000000000
886.74943 18.4161279046149 0.0000000176 0.0000000000
826.59565 5.41358206450525 0.0000000162 0.0000000000
912.57251 10.1489104584263 0.0000000162 0.0000000000
798.56435 7.40936832634803 0.0000000176 0.0000000000
902.57531 7.8476288981191 0.0000000162 0.0000000000
902.57531 8.40777597764156 0.0000000162 0.0000000000
886.55686 9.91590302768569 0.0000000176 0.0000000000
913.74910 19.302198557412 0.0000000176 0.0000000000
913.74910 19.1360211597815 0.0000000176 0.0000000000
913.74910 19.0395013049888 0.0000000176 0.0000000000
876.57601 8.19824993908171 0.0000000158 -3.3692881732
950.81712 20.1666057797395 0.0000000176 0.0000000000
828.70757 19.5893528903648 0.0000000176 0.0000000000
911.56200 10.3169881981364 0.0000000176 0.0000000000
790.69192 18.9613743988494 0.0000000176 2.4152100374
819.61093 10.7711743305582 0.0000000176 1.8395532962
844.51231 7.60670784244211 0.0000000162 0.0000000000
878.57531 8.33550877663642 0.0000000176 0.0000000000
892.60621 14.1193307211879 0.0000000176 0.0000000000
836.54361 5.89059209797699 0.0000000176 0.0000000000
914.58816 12.1295437681812 0.0000000162 0.0000000000
836.54361 5.56437474523934 0.0000000176 0.0000000000
776.63988 15.4470356803124 0.0000000191 0.0000000000
916.73887 19.687053728927 0.0000000191 2.7969778826
678.56672 16.2927558222061 0.0000000191 -34.1455481862
540.49864 8.7195918250089 0.0000000191 0.0000000000
970.87972 21.0948246984237 0.0000000191 0.0000000000
678.56672 16.431549127195 0.0000000191 -34.1358687542
970.87972 21.3626190675767 0.0000000207 0.0000000000
794.56943 10.0512169828038 0.0000000207 0.0000000000
812.54361 5.4848494774895 0.0000000207 0.0000000000
756.63480 14.9382181617438 0.0000000207 0.0000000000
908.79130 18.9241115323477 0.0000000207 -25.8295789260
804.51850 11.3263225046212 0.0000000220 -30.5928581755
798.52906 7.04077675779076 0.0000000220 -29.7590436481
714.60310 16.4127143615306 0.0000000225 0.0000000000
798.56435 7.74104100674684 0.0000000225 0.0000000000
893.72048 18.9673373341336 0.0000000225 0.0000000000
790.53573 8.61770766977979 0.0000000225 0.0000000000
650.64457 18.2046555342791 0.0000000243 0.0000000000
842.66333 16.4569772072823 0.0000000243 0.0000000000
827.66367 13.4443841781333 0.0000000243 0.0000000000
538.51937 12.6347754672218 0.0000000264 0.0000000000
808.66610 17.3130593589511 0.0000000286 0.0000000000
608.52485 12.9131676509597 0.0000000309 0.0000000000
812.54361 5.61346600504397 0.0000000309 0.0000000000
641.51395 15.1740289860443 0.0000000309 1.8491560931
828.70757 19.682232899643 0.0000000335 0.0000000000
972.85898 20.1777156725036 0.0000000335 -30.5892637143
888.76508 20.0952089837461 0.0000000335 0.6001601492
888.76508 18.2461233448749 0.0000000335 0.0000000000
1035.00492 22.09824741533 0.0000000362 2.0810653195
770.56943 14.0563745517994 0.0000000392 2.6223864525
670.59802 18.7985306813644 0.0000000392 -1.0109060697
942.84842 21.2651997878172 0.0000000424 0.0000000000
916.73887 19.4646229304789 0.0000000424 2.5401766335
690.50683 10.2541770466429 0.0000000424 -32.7053980475
794.56943 9.62792156052975 0.0000000424 0.0000000000
766.53813 11.4098198392024 0.0000000458 0.6165128573
892.79638 19.2859606993813 0.0000000458 0.0000000000
690.50683 10.254350732483 0.0000000458 -31.9690710408
690.50683 10.2633397689426 0.0000000458 -31.9680431020
795.63745 17.2437848228664 0.0000000458 0.0000000000
700.57220 10.2433176901315 0.0000000458 0.8884380611
864.70757 19.1255593728647 0.0000000495 0.0000000000
838.78582 20.3699000055068 0.0000000495 -1.7740400663
794.56943 13.8108287014337 0.0000000495 -27.3610959335
992.86407 20.3242270711278 0.0000000495 0.0000000000
716.52358 11.9465095907597 0.0000000507 0.5658948940
784.66610 16.4558181851827 0.0000000534 0.2976402676
886.78582 19.6966578494945 0.0000000534 2.3394370322
670.59802 17.678965354013 0.0000000534 -33.1687904871
862.62502 9.24482835869706 0.0000000534 -31.1190882037
792.55378 12.2489819937957 0.0000000576 0.4310548400
772.54870 7.78099368630519 0.0000000622 0.3664985346
538.48299 6.64984389580239 0.0000000671 0.5923392614
766.53813 10.5906541623826 0.0000000724 0.4591943393
790.53813 12.8512910956349 0.0000000724 0.0000000000
794.56943 9.22258334352286 0.0000000724 0.0000000000
716.52248 10.7508630510489 0.0000000724 0.6161892038
946.84333 20.1393152901222 0.0000000780 -1.7883410816
580.49355 11.105666543637 0.0000000780 -31.6138231816
624.62892 18.080783619151 0.0000000780 0.3776381339
736.49228 7.94913734105586 0.0000000799 -0.5838331977
888.76508 18.4553307275951 0.0000000840 0.0000000000
664.58745 16.5915303155701 0.0000000840 0.9540951343
740.63401 20.5689674938009 0.0000000840 0.0000000000
904.83277 21.1064113922071 0.0000000840 0.4057647080
770.56943 13.1877330009195 0.0000000905 2.3089827765
806.72322 19.2355055086854 0.0000000905 -32.3516112196
828.61130 11.736746831848 0.0000001129 -29.4072399479
766.53813 10.6408584802938 0.0000001214 0.4168879159
652.66022 18.9565300323588 0.0000001305 0.4174778156
824.54471 12.6215207088815 0.0000001309 -32.0432780952
738.50793 10.3223454629904 0.0000001309 0.4309441347
790.65553 16.0535794870784 0.0000001305 0.0000000000
890.81712 21.012173390491 0.0000001305 0.5442309317
992.77017 19.6172518313539 0.0000001305 0.0000000000
884.73378 19.4554963506516 0.0000001403 0.4516370312
826.63203 10.8441037589627 0.0000001508 29.4128879367
930.84842 21.0342588558108 0.0000001508 0.4550041680
864.70757 19.5347191991189 0.0000001508 0.0000000000
848.77017 20.6807771811994 0.0000001620 0.4223566384
862.78582 20.7958659569877 0.0000001620 0.5025875764
928.59096 9.0351711901142 0.0000001739 1.2295164629
886.74943 19.8293334938339 0.0000001739 0.4891694669
740.52248 9.29037375530442 0.0000001739 1.2075615404
916.79638 18.7577446168061 0.0000001867 0.0000000000
794.56943 9.80425172899345 0.0000001867 0.0000000000
864.70757 19.3124897141101 0.0000002004 0.0000000000
1006.87972 21.0670194722587 0.0000002004 1.5099221844
664.58745 16.9059194033 0.0000002004 29.0738782786
768.55378 12.8432310112672 0.0000002150 0.3665066028
820.54870 7.51647340501577 0.0000003041 29.0933524411
628.35849 3.85206451276393 0.0000003041 3.1201057000
790.59565 10.1741571526494 0.0000003041 29.0739927106
744.59254 17.5258161752218 0.0000003041 29.0727980396
820.54870 9.30071755361875 0.0000003041 29.3289695513
900.61130 13.3894818630432 0.0000003041 29.0842846704
912.76508 19.8415631670713 0.0000002839 0.3159982198
776.52248 7.23964423955735 0.0000003041 29.2308205218
889.57765 10.2944029330796 0.0000003041 3.7706441596
690.60310 16.8133125031881 0.0000003041 28.9691744767
690.60310 16.9847488289727 0.0000003041 29.0430907523
745.62180 16.1458603866542 0.0000003041 29.2050116605
906.60661 10.9954806200241 0.0000003041 29.3122462996
881.68650 17.4836337700889 0.0000003041 29.3262720188
1036.92667 21.2203718984661 0.0000003041 29.3586238405
918.68762 13.7460953575189 0.0000003041 29.1662589508
881.68650 17.350154695584 0.0000003041 29.2325208065
610.50412 4.24553244043687 0.0000003041 29.0658722520
624.55615 15.5823917350051 0.0000003041 29.2763518975
557.45644 4.03606346915314 0.0000003041 29.4363101852
539.43062 4.05616896686207 0.0000002650 29.0866551595
666.53033 6.64359598509578 0.0000003041 29.2023007196
854.62695 11.710716483512 0.0000003041 -29.2342650731
900.55966 7.26078663209715 0.0000002650 3.9187295077
788.52248 10.6156606168787 0.0000003041 29.0191057569
1132.77175 13.3299254915796 0.0000003041 29.1940224801
1134.78740 15.346940214106 0.0000003041 29.2142258942
822.56435 8.43735291513157 0.0000003041 28.9597885204
1134.78740 15.0179941635531 0.0000003041 29.5540140984
848.61638 11.5896624503375 0.0000003041 29.1093218897
1026.94232 21.4520957667081 0.0000003041 29.2314572775
1108.77175 15.1342740346312 0.0000003041 29.2434955355
834.52796 7.92853126333138 0.0000003041 29.6460346572
684.55615 13.7310499656203 0.0000002306 29.4542350150
800.54361 11.5977043071417 0.0000003041 29.4196437454
878.58816 12.7629630372409 0.0000003041 29.1002614205
650.57180 15.9704632345045 0.0000003041 29.1693305124
830.56703 9.26299199256904 0.0000003041 2.5722688008
1099.03622 22.0229615972476 0.0000002650 -33.9213437818
796.54870 7.97134259044364 0.0000003041 29.1854668929
909.54876 9.52944471960353 0.0000002472 1.2221149053
842.62695 9.03822113025416 0.0000002306 29.2459470250
835.53311 7.87810370052952 0.0000002650 2.4677673284
792.48101 7.38003461304003 0.0000003041 29.1686352661
622.54050 14.2298657740344 0.0000003041 29.0836555598
932.77017 19.8525281248487 0.0000002839 29.3862963351
793.55889 8.66615893672386 0.0000003041 29.0674550476
820.51231 9.20583662612468 0.0000003041 28.8996573391
814.50175 8.28706860620359 0.0000003041 29.3908861611
1022.66220 7.16196778049472 0.0000003041 29.2934927851
728.60350 12.3703602829537 0.0000003041 29.6291877486
907.77251 26.3700618026339 0.0000003041 29.0330216620
686.57180 15.9654149812827 0.0000003041 28.9635569447
996.64655 6.94142941247537 0.0000003041 29.1444541536
1136.80305 16.5401036363083 0.0000003041 29.3570817567
860.54361 7.08624726430884 0.0000003041 29.1488539518
860.54361 8.38474410173571 0.0000003041 29.3331927609
748.54870 7.53976224564786 0.0000003041 28.8850014549
746.68096 21.2352965492086 0.0000003041 28.9598385678
848.54361 10.047191338987 0.0000003041 29.3251699069
971.70991 19.4800049739226 0.0000002839 28.9948434951
716.56711 9.64189199345199 0.0000003041 2.4089655923
796.54870 6.73042125074951 0.0000003041 29.0745669104
974.75022 16.9362575111927 0.0000003041 28.9290109999
1004.86407 20.8282943621821 0.0000003041 2.4321839970
771.63745 16.0121158351908 0.0000003041 29.5464605301
755.60615 12.6154342502388 0.0000002839 29.6356502029
776.58000 9.99120757874444 0.0000003041 29.1562270949
824.54361 10.7181607840464 0.0000003041 29.4033832297
672.54090 8.20773676598412 0.0000003041 29.1697021796
818.49666 7.64414006691952 0.0000003041 29.1247971198
953.75686 20.4907993543649 0.0000002839 29.2079825564
826.53573 7.43053805823641 0.0000003041 29.0471057276
692.52248 12.0416949597893 0.0000003041 29.0319601913
618.58197 16.8515136611189 0.0000003041 29.2245534027
552.53502 13.5982849335961 0.0000003041 29.1763183475
953.75686 20.3308731897674 0.0000003041 28.8891265470
674.64457 17.6769971067008 0.0000003041 29.0948732601
816.55138 9.00539700019513 0.0000003041 29.1036078310
660.55615 15.3663824574461 0.0000003041 29.0205619421
858.71813 19.1482565223238 0.0000002306 28.7761437142
885.54635 7.7713487642378 0.0000003041 29.3179813393
660.55615 14.1730374212904 0.0000003041 29.0564094438
762.50683 8.17303562964144 0.0000003041 28.8406254340
644.59762 15.2198626568904 0.0000003041 29.1738195570
970.71892 14.152363837516 0.0000003041 29.3019120645
626.34284 3.15904989717205 0.0000003041 29.2631563010
762.50683 8.7867781831381 0.0000003041 29.0408831339
770.56943 12.3151054857801 0.0000003041 29.2953191450
762.50443 8.7639163553579 0.0000003041 29.0877489811
564.53502 13.016760221587 0.0000003041 29.1798416627
666.63949 17.0532694771335 0.0000003041 28.9906650870
860.61398 12.8436534231233 0.0000003041 29.3389837167
838.55926 5.06340574600331 0.0000003041 28.9426074650
658.54050 14.1221329561315 0.0000003041 29.7078898246
652.58745 16.9354448595998 0.0000003041 29.0682236607
822.56194 7.2826229910224 0.0000003041 28.5207384799
626.57180 16.9606438751328 0.0000003041 29.1092804861
860.61638 10.814572123533 0.0000003041 29.0749344691
914.58816 10.9428386356678 0.0000003041 29.3420466621
780.52901 7.25572502669142 0.0000003041 29.4917528344
682.54050 12.2558316489976 0.0000003041 29.0184682716
568.56632 15.451306688055 0.0000003041 29.0842275006
753.59050 8.67537806258626 0.0000003041 29.1900858238
688.58745 16.0393490043176 0.0000003041 29.0722820708
662.57180 15.4290186726661 0.0000002839 29.4671185772
804.61130 11.6613723077388 0.0000003041 29.0341177306
1149.88206 11.9145627667086 0.0000003041 28.8905371402
754.53813 8.19847468907275 0.0000003041 2.5510536212
791.61366 12.3881898744884 0.0000003041 29.4979862187
524.50372 11.3822844500956 0.0000003041 29.2686496723
750.50683 8.87963413499846 0.0000003041 29.1707405715
624.55615 15.2359536765845 0.0000003041 29.1529652095
796.54629 7.98897680006058 0.0000003041 29.2313161570
860.54121 8.47092903531008 0.0000003041 29.0458205855
860.54121 8.2015241960463 0.0000003041 29.4456441234
891.70483 18.8863638533251 0.0000003041 29.0455448456
862.63203 12.2833803435442 0.0000003041 13.9089673885
1004.86407 20.7677610825149 0.0000003041 2.4321839970
819.63745 13.1161312191406 0.0000003041 2.4442627627
762.50443 8.17792824107983 0.0000003041 28.8421177944
783.45714 2.98186299648712 0.0000003041 29.3287091638
918.75452 19.1835581393877 0.0000002650 29.0787029919
808.73887 19.6163037534519 0.0000003257 -29.8751784367
666.56672 16.7917730699918 0.0000003257 0.6508826357
624.32719 2.37772744078826 0.0000003257 3.0752076391
742.53573 12.0805817474551 0.0000003257 29.1492137091
860.61638 10.4766470056212 0.0000003257 1.3125876713
718.64966 20.9885479032109 0.0000003257 29.0669769750
822.56435 6.98915339023115 0.0000003257 28.8933605910
860.61398 14.0406008432365 0.0000003257 29.0701555756
1034.91102 21.6242738234341 0.0000003257 29.0280724207
860.54361 9.05982176456638 0.0000003257 29.0199479845
805.62180 10.0358196364818 0.0000003257 28.6838211063
860.54121 8.65870550996592 0.0000003257 28.9129456636
820.51231 8.44617022668243 0.0000003257 1.5201074835
742.53813 12.0213414389539 0.0000003257 29.1739275449
902.78073 19.570113456069 0.0000003257 29.2470350446
622.61327 17.6665487371794 0.0000003257 0.3413144008
857.51856 6.78720399650259 0.0000003285 2.8324465475
874.78582 20.6551008507198 0.0000003486 0.2605640830
978.84842 20.8363407855246 0.0000003486 0.4479510619
768.55138 12.8482763736528 0.0000003731 0.3286100740
592.49355 4.9402285411521 0.0000003731 29.6600049194
834.75452 19.8122443409182 0.0000003731 -32.1912875541
754.69192 18.9316579655695 0.0000003992 0.9408345186
842.66333 16.0335957915798 0.0000003992 29.5182904612
748.64497 18.8205068382173 0.0000003992 28.9896492325
812.52008 12.5446320617231 0.0000003992 29.2367303618
668.54598 7.98467547530437 0.0000004270 -31.7441362593
754.69192 18.7537397440771 0.0000004270 0.9193447295
888.80147 20.8119473955546 0.0000004566 0.3926528271
608.59762 17.1278515911952 0.0000004566 3.1177215221
766.50175 8.15633711614708 0.0000004566 -31.5866189092
840.57491 6.56318676086745 0.0000004881 -31.1235041055
840.57251 6.99006307663248 0.0000004881 -31.2004143653
670.63440 18.5185223829866 0.0000004881 2.5062939562
712.60271 20.2896396465817 0.0000004881 31.0063462053
882.77565 19.0902499633058 0.0000004881 -31.3092735059
788.54361 5.03673171860434 0.0000004881 0.0000000000
810.66062 18.5768638517623 0.0000004881 0.0000000000
840.57491 6.39393155746639 0.0000004881 -31.2038753030
840.57491 6.98302179574783 0.0000004881 -30.9534439828
810.71813 19.0531617797204 0.0000004881 0.0000000000
810.71813 18.8814848582909 0.0000004881 -29.1755393529
280.26349 3.19974283945907 0.0000004881 9.2080225146
926.74435 17.7968690197008 0.0000004881 0.0000000000
676.66022 18.0880555919204 0.0000004881 -30.3327422547
1006.87972 20.9550512295005 0.0000004881 1.5337529381
840.57491 6.07030481037946 0.0000004881 -31.1811910410
840.57491 7.24425473313992 0.0000004881 -31.0201196123
956.79130 19.4535207201066 0.0000005216 28.7761809898
836.67627 18.6357788846501 0.0000005216 29.0070942262
648.62892 17.5698495820039 0.0000005216 0.3274660092
852.55138 7.82364064179835 0.0000005216 28.5991633935
916.60381 13.1587670191815 0.0000005216 2.7691596662
806.56242 5.8302685831104 0.0000005216 2.5090124074
768.55488 13.0541579667641 0.0000005259 0.4372129088
894.81203 19.8348260234993 0.0000005572 0.0000000000
956.77017 19.9634717117313 0.0000005572 29.0355421026
930.75452 19.5970339347887 0.0000005572 28.7578088759
575.46700 5.38680386869267 0.0000005572 29.1187375570
752.63988 17.8127702102955 0.0000005572 0.0000000000
566.55067 14.9770299074136 0.0000005572 0.3378665014
822.56435 7.46586625635427 0.0000005951 29.3223256355
686.57180 14.8685647194608 0.0000005951 1.4895817043
826.53573 7.74611818368022 0.0000005951 28.5004804470
862.63203 11.9512535006425 0.0000005951 1.4843372234
858.71813 19.3689287705758 0.0000005951 1.4355554547
805.62180 11.9884327858594 0.0000005951 1.3143622146
666.60420 16.9236782031008 0.0000006229 -33.7200904027
872.77017 20.4651812734825 0.0000006355 0.2440303542
774.60073 16.239879683181 0.0000006355 0.4454827539
790.53923 11.3707863287423 0.0000006497 0.4480793538
662.57180 16.0205121754695 0.0000006784 29.4896880739
786.52906 9.54781366597177 0.0000007067 -29.7881569682
898.58149 5.60587406267922 0.0000007067 -31.6683063339
612.33070 2.13505952074836 0.0000007067 30.0769790286
645.56051 18.3142285392967 0.0000007239 3.0712049698
826.53573 8.05664216501058 0.0000007239 28.3295027686
878.81712 21.2157968899821 0.0000007723 0.5823280049
821.62658 12.2074870089472 0.0000007723 1.4006228499
700.48878 7.51491353390292 0.0000007723 28.5289377780
854.72322 19.7196279872418 0.0000008238 29.3501887294
972.73457 15.5643539966878 0.0000008238 0.6855421256
806.68683 17.5470926919131 0.0000008238 -0.2254874811
640.58745 17.3168212821192 0.0000008238 0.4832773158
910.55926 9.20945876592457 0.0000008784 29.4234154272
1002.94232 21.625995387222 0.0000008784 0.0000000000
910.55686 9.90662773587235 0.0000009364 5.3394316452
686.57180 15.4507181641884 0.0000009364 0.9995114077
1004.86407 21.0179301694015 0.0000009364 29.4389775603
935.73345 18.2582126927483 0.0000009364 -2.6455389171
840.57251 6.5611544030305 0.0000010633 -31.2524346352
906.81203 19.9086914544665 0.0000010633 -33.2892324237
664.38313 3.46430112791016 0.0000011172 -0.3074740563
600.32719 2.9382701936241302 0.0000011326 2.8080404827
790.53813 10.1376915294494 0.0000011326 0.7466757149
864.80147 20.9858952501716 0.0000011326 0.5258604312
662.57180 15.5908266441928 0.0000011326 2.6459031003
880.73887 19.154743256211 0.0000012061 0.0000000000
665.51395 14.8451470102648 0.0000012061 0.6610287260
800.52248 7.25042467467313 0.0000012061 28.5681108237
594.58197 16.5808252982973 0.0000012061 0.2710698609
630.50920 10.3275777366483 0.0000012061 0.0000000000
790.53813 9.86387168759099 0.0000012061 0.6190307960
848.54361 10.4299192267077 0.0000012061 1.2413325082
1010.91102 21.3809305163438 0.0000012841 29.4679822347
834.71813 18.4485323971623 0.0000012841 29.4630697326
678.67587 19.3487219475599 0.0000012841 0.4069590124
860.77017 20.5551104196995 0.0000013668 0.3777357893
738.50683 8.6070909281738 0.0000013668 0.6183877451
670.64966 21.4265644864745 0.0000013668 29.2857273749
764.67627 18.9609767038825 0.0000014544 -32.0663937827
926.81712 20.8231705070098 0.0000014544 0.3091393970
940.83277 21.0017683424938 0.0000015472 28.4507871971
1077.05187 22.3149972740452 0.0000015472 0.0000000000
766.53923 11.4782118136062 0.0000015512 0.3711662260
886.56036 6.96652449498132 0.0000016157 3.9247401569
746.49776 8.20006651458217 0.0000016157 -31.8056495325
856.57093 5.59898090401648 0.0000016157 -30.7938450575
898.58149 7.76283948997714 0.0000016157 -31.9728458576
858.58658 7.25741261056723 0.0000016157 -30.4406202255
566.34635 2.07466059055652 0.0000016157 33.0399473249
766.53573 10.1042840974005 0.0000016455 0.4302450297
666.60310 16.3950706417439 0.0000016455 0.0000000000
744.55378 13.1816891747472 0.0000016455 0.5915840931
884.54121 8.56678313424988 0.0000016455 29.1634428259
972.89537 21.2939994107217 0.0000016455 0.4150567466
778.53573 10.989356969197 0.0000017497 0.3243409953
678.47045 4.03781475879018 0.0000017497 0.2903746035
846.55019 4.69614526550089 0.0000018250 0.0000000000
846.55019 4.92473130045344 0.0000018250 0.0000000000
786.52796 8.31755657965752 0.0000018600 -33.0456794859
821.66296 19.9192597458782 0.0000018600 0.0000000000
752.52008 7.93427582991434 0.0000018600 1.0212393375
779.60615 8.88831180841904 0.0000018600 1.5888085430
767.60615 12.7337436123045 0.0000018600 29.3032789564
968.86407 21.0233859718751 0.0000018600 0.3592150305
743.60615 10.5243643238476 0.0000019767 0.6489846220
926.74435 17.5858811997927 0.0000021003 0.0000000000
811.66875 16.5864032197892 0.0000021003 0.1829515488
884.54361 8.41095632218902 0.0000021003 29.2347363461
974.91102 21.1054190039006 0.0000022310 0.3584938856
848.61638 12.4766974271809 0.0000022310 28.2461976172
910.78582 19.5903718907248 0.0000022310 0.0000000000
822.52796 7.86313854524781 0.0000023694 0.8412671694
932.77017 20.0116510240289 0.0000025157 28.9858971527
782.68683 18.6950798691491 0.0000026704 -30.5343622051
850.78582 21.0328132545998 0.0000026704 0.4433767581
614.53542 5.02286815760841 0.0000028339 0.7485473299
782.68683 19.4732445342659 0.0000028339 -28.7052808323
772.58508 14.8183615857382 0.0000028339 0.5528733122
812.69740 17.4862072751591 0.0000030067 0.2581096933
834.71813 18.4029145964906 0.0000030067 29.3203423581
902.81712 20.9108048706781 0.0000031894 0.3395496562
816.57491 6.54104460144424 0.0000033824 -25.3829012396
854.72322 19.9405815392757 0.0000033824 29.4941360221
898.58149 6.01125290382151 0.0000036001 -31.1577573636
780.70866 18.8798975705685 0.0000037448 29.6835472141
608.35691 3.10659482580248 0.0000037448 2.2098995631
450.26262 2.12921976162158 0.0000037448 0.0000000000
932.86407 21.2841935441372 0.0000038014 0.4799262784
794.49776 5.46257694858127 0.0000042128 0.0000000000
916.60381 13.4903661896687 0.0000042684 28.8156022063
782.65045 15.1582073084874 0.0000042684 0.2653088277
798.52796 7.58688371826229 0.0000042684 -31.2310880677
834.62296 14.2641245045085 0.0000043810 -29.3931921499
900.59714 6.12023959738057 0.0000043810 0.0000000000
718.53813 12.6119143033882 0.0000045215 -31.3940345273
970.78582 20.0961155933915 0.0000045215 -27.6289384775
780.51740 7.52666946501343 0.0000045215 0.0000000000
964.83277 20.4689942462704 0.0000050702 28.8773811500
872.77017 17.4569158865644 0.0000050702 0.0000000000
912.80147 20.4616649087917 0.0000053673 2.6875589969
926.81712 20.8472913641354 0.0000053673 0.3111733079
783.63745 12.5822459095545 0.0000053673 29.4396126283
830.55528 7.71586559912584 0.0000059775 0.2180591681
1054.97362 21.6374852635058 0.0000060106 -0.1074764116
666.60310 17.4600631742548 0.0000060106 0.4479368898
610.33618 1.00581372339599 0.0000064563 30.9826764450
561.48883 13.1581818237378 0.0000064563 0.3165834573
1010.91102 21.2903281116972 0.0000067253 2.9232749383
862.63203 13.9793865361005 0.0000067253 29.6030096007
902.61279 7.52701308865099 0.0000067092 -30.8898851729
812.65514 18.911232777149 0.0000067253 28.7179096123
633.50646 17.0899299089191 0.0000071116 0.0000000000
680.41443 3.78815629557579 0.0000072438 0.0000000000
860.63861 14.9034921259111 0.0000075261 -30.7847764909
995.89771 21.7376585462497 0.0000079470 -31.5743282116
846.75452 20.3996068946452 0.0000079470 0.3497608258
742.53813 7.9032488405802 0.0000083981 29.1077488099
642.56672 17.8943152494222 0.0000083981 0.0000000000
552.29431 3.93674128282783 0.0000087642 -31.2962921687
610.54050 15.0388247279259 0.0000088730 0.3845079055
998.81712 20.5375483102129 0.0000088730 29.3348410189
736.49228 8.51287416030218 0.0000091029 0.4590826253
842.59056 6.97840730105147 0.0000093727 0.0000000000
558.47282 19.3047972289926 0.0000098986 0.0000000000
764.52248 11.4149055732965 0.0000104518 0.5249568767
589.48025 14.6938891025669 0.0000104518 1.1713534972
842.70796 17.4882012477371 0.0000104934 0.0000000000
714.50793 10.6346404336776 0.0000109925 0.4465290374
636.62892 18.1737697021783 0.0000110337 0.3285778269
970.78345 19.5917473672994 0.0000110337 0.9346714984
927.81720 20.755136055392 0.0000110337 0.2603757627
684.55615 14.0212976895966 0.0000116456 1.6863064790
642.56672 17.5627122923697 0.0000129651 0.0000000000
712.64497 18.7308969181232 0.0000129651 33.3841655219
612.55615 16.2959897737381 0.0000129651 0.4715835743
638.64457 18.5261975271008 0.0000129651 0.3525243228
752.52008 8.38462031932374 0.0000129651 0.9976549449
498.26262 1.78215904919559 0.0000132532 0.0000000000
794.56703 13.4993131154608 0.0000136759 0.5147322637
960.89537 21.0543832240577 0.0000144226 0.2209214233
664.41951 3.30834380407739 0.0000148156 -1.1599141370
500.27717 1.80526225662231 0.0000160312 0.0000000000
766.53813 7.65739773700549 0.0000168966 28.5993584404
910.78582 20.5091294842484 0.0000168966 0.3043626661
980.86407 20.9952050110786 0.0000178052 0.7850784858
764.52358 10.4697163186512 0.0000178170 0.3045662778
778.53813 6.85727614892335 0.0000178052 29.0533628017
886.78582 20.5689864060295 0.0000178052 0.2834246862
892.60731 10.2780298686904 0.0000184831 -0.3463389204
940.83277 20.7497846482681 0.0000197602 0.8251964514
825.68440 14.7942929438249 0.0000208107 0.4854235274
898.78582 20.4625150733069 0.0000208107 0.2824355303
836.77017 20.796253076464 0.0000219128 0.4938050849
812.54361 4.75777593475662 0.0000219128 0.0000000000
920.77017 19.6194986597358 0.0000219128 2.6642591707
880.71774 19.7805826656054 0.0000219128 0.3678785047
874.55926 7.78244762153085 0.0000230690 -26.1676262969
860.73378 19.7167902627459 0.0000242815 0.3390386657
948.85898 20.3127156013115 0.0000242815 -31.6872164399
734.62932 18.7524257712838 0.0000242815 0.7261753519
796.51231 6.39891832833015 0.0000255529 0.0000000000
738.66062 18.845843684782 0.0000255529 0.0000000000
617.51395 16.2934649041849 0.0000255529 0.3200960102
856.58508 8.70629782001326 0.0000268859 0.3247040772
658.54050 12.8856863424462 0.0000268859 0.6752848865
810.68175 16.368849155244 0.0000268859 0.2489047644
850.58149 6.18428849202841 0.0000306920 0.0000000000
890.81712 20.2140279003404 0.0000312816 0.4354394985
936.80147 20.3239508673701 0.0000328890 0.6253032752
764.52358 11.249843012875 0.0000341599 0.4537172755
920.86407 21.274428634414 0.0000345726 0.5500907479
964.83277 20.746725863282 0.0000345726 29.3109780442
748.49228 8.77720742785254 0.0000366753 0.3153068570
796.70248 18.7920251571022 0.0000381819 3.3063562897
610.50412 4.10610576732975 0.0000381819 1.0470980356
1010.91102 20.8292256386248 0.0000401146 1.5054214158
628.36200 2.740829679828 0.0000407803 -0.3257670722
648.62892 17.7893797949017 0.0000421376 0.2789417573
594.37655 3.63708330876173 0.0000421376 0.0000000000
358.29628 3.67315702398483 0.0000422430 0.1381769807
870.75452 20.1676760525226 0.0000442546 0.2554173934
870.75452 20.2184890366306 0.0000442546 0.2549666984
946.87972 21.3465143213717 0.0000442546 0.5438048700
615.49830 15.0490793396637 0.0000442546 0.5328653095
768.55378 11.5990952444136 0.0000464697 0.6903461532
936.57601 6.96630602871089 0.0000469355 -28.8703101191
642.61836 21.2138729018903 0.0000487871 2.7289862337
778.53573 9.10865057062369 0.0000487871 1.8391896364
642.56672 17.3170901896051 0.0000487871 0.0000000000
682.63440 19.037569606701 0.0000512109 -29.3612678554
662.36748 3.05994006398348 0.0000521194 -0.2959104523
908.77017 20.2589387360271 0.0000537457 -24.8643146347
1023.92901 21.8985576701038 0.0000537457 -30.2640991069
858.75452 20.2874561402326 0.0000537457 0.2833137675
742.53923 13.051048931761 0.0000539648 0.3049624145
752.63988 16.3912993696017 0.0000563962 0.0000000000
924.80147 20.5899344752001 0.0000563962 0.2344279996
1002.84842 20.7777363196825 0.0000620632 28.8805392676
624.29431 3.21329177627375 0.0000619838 33.1557463362
844.60621 7.61999523216409 0.0000620632 -30.0221251186
994.78582 19.7892142749866 0.0000650899 0.7695772486
834.75452 20.5419295597483 0.0000682525 0.3951175250
1000.83277 20.5569187697393 0.0000682525 1.1643586612
892.73887 19.5021780171159 0.0000682525 1.8743206068
904.54980 8.14853124545839 0.0000687250 -0.3415343409
904.54980 8.14853124545839 0.0000687250 -0.3415343409
774.52906 6.77889265692154 0.0000687250 0.0000000000
871.53421 8.44473902873824 0.0000711222 0.0000000000
932.62226 10.990910959421 0.0000715565 0.0000000000
988.92667 21.1107415457453 0.0000750077 0.3253114868
860.54361 5.9976161847069 0.0000750077 0.5311482672
972.80147 20.1841074795638 0.0000786120 0.0000000000
970.78582 19.9160094318401 0.0000823756 0.0000000000
691.66098 19.8595490829256 0.0000843421 -33.2627179659
689.56906 18.965613712175 0.0000863048 30.4345366299
660.55615 14.7983884212096 0.0000863048 0.7647517563
638.57180 16.4073643619277 0.0000863048 0.4492956526
912.80147 20.596400283124 0.0000863048 0.4115138520
951.74121 20.2440568300512 0.0000863048 28.5641337298
893.66296 18.9258016594971 0.0000904064 0.0000000000
906.84842 21.2989558922693 0.0000991540 0.6082605302
752.52248 8.40281504295583 0.0000991540 1.0957501884
820.51341 5.60057732510117 0.0000998610 -31.3284649287
872.56584 5.14933363678303 0.0000998610 0.0000000000
674.43915 3.99701216912249 0.0001038145 0.0000000000
958.87972 21.1887436128506 0.0001086761 0.6051720247
750.62423 18.9794039360553 0.0001137468 -1.8232818693
920.86407 21.3591606765783 0.0001190346 0.5694430667
936.80147 20.5558443683721 0.0001190346 0.4020615276
910.74943 19.2548489487144 0.0001245481 0.2804907557
898.78582 20.6126099765998 0.0001302958 0.1620534305
904.59096 7.68094156461773 0.0001302958 0.0000000000
678.56672 15.9855257875705 0.0001362868 -1.3343807684
668.63401 21.1877234383072 0.0001362868 0.1343524132
802.55926 10.6574420779 0.0001362868 0.0000000000
512.29940 1.8988154721447 0.0001393279 1.7070731279
594.37655 2.99198249115227 0.0001490361 0.0000000000
842.70796 17.694879108752 0.0001490361 0.0000000000
638.57180 16.837530747892 0.0001490361 0.4118200285
778.53573 9.27395638253587 0.0001490361 1.4174184292
766.53573 12.6762752449308 0.0001558141 0.3641742099
766.53573 12.2186684930661 0.0001558141 0.4108757560
802.53573 8.15660751544341 0.0001628744 0.5439867756
848.54471 7.29505914299636 0.0001696311 0.0000000000
756.61367 17.6770244796814 0.0001702278 0.0000000000
942.84842 20.9329945481314 0.0001702278 0.0000000000
826.54401 7.42890087014012 0.0001778853 0.0000000000
668.65514 17.9540843972568 0.0001778853 0.2623070074
554.34635 2.9150829282304 0.0001810403 -0.1658802310
862.69192 18.8890142787847 0.0001858580 0.0000000000
606.50920 11.3664559785921 0.0001858580 27.7342980925
956.79130 18.2809158884653 0.0001858580 0.0000000000
590.34635 2.71744863036992 0.0001931681 2.3380367102
694.64966 20.9081246444429 0.0001941578 -28.4667329983
776.52358 10.597279058561 0.0002269114 0.3120956641
838.63203 13.2259585884285 0.0002409992 0.2725101364
615.49830 14.7970414634254 0.0002515291 0.4991998224
912.80147 19.786720202544 0.0002515291 1.1281370890
1034.91102 21.1509599448459 0.0002624791 1.0042809671
934.78582 20.2942234800067 0.0002624791 0.5311110287
776.52008 7.4031156410416 0.0002624791 1.4017095987
940.73887 19.2568685978849 0.0002738645 0.0000000000
758.53305 9.56620509239456 0.0002738645 0.0000000000
832.73887 20.2421245068439 0.0002738645 0.3712276336
856.73887 20.0751401044702 0.0002738645 0.3179873013
677.64533 19.6289636219167 0.0002746998 -30.7254574806
600.55615 16.6047355297481 0.0002857007 0.0000000000
742.64966 20.6011187736777 0.0002857007 0.5784745246
594.34126 2.51071489736444 0.0002926219 0.0000000000
856.58268 10.7614273483348 0.0003107899 -0.2169541923
844.58508 10.7854915782518 0.0003107899 1.0211046146
998.81712 20.324465212769 0.0003107899 1.4397222768
846.52906 7.84948201325996 0.0003215694 -4.0219740657
778.53813 11.0364371463682 0.0003240766 0.2654547960
776.52248 7.68767677248695 0.0003240766 1.5931268399
766.53923 12.707427916444 0.0003317997 0.2110510468
687.55341 17.9772641607232 0.0003378811 -0.5626073351
687.55341 17.9907817872888 0.0003378811 -0.5626073351
742.64966 20.5986169077755 0.0003522215 0.5883219647
996.80147 20.212933606418 0.0003522215 1.1538142175
734.62932 18.0313215530983 0.0003522215 0.9952985934
734.62932 18.5910462984725 0.0003522215 2.7155268329
810.68175 16.6437867142649 0.0003825853 0.2090751369
844.73887 20.1003227634172 0.0003825853 0.2526497872
738.50793 9.3891293478669 0.0003998623 0.3667574645
678.39878 3.38303720394832 0.0003998623 2.8996809448
768.55488 13.6632194275774 0.0004124020 0.2723845745
664.38313 3.84527286284107 0.0004124020 -0.2406165696
914.59166 8.74099188690999 0.0004124020 0.2201724318
662.64457 17.870110823799 0.0004153236 0.1509283653
755.60615 9.77593965244202 0.0004153236 0.8658294482
976.92667 21.3071020836908 0.0004885946 0.4248461760
770.65045 15.744097481983 0.0004885946 0.2060511632
694.64966 20.9714780654114 0.0005086666 -29.2806873944
664.66022 18.8590914128475 0.0005294877 0.2220661163
966.84842 20.8354479557231 0.0005294877 0.2839618869
819.58980 10.106011857773 0.0005510828 0.0000000000
424.34214 2.23884645680796 0.0005510828 -0.2333909360
852.76508 19.5195850782149 0.0005734774 -1.3340015911
819.64731 19.4473886504971 0.0005734774 0.7360912521
860.60223 7.88585511404219 0.0005944534 0.0000000000
742.53813 11.3931641140085 0.0005966979 0.9160425778
728.52358 11.4838282938149 0.0006125957 0.2786155339
788.52008 13.188931568567 0.0006207713 0.2072988176
914.81712 20.8205031467714 0.0006207713 0.3300863558
768.55378 12.0939846851885 0.0006207713 0.4480167336
948.80147 20.0720898335975 0.0006457255 -30.6696426932
836.73378 18.2878433172025 0.0006715891 -0.1008955971
742.53813 11.1492621359779 0.0006715891 0.5784533317
640.62384 16.8566078083224 0.0006983914 0.1598713275
884.77017 20.2962955262457 0.0006983914 0.1925743236
774.62423 18.3132368173869 0.0006983914 0.0000000000
646.61327 16.6655881288927 0.0006983914 0.2441833787
636.55615 15.2007447017287 0.0006983914 0.3586222665
568.36200 3.4839113258688 0.0007327227 -0.1494918253
924.59714 6.44189087338189 0.0007547541 0.0000000000
922.78582 20.3539450232585 0.0007847371 0.1789680994
866.72322 19.9644538148942 0.0008156049 0.0000000000
984.89537 21.2837825292426 0.0008806697 0.4001881501
840.57491 5.17233813631043 0.0009149367 0.0000000000
848.77017 18.1875551675254 0.0009149367 0.0000000000
972.80147 20.3421750978582 0.0009504084 -25.5646848777
1002.94232 21.263914453612 0.0009504084 0.2881049954
692.65514 17.5342247435258 0.0009504084 -0.3455142498
814.63203 12.6613429025469 0.0009871221 0.0000000000
798.59833 12.2436626760011 0.0010251161 0.6266246977
996.80147 20.2808981984853 0.0010251161 0.7482781751
948.89537 21.406196054594 0.0010251161 0.5426394574
828.55138 8.70478008207161 0.0011051034 28.9248078005
568.36200 3.84595053331385 0.0011352152 -0.1566578902
796.58508 14.4598345498102 0.0011471784 0.4305087356
798.68175 16.9964989272478 0.0011471784 0.2179091609
738.50683 9.06434144561287 0.0012357036 0.4904611903
790.53923 12.0710857916984 0.0013094925 0.2792509535
878.78073 19.6686886948245 0.0013303579 0.0000000000
850.55926 9.97313958271886 0.0013303579 0.0000000000
786.66062 18.7552834757157 0.0013800986 0.5794091457
872.56584 4.96633835499076 0.0014255858 0.0000000000
900.80147 20.701114540079 0.0014315120 0.1814954173
916.83277 21.2181831868393 0.0014315120 0.0000000000
882.62296 13.2721389221678 0.0014663448 -0.1943279438
758.62932 18.0689527429452 0.0014846473 0.0000000000
802.55926 10.3202341629118 0.0014846473 0.0000000000
926.74435 16.8933009556608 0.0014846473 0.0000000000
669.56051 17.9790592463352 0.0015395551 0.0000000000
848.56584 4.59011008861944 0.0016403517 0.0000000000
890.78073 20.1930690555323 0.0016548959 0.4714633606
907.70215 17.7316289680842 0.0016548959 0.0000000000
982.68955 3.12520071322685 0.0017154361 0.0000000000
591.49590 16.2122872123923 0.0017154361 0.2483940961
591.49830 16.2051605704834 0.0017154361 0.2902898803
1004.95797 21.4395827699356 0.0017779630 0.3724981072
866.59056 6.64467757590123 0.0018425334 0.0000000000
866.72322 19.5272690278866 0.0018425334 -27.9995597235
854.53305 8.8617910459713 0.0019092056 0.0000000000
400.34214 2.75683372821921 0.0019092056 -0.1796504446
920.77017 20.2206750068248 0.0019780391 0.2642186411
976.83277 20.5932494912448 0.0019780391 0.2708107599
934.87972 20.9370845076923 0.0020490947 0.2586914304
770.49666 8.7233577179488 0.0020490947 0.0963418055
782.63792 9.11959454265665 0.0021034674 -0.6422113725
758.62932 18.4987935386269 0.0021224349 0.0000000000
664.66022 19.0291120692078 0.0021224349 0.1553673714
882.58658 6.95010110983653 0.0021617275 0.0000000000
676.55107 15.1931824760204 0.0021981232 0.0000000000
639.49830 13.3423273390183 0.0023568071 0.2903666300
802.69192 19.5474843364263 0.0025256860 0.4285103316
764.52248 9.08166283994999 0.0026141239 0.4556801325
822.75452 20.6626827325744 0.0026141239 0.4168777425
840.70757 19.3775205163669 0.0027053240 27.8077927059
884.77017 19.3221372557493 0.0027053240 -1.2294412306
768.51740 7.92862167289972 0.0027053240 -29.8483536509
762.50793 9.88437228359852 0.0028312171 0.2627395550
986.91102 20.8580526666136 0.0028963102 0.1971320370
844.51341 9.89377038181134 0.0029076533 0.3279897445
770.56703 13.797233012235 0.0029962502 0.5158232748
819.64731 19.2645504718872 0.0029962502 0.7541595462
786.60073 11.535491056944 0.0029962502 0.1809719848
810.75452 19.9849887103618 0.0030992600 0.0000000000
860.77017 20.7904013020572 0.0032054207 0.3944497825
742.53813 10.460452919561 0.0032054207 0.5690288500
792.55488 13.6628891651468 0.0032326013 0.3109946987
1006.87972 20.4391355232986 0.0033148150 2.0709279473
808.70248 18.1216121349425 0.0033148150 0.1483403198
904.76000 17.7429242930023 0.0033148150 0.0000000000
974.81712 20.261442945698 0.0034275277 0.3273438969
954.77565 19.2538908230624 0.0035436449 0.0000000000
1089.05187 22.2640553517993 0.0037864470 0.0000000000
279.23295 3.97452791301577 0.0037823556 -0.2551479885
852.57601 9.1575747483828 0.0037823556 0.0000000000
907.70215 17.5619717156372 0.0041784457 0.0000000000
474.30615 1.6451602143514 0.0043169042 -0.0945402625
838.55926 4.81403846069614 0.0043169042 0.0000000000
782.68683 18.1693132593408 0.0043169042 -0.1729649423
794.53305 5.40879971691005 0.0043368561 0.0000000000
694.63550 18.5406403840492 0.0045302636 0.1554188732
828.69231 17.2137732777944 0.0046061023 0.1781762954
754.53573 10.1538623908481 0.0047570466 0.7522595768
558.50920 14.4930865314761 0.0047570466 -2.0680538763
558.50920 14.6358506551898 0.0047570466 -2.0746946099
770.56943 13.7982120308637 0.0049123605 0.4832783260
747.51816 9.49434090209419 0.0051439226 0.1609682884
864.57601 8.42552388797496 0.0051439226 -0.1278637229
876.55138 7.51800595058321 0.0052365287 0.0000000000
640.60271 20.8730521925162 0.0052365287 0.4211081516
933.71780 17.6915891918748 0.0054056036 0.0000000000
369.35158 21.1707662960087 0.0054056036 0.1246352436
933.71780 17.4551530890066 0.0054056036 0.0000000000
816.64768 14.1567685630827 0.0054056036 0.0000000000
770.56943 13.7949172257704 0.0054056036 0.4907527668
912.57601 7.65674305910021 0.0055472402 0.2015165562
688.60271 20.4871782455611 0.0055794895 1.2402901552
882.75452 20.1657219730558 0.0055794895 0.2909974952
298.31044 4.60763436225434 0.0055794895 -0.0977150995
634.54050 13.3829831408155 0.0055794895 0.2443508828
934.74943 19.0842250857724 0.0057583022 0.1598917192
914.81712 20.1061089271613 0.0057583022 0.3333440197
727.56599 18.2335352367007 0.0057583022 0.4883323189
580.56632 15.6431414919584 0.0057583022 -0.1341330465
820.73887 20.3870925868491 0.0057583022 0.3614582551
820.73887 20.4635039794541 0.0057583022 0.3614522823
754.53813 7.21731266224712 0.0059421591 0.5857672640
652.55107 15.7972972243683 0.0059421591 -0.3454662811
1101.05187 22.1911342757731 0.0061311802 -0.6131064005
632.52485 12.2504468890402 0.0061311802 0.0000000000
994.78582 19.9427527160353 0.0061311802 0.8281248989
600.29431 3.49984980830846 0.0066014250 0.0000000000
1122.78740 15.8363295455154 0.0069413796 0.0040632526
950.68556 15.933915867878 0.0069340529 0.0000000000
460.36327 5.97311485141087 0.0071580958 -0.0853990198
742.53813 10.9538884115265 0.0071580958 0.5586347621
561.41497 4.05267503384357 0.0076094524 -0.1298668307
950.81712 20.688621773897 0.0076094524 -29.7941848121
652.55107 16.1077760555979 0.0076094524 -0.5948961711
866.59166 10.2392818144882 0.0078324237 -0.2411168542
868.60731 12.0187943927317 0.0078324237 -0.0875518632
907.70215 17.2735716599763 0.0078443659 0.0000000000
634.54050 13.8233926110864 0.0078443659 0.3245050569
636.62892 17.9776998627378 0.0080856222 0.2149265678
892.60731 11.4788278968874 0.0082200436 -0.0926109613
940.73887 19.5700696641439 0.0083333639 0.1029338072
916.79638 19.7921841218105 0.0083333639 0.5499918320
718.64966 20.7345479674261 0.0085877356 0.3539337131
690.47045 4.05779859626465 0.0085877356 0.1860466989
940.73887 19.3919776691838 0.0088488847 0.0942481812
840.70757 19.4793375238574 0.0088488847 0.7539001928
598.50412 13.7863523370105 0.0091169606 -0.1996940120
854.56943 9.30511668582244 0.0093921154 0.1452811763
633.50887 8.41454721275307 0.0096745035 33.2358102426
822.60073 10.8100594438517 0.0096745035 -0.0780143254
255.23295 4.44104822206778 0.0101850801 -0.1796377845
634.54050 13.2313475527551 0.0102616095 0.2133041900
968.77017 19.7574627327258 0.0105666484 0.3811889249
780.70757 18.8977527335424 0.0105666484 -0.2347779393
832.58508 8.63191998538658 0.0105666484 -0.1805230349
840.70757 19.2947741222214 0.0105666484 0.4165612022
878.59166 10.3264429958715 0.0109274501 -0.1879542350
766.53923 11.9637099189358 0.0114487086 0.1936166372
790.53923 10.8349915198868 0.0114487086 0.2272001372
934.80695 19.1902897071621 0.0115296876 -0.9590936034
772.58508 15.071718443991 0.0122133481 0.3705850596
996.80147 20.0499702842408 0.0122133481 0.5613293148
835.66875 15.0213345601098 0.0122133481 0.1738750708
854.59166 10.8790042287516 0.0122719992 -0.1031315663
540.33070 1.84850309373919 0.0122719992 0.0000000000
899.76983 19.5192648001211 0.0125681915 0.0000000000
605.47516 15.2824436412883 0.0125681915 0.0000000000
887.56200 9.03211311526418 0.0125681915 0.1141049634
848.60937 8.31997001575712 0.0133048015 0.0994379825
739.63876 16.900312756479 0.0140785347 0.0000000000
826.67666 15.9411548377082 0.0148908978 0.1589024523
864.80147 20.3671931500569 0.0153120475 0.5816175270
811.62223 10.3901499952463 0.0157569530 -0.0752499978
811.62223 10.3901499952463 0.0157569530 -0.0752499978
811.62223 10.3901499952463 0.0157569530 -0.0752499978
811.61995 10.3903172586242 0.0157569530 -0.0752599127
808.73887 19.4789433221002 0.0166377456 -29.0337913825
866.59166 9.92024020757231 0.0176103008 -0.1036415912
764.52248 9.05626457131515 0.0190670434 0.2454510422
894.62296 11.1820495510885 0.0192278800 -0.0823250349
812.67627 18.9236297817154 0.0195877769 0.3311368500
912.76508 17.8787071922527 0.0195877769 0.3845193108
582.28375 2.16568011387043 0.0200843120 -0.2513621593
713.56906 18.0533920310098 0.0206658667 0.0059608498
900.59714 6.76682040608038 0.0209738488 0.0000000000
890.78073 19.4456108316391 0.0212236716 0.2627504706
892.73887 19.9859357963146 0.0212236716 0.1749619855
818.72322 20.0338848425105 0.0217942867 0.2064634998
814.56036 8.70784836086253 0.0218975240 0.1790587559
1052.70915 10.6948651490635 0.0223779426 -0.0921067435
832.58508 9.52978056734568 0.0223779426 0.1658839104
526.29392 2.86628042953785 0.0223724923 -0.1479980007
800.61638 13.1279830128862 0.0229748724 0.4623170200
907.69974 17.5044412299098 0.0229748724 0.0000000000
962.91102 21.1182268551194 0.0229748724 0.2901459702
873.69426 19.9600399364991 0.0229748724 0.3633641366
716.63401 20.8641595968282 0.0235853120 0.2050660223
836.54361 4.80313582363978 0.0235853120 0.0000000000
854.59166 10.549563876613 0.0238515306 -0.1942509250
818.72322 19.9347146472392 0.0248476755 0.2320917022
660.62892 16.8651646243239 0.0248476755 -1.3958975527
838.78582 21.0177456000067 0.0248476755 0.5173516414
736.49228 8.97475847568944 0.0254146483 0.2789190597
892.60731 10.8208545468372 0.0259550240 0.1470287853
595.49322 4.59309164913435 0.0268485784 -0.1970735689
638.36748 2.87184771456332 0.0276361627 0.0000000000
818.55528 6.92229191705089 0.0276361627 0.5395323771
773.65310 17.2781521674756 0.0282569786 0.1850002816
940.83277 20.1661815948031 0.0304863545 0.2466895312
281.24860 4.55722166813514 0.0306469096 -0.2726471834
314.23259 0.858734122982426 0.0312616568 -0.1688266705
766.65553 17.2361887475667 0.0312616568 0.1438706165
870.75452 20.3412563136878 0.0312616568 0.1986933968
860.61398 13.3799551707263 0.0336877938 0.3305570142
920.82768 20.1359677045881 0.0345308120 0.3387989090
974.81712 20.384280103872 0.0353914362 0.4199129255
864.76508 19.4686000531756 0.0353914362 0.3379259828
678.61836 20.6683180146395 0.0362699415 0.0000000000
1103.06752 22.3870488232244 0.0362699415 0.0000000000
938.81712 20.7857558021573 0.0362699415 0.2011363165
882.75452 19.9974779552551 0.0380817061 0.1322037257
888.80147 20.0545330641803 0.0380817061 -1.8156523369
812.67627 19.2339459476073 0.0380817061 0.3390657314
842.72322 19.7756649267803 0.0399683465 0.1631751059
866.81712 21.1917113644046 0.0399683465 0.5111935573
856.64260 13.9341442612362 0.0409404540 0.6544119314
882.75452 19.2639297982881 0.0419321347 0.0000000000
964.83277 19.941587796613 0.0419321347 0.0505800711
785.65310 13.0593623394444 0.0419321347 0.1446889454
558.28375 2.49449716638524 0.0439256242 -0.2039160479
818.53305 10.012809250657 0.0450275110 0.0000000000
907.53311 7.80151880012668 0.0450275110 -0.1715772453
820.51341 10.3338103400281 0.0456640302 0.1050959217
845.72288 18.8317151343534 0.0461003879 0.0000000000
708.40934 2.72117811946089 0.0465547492 0.0000000000
866.59056 8.48356825144931 0.0471942980 0.0000000000
474.30615 1.53272052921968 0.0471942980 -0.2018240344
760.64497 19.1452866048731 0.0471942980 0.5144162992
942.75452 19.8410686516691 0.0483095382 0.6190221453
616.36200 3.22359374491745 0.0493141464 0.0000000000
505.42623 9.42082750728656 0.0502651942 0.0000000000
780.55138 9.79972772539102 0.0506052037 0.0803338451
765.60036 18.7723689624469 0.0506052037 0.6996754117
758.62932 17.6912907215723 0.0506052037 0.4373071531
920.82768 20.6273148520773 0.0506052037 0.3948167015
866.78073 19.4648205694529 0.0506052037 0.4684234328
920.82768 20.4830579070842 0.0506052037 0.3698575454
526.29282 2.29104696651524 0.0517862300 0.6076694473
878.74435 18.7662066812243 0.0517862300 0.1357401988
880.73887 19.9132617818535 0.0517862300 0.2075316771
914.64918 13.7230281777726 0.0522114636 -0.1172106237
784.58508 10.3233036038536 0.0542161823 0.0736078826
810.75452 20.803038640365 0.0554657171 0.4883750407
696.57728 15.8457917899866 0.0554657171 0.0000000000
896.77017 20.1628227835612 0.0554657171 0.1463485688
636.35183 2.91066391919065 0.0573543373 -0.1861549597
370.29519 1.38490071583004 0.0580354343 -0.1919364382
858.75452 20.5596565742527 0.0580354343 0.3581430881
614.57180 17.3938530870431 0.0580354343 0.1595427445
860.60937 7.69006025387614 0.0593562322 0.1080614812
878.78073 19.5099114299722 0.0593562322 0.3048601676
786.66062 18.5270266098151 0.0607014015 0.6047386220
778.56036 10.3678682672453 0.0617659271 -0.0906448720
922.84333 19.9170818205574 0.0634660953 -26.8276322557
283.15160 0.777603382514871 0.0634660953 0.1088885977
888.80147 19.8628934003178 0.0663320050 -28.7473164439
896.63861 14.4323845984573 0.0664547358 -0.1413299675
757.62180 10.582432341997 0.0678036968 0.0494827184
890.81712 20.3922009142705 0.0678036968 0.2501043666
505.42623 8.56639182555465 0.0689068794 -0.0622660480
790.50175 8.11831765233682 0.0693016307 0.1658322982
892.60731 10.577662703913 0.0701605525 -0.1559573657
837.54986 10.9564082702198 0.0701605525 0.0000000000
842.59056 6.44734556710153 0.0708261204 -0.2059765506
918.62296 11.4890559076187 0.0714328815 -0.1023359827
680.58237 17.21947713271 0.0723774801 0.5314445221
593.47757 4.55185692542188 0.0723774801 -0.1465266132
860.77017 19.5521233850854 0.0755620669 0.1438333101
802.53573 8.8072254871286 0.0771959231 -0.1403993543
882.60073 11.2291958892711 0.0788579074 0.0855009153
881.51746 7.67061403001131 0.0822675183 -0.1501358741
794.57053 14.3596110292374 0.0837550767 0.1512863302
426.35779 2.96213578956672 0.0840157735 -0.0829420471
880.59096 9.77374469016367 0.0857934138 0.0973567734
762.58785 18.9646196899545 0.0894381025 -0.2577254405
850.56036 7.46523297334516 0.0897583936 -0.0612797957
818.59166 11.746784880334 0.0897583936 0.0558095384
758.46138 3.8462541015738 0.0913121285 0.0000000000
960.73457 16.4040791377762 0.0913057761 0.0000000000
536.50482 11.9927273865675 0.0913121285 0.0992437035
732.44573 3.9558180703373 0.0928874116 0.0520848940
887.56551 10.1732158611296 0.0944844353 0.0766407569
852.57601 9.13167035851157 0.0944844353 -0.1142733740
766.69192 19.5151673166915 0.0951333394 -1.1955980239
1016.77017 19.4037236732008 0.0970938497 0.0000000000
756.55138 11.9555150360957 0.0970938497 0.1983355917
903.74121 26.4223197218448 0.0970938497 0.5602220626
840.70757 19.5456883292014 0.0970938497 0.2505413303
757.62180 15.5650548262963 0.0970938497 -2.5011908056
930.60661 9.55844054400059 0.0970938497 -1.0925952767
752.52008 8.13585410742861 0.1011098717 0.1334220517
794.72322 20.3548455367529 0.1011098717 0.3740110324
752.55887 13.9768290065122 0.1011098717 0.3043795341
979.86641 21.4848472667142 0.1011098717 29.1188773351
838.56036 8.49260297716673 0.1028023840 -0.1084378997
889.58116 11.4035752748231 0.1045338786 0.0267387698
770.57053 14.9447183623338 0.1045338786 0.1501243585
864.57491 7.16949664425744 0.1073760058 0.0000000000
908.79130 19.1546367349306 0.1095304939 0.0000000000
816.57601 9.98910138246181 0.1098675942 0.0500657427
840.57601 8.68447863864778 0.1116925390 -0.0851126543
826.59675 11.3604975803528 0.1116925390 -0.0541086194
792.57491 6.25706140767907 0.1117183730 -0.0090669748
749.62311 18.2614813650962 0.1139399420 -0.2025416945
854.57531 9.23324022612519 0.1139399420 0.1035701817
958.80695 18.8135919199941 0.1139399420 0.0216431080
704.63401 20.8362749700071 0.1139399420 -0.0711915578
528.30847 2.75739817509036 0.1139399420 0.0000000000
873.69426 20.1698019502014 0.1184853364 1.1149823444
715.58471 19.0322109278503 0.1184853364 -0.4730979977
783.61093 11.7380588391728 0.1208097502 0.6259329372
804.55378 8.34116613876049 0.1208097502 0.0797249686
944.77017 19.7557496249126 0.1208097502 0.0000000000
808.58508 12.0302760705724 0.1231690305 0.0664298090
734.62932 18.3386039538541 0.1231690305 0.4968544308
283.26425 5.54413522518662 0.1231491964 -0.0738408960
703.58471 19.034943597028 0.1255634661 0.0000000000
344.27954 1.17961021580051 0.1255634661 -0.1931558053
764.55646 11.1847196551103 0.1304589463 0.0083862744
784.64497 18.5061961041781 0.1304589463 0.2189579898
772.51341 6.98020684902401 0.1312832918 0.6774380041
876.72870 17.4887805084043 0.1329605562 0.0000000000
682.59802 18.1858372139026 0.1354984516 0.6371562019
844.60731 12.3088040433833 0.1355035690 -0.0547373691
784.64497 18.4519098295377 0.1380729085 0.2190414440
396.31084 0.98204159640549 0.1380729085 -0.0178334757
690.61836 20.7653896034918 0.1406841997 -0.0618674172
478.29282 2.51055646603237 0.1406841997 -0.1604446810
822.60073 10.4066146224881 0.1433325952 -0.0927155569
692.63401 20.9725110038892 0.1460183614 0.0706005889
834.58658 9.37576488646634 0.1558020454 -0.0752272594
752.55887 14.0124081160384 0.1571403529 0.1649146775
828.57601 9.17683585111281 0.1630576275 0.0400870053
650.40386 3.11774402177906 0.1655319324 0.0000000000
732.61367 17.6182328647394 0.1658867988 0.5608886401
944.77017 20.1130707501232 0.1658867988 0.1537219066
824.54361 8.60993483439603 0.1688807175 0.7017106624
840.64768 14.7822018531406 0.1688807175 0.0940099192
779.60615 11.941578065939 0.1688807175 -0.0751205417
810.60073 10.6539352456157 0.1719142468 0.0577100213
796.73887 20.6695718689207 0.1719142468 0.4768915083
954.77565 18.8474141098594 0.1749876154 0.0000000000
832.60731 12.9683338889536 0.1757121270 0.0618064868
806.72322 19.9441742952686 0.1781010478 0.2985869928
652.55107 16.4689038839025 0.1781010478 0.1238153024
946.78582 19.8770708820694 0.1781010478 0.1613222891
804.51740 9.11919690134941 0.1781010478 0.2644767848
781.59528 11.9242255849815 0.1812547640 -0.1466958860
760.64497 18.3896311393913 0.1812547640 0.3205458865
828.56312 7.70033268976266 0.1836485280 0.0111624559
828.55138 8.50758787087697 0.1844489793 0.0791142037
838.74943 19.2308373135313 0.1876839042 0.5787983994
792.70757 20.0128427929347 0.1876839042 0.5010003583
960.82260 18.8231641035878 0.1876839042 0.0000000000
806.56943 10.7447375430588 0.1876839042 0.1015529034
918.75452 19.7629886366507 0.1876839042 0.1895364280
834.60073 10.0765451541135 0.1909597444 -0.1000545356
482.32412 3.95183895239711 0.1909597444 0.1023006868
942.75452 19.6028425657993 0.1909597444 0.0000000000
788.67627 19.1019091305746 0.1942767005 0.3323931825
766.53573 9.20532126393346 0.1976349683 0.0710363610
736.44064 3.63035858141885 0.2003123225 0.0000000000
454.29282 3.10399841091146 0.2010347380 0.0772889161
928.76000 18.1150713059698 0.2010347380 0.0000000000
784.64497 18.1130067841994 0.2010347380 0.2332415731
976.83277 20.7679484889391 0.2010347380 0.1911429593
535.47318 12.6725741779396 0.2031936877 0.6500795775
368.27954 1.11949597398012 0.2044761948 -0.1827673741
816.57491 5.88522899420606 0.2044761948 0.1824140370
778.69192 17.9411885302442 0.2079595183 1.1122328309
836.61638 11.2458731168424 0.2150524562 -0.0467045976
481.42514 4.04330644716952 0.2150524562 -1.0770729976
419.25680 3.70931000022401 0.2150209535 0.3391930442
870.62296 13.0522604846586 0.2180537897 -0.0507154946
862.78582 20.131039248869 0.2186624018 0.3793182198
882.62296 13.7517202717092 0.2211172509 -0.1655652051
890.57531 8.56170672772429 0.2223148762 0.0000000000
507.44188 10.2344286229577 0.2242114405 1.4940009886
904.59096 9.65470530168122 0.2260100303 0.0453012648
342.26389 1.0117714934768 0.2297480089 -0.0313513543
890.59166 8.8999990423556 0.2304924031 -0.0592509504
391.22550 1.95022124283357 0.2304924031 0.4240760282
792.57601 11.5524762918147 0.2304924031 -0.0639874434
834.60073 13.9094896302591 0.2335289506 0.1641262072
810.59833 14.2968601810478 0.2373529878 0.0604569090
894.75452 19.8568965973651 0.2373529878 0.1925620497
920.77017 20.0271059755271 0.2412202464 0.0502616786
904.59096 9.52193022737572 0.2451308458 0.0142848051
906.62296 12.2694733747612 0.2467391879 -0.1289843530
680.63401 21.0205391312414 0.2490848991 -0.0658128882
770.65045 17.6273221834902 0.2490848991 -0.2630196282
734.49776 6.15760990380038 0.2500825465 0.0000000000
917.72048 18.7076729355266 0.2571237848 0.8708983856
587.40822 3.02760195502158 0.2603019864 -0.0583827910
587.40822 3.02760195502158 0.2603019864 -0.0583827910
762.50793 8.91601757017107 0.2603019864 0.0232821024
587.40822 3.02760195502158 0.2603019864 -0.0583827910
680.63401 20.9741333105279 0.2612088092 -0.0296198113
863.56551 11.1939219766798 0.2637718105 0.0209818845
784.58508 14.2519779255557 0.2653376710 -0.0728724301
804.55378 8.81059673369339 0.2695104488 -0.1087924787
696.61367 18.5094407700841 0.2695104488 0.4590478109
696.61367 18.4863938934817 0.2695104488 0.4590478109
862.55926 6.14886646467297 0.2822929546 0.0000000000
796.54980 8.69745924566983 0.2852598386 0.6807298391
866.72322 19.7874246248282 0.2866420365 0.0000000000
914.72322 19.374899610818 0.2866420365 -30.2648652181
980.86407 20.3334856839622 0.2910353177 0.0000000000
910.80695 19.639266776861 0.2910353177 0.0000000000
888.70757 19.1638807447092 0.2910353177 -0.7543186160
804.55138 8.77656548044588 0.2910353177 -0.0153573999
858.60073 9.63352025319336 0.2954728324 -0.0324216139
666.61836 20.9163576335506 0.2999546072 -0.0865596689
312.32609 6.04525990208375 0.2999546072 -0.0631234831
794.56943 10.9076942958864 0.2999546072 0.0780209345
838.56036 8.02647337930021 0.3002255986 -0.0282410670
844.64370 15.9871121200936 0.3040473797 -0.1085419935
762.66062 19.2269143263533 0.3044806609 0.3565439626
760.58508 13.6784031410833 0.3090510045 0.1510528416
792.51740 8.51720523089222 0.3090510045 0.1322445929
316.24824 0.911313870521185 0.3136656411 -0.0698880613
587.40593 3.02881482781673 0.3196563612 -0.0479948532
439.22550 2.19356720458965 0.3196563612 0.0000000000
798.52906 8.27524659245033 0.3196563612 0.1554977489
738.50793 9.18889688125833 0.3236391008 0.0885217614
913.58116 10.8268609934318 0.3236391008 0.0528790808
828.56312 7.70033268976266 0.3276540350 0.0280199062
417.24115 3.00222020015042 0.3276540350 0.0575940758
732.61367 17.526794006018 0.3277752203 0.3377114060
930.71686 17.9905511258975 0.3317011549 -0.0674433841
937.74669 18.1964243961727 0.3325668997 1.1033757738
836.54121 9.66111197969298 0.3374027668 0.1422370488
832.54870 11.3722044632676 0.3374027668 0.0000000000
812.54471 7.81306659205716 0.3398918935 -0.0355608478
968.77017 19.9537432075493 0.3422827758 0.0452632060
762.66062 18.9031009536148 0.3472068727 0.2520227767
784.58268 14.0451754389781 0.3571870719 -0.0661808539
918.75452 19.7211827315918 0.3571870719 0.0845467085
762.66062 19.1494242182228 0.3571870719 0.4482306830
297.24352 3.67371959514229 0.3609305059 -0.0419637725
297.24352 3.67371959514229 0.3609305059 -0.0419637725
766.69192 19.9642690390832 0.3622430237 0.3713040121
658.40544 3.61046134045157 0.3622430237 0.0000000000
810.56435 9.73288587403672 0.3673427626 -0.1405111674
806.56943 8.24593676582157 0.3724861917 -0.0435005410
654.56672 17.08224639763 0.3724861917 0.5366600597
894.62296 12.1688712332503 0.3739374073 -0.0394694109
764.67627 19.5727436936319 0.3776732060 0.3428384366
780.55378 7.62769635644574 0.3776732060 0.1118637118
814.55926 4.93970511985715 0.3829036913 0.0000000000
856.60731 11.3111523877457 0.3872303988 -0.0625714261
578.30996 4.01765601032919 0.3872303988 0.0000000000
282.27914 4.05225055027731 0.3881775250 0.1535377548
576.29431 3.59203282784882 0.3917246645 -0.0953015273
859.53421 8.24101135509744 0.3917246645 0.0486432995
760.64497 18.5930055205169 0.3934945756 0.2887338037
854.56943 8.76940203453354 0.3988547029 -0.0284298524
830.62695 9.47081111978543 0.3988547029 -0.0400527907
790.56036 9.58067464557815 0.4008076403 0.1381052412
859.53421 7.92057324881927 0.4053961811 0.0577520779
800.54471 7.78684331794852 0.4053961811 -0.0342367707
654.56672 17.0491844284422 0.4151920089 0.5785651522
780.55378 8.62808563887929 0.4207228628 -0.0150325988
847.53421 8.60069259165601 0.4240618292 0.0365105319
864.57601 9.271659570933 0.4288055931 -0.0360334763
842.59166 10.6327775433985 0.4288055931 0.0279543770
820.51231 7.22694746136388 0.4319111042 0.6015712715
890.59166 9.44134340764166 0.4335800729 0.0501360983
833.51856 7.87926381918979 0.4432206923 0.0228660431
816.70757 19.6638951849072 0.4490067617 0.3137267719
279.15909 2.08814028821953 0.4490067617 -0.1370416901
750.54432 13.8459072743801 0.4529826623 0.0613670206
866.59166 11.3918812773896 0.4529826623 0.0616446135
858.59833 11.798831533089 0.4547879870 -0.0135055034
710.62932 18.9236599374701 0.4547879870 0.4744985337
776.54471 8.56905255440471 0.4579088122 0.0582196638
860.60937 7.92503841474245 0.4606101588 -0.1195294922
768.70757 19.8991416440939 0.4664730299 0.4514728171
814.55926 5.68613653091241 0.4664730299 0.1253277083
881.51856 6.846961686859 0.4779110665 -0.0391080754
451.45205 17.3397220101266 0.4829852569 -0.0082689397
856.58268 11.9721737527777 0.4843032319 -0.0707842103
810.60073 11.843308732296 0.4903262485 -0.0246784806
911.56551 9.50308592837286 0.4932208202 0.0288664430
806.56703 10.7532530230852 0.4963885939 0.1078797339
654.61836 21.0416689520848 0.5024899674 0.0554505458
750.66062 19.303631926467 0.5148085517 0.4315747915
900.66991 16.2834845684093 0.5193098154 -0.0419623584
415.22550 2.2971871782529 0.5193098154 -0.0235252474
714.61836 20.4773139342567 0.5210251169 -0.0368519345
752.67627 19.7364073030962 0.5210251169 0.2280944065
840.72870 20.1467182274454 0.5272794191 0.0000000000
831.50291 6.78658871939567 0.5299413798 1.0660855418
894.62296 11.6446721268431 0.5299413798 0.0061940494
692.61985 17.4848633218795 0.5352983319 0.2029142176
656.58237 18.1953468075651 0.5462652589 0.2189970503
862.78582 20.0472493350856 0.5526669771 0.0732697649
944.77017 19.9101787173837 0.5526669771 -0.0265353982
818.72322 19.5139440914823 0.5526669771 0.0000000000
684.61367 18.8156612971124 0.5655778099 0.0064484794
885.54986 9.39242550148017 0.5791123670 0.0023843763
830.51889 5.79259261034692 0.5959659999 0.0000000000
827.55963 7.71119040490319 0.6073244809 0.0241710422
794.60582 13.239657597937 0.6051405401 0.0131658995
502.37383 2.54547397014855 0.6051405401 0.0715813555
832.54980 13.8466342636181 0.6073244809 0.0509344094
794.53415 9.89714753220415 0.6073244809 -0.2500970428
827.55963 7.71119040490319 0.6073244809 0.0241710422
738.66062 19.5020359915863 0.6051405401 0.2590055064
827.55963 7.71119040490319 0.6073244809 0.0241710422
828.75921 21.4075115003261 0.6253677971 -0.1051007278
828.56250 7.70033268976266 0.6303260501 -0.0067132457
742.53813 11.5687569218062 0.6321732707 0.2557009607
326.34174 5.72823548083821 0.6390094850 -0.0146049043
740.67627 19.9589682141611 0.6458759568 0.2517101059
781.48726 7.15971061618098 0.6478171575 0.0000000000
820.58508 10.0547049703842 0.6527721952 -0.0494078240
822.60073 11.6133237959531 0.6527721952 -0.0670607924
848.54471 12.7158979315603 0.6536916306 -0.0629925226
772.51341 5.96456573024283 0.6595876412 0.0000000000
846.60073 10.2250847957101 0.6596977023 -0.0056336915
886.61788 11.5219161262171 0.6595876412 -0.0273009518
861.54986 9.64228640547383 0.6655048744 -0.0017990694
796.58508 10.5598451276684 0.6666519727 -0.0431142728
934.80695 18.7914005540053 0.6666519727 0.0137129902
692.63401 21.041892340345 0.6736344940 -0.0523048979
806.59166 12.3291959793821 0.6774017300 -0.0162672660
796.54980 10.1020926217767 0.6833807032 -0.0102972639
535.47318 12.3276548719111 0.6833807032 0.0079737082
952.83277 20.458637392069 0.6876822046 -0.0227540363
572.52485 15.3794694053575 0.6876822046 0.0000000000
807.57454 10.0418056473801 0.6947463342 0.0467115598
842.59166 10.4629958197791 0.7074924815 0.0230090971
814.55926 6.37993733446262 0.7089524433 0.0297479801
834.59833 13.1038855851378 0.7089524433 -0.0809909191
580.32561 4.70399939122124 0.7135676996 0.0000000000
480.30957 3.80069758487822 0.7257724367 -0.1245489698
909.54986 8.85308910423651 0.7257724367 0.0091473427
750.66062 19.4397721180416 0.7304479390 0.2210276217
808.58508 9.57275303253541 0.7376605378 -0.0289655869
806.56943 10.3150696441416 0.7448958961 0.0137376112
692.41443 3.7976868451019 0.7690215134 0.0000000000
876.55966 7.67783157205526 0.7740531776 -0.0388693729
642.60310 18.4937055413521 0.7740531776 -0.1047896354
826.56036 8.89322465729424 0.7815183796 -0.0363521966
786.56435 11.6864428816002 0.7887529520 0.0000000000
858.62296 14.4865074634277 0.8003689683 -0.0126442367
787.67861 20.5205245932454 0.8035269769 0.0294117033
883.53421 7.70091079716446 0.8066790231 -0.0574442192
836.77017 20.0263596233108 0.8109402812 -0.0933585128
814.55926 5.97949093240209 0.8183702766 0.0754959418
808.58508 10.0363339847443 0.8183702766 -0.0125027693
804.55138 9.80440119660059 0.8258163298 0.0063391008
857.51856 7.51366050660253 0.8320413496 -0.0881300232
832.58268 11.1712248907127 0.8332778036 0.0163511201
858.60073 9.39929989853473 0.8407540568 0.0736505520
832.64260 12.320496784545 0.8482444441 -0.0061156360
836.61398 14.570955316115 0.8482444441 -0.0451198729
868.60731 11.2473227269963 0.8511800801 -0.0238618726
642.60310 18.4860728535768 0.8632650227 -0.0143189220
807.50291 7.43071866250971 0.8704068766 -0.0409440712
822.55019 8.15084487162761 0.8768334547 0.0322314442
857.67533 14.8225245983435 0.8768334547 -0.0028662438
822.55019 8.15084487162761 0.8768334547 0.0322314442
888.57251 10.3234294327613 0.8783343078 0.0015855094
772.58508 12.1252067023408 0.8858855663 0.1051909189
839.74630 19.5302285560416 0.8934470170 27.2619267598
908.62226 11.6883948918954 0.9010179923 0.4661341054
828.57601 9.5650283442539 0.9026168725 -0.0355893137
840.57601 9.74422867036594 0.9026168725 -0.0040546226
824.54471 7.51477064789875 0.9090799003 0.0850468245
898.65426 14.8815554206521 0.9155489514 -0.0250440947
846.62296 14.1480869236257 0.9220236005 -0.0682749312
842.59166 11.1797763754823 0.9220236005 -0.2125980381
754.69192 20.1556688906248 0.9237813566 0.2196083103
885.54986 8.41930328969624 0.9285034215 -0.0580617698
1051.96031 22.0699268190539 0.9313837100 0.0000000000
824.58000 9.6926698481206 0.9313837100 0.0390762159
480.30847 3.32203324393808 0.9466061990 0.0112818331
870.62296 12.2863974177693 0.9479696367 -0.0051441753
814.59675 11.1910876235275 0.9479696367 -0.1405758685
856.54980 13.2285364361674 0.9544658622 -0.0764823667
712.64497 19.4779248020852 0.9618478595 0.0727832688
241.14453 0.751799644535705 0.9739709716 0.0261451470
726.66062 19.5659650583043 0.9771032283 0.1982118455
736.44064 3.69118304403745 0.9804767134 0.0000000000
835.53421 9.07165114702388 0.9804767134 -0.0202229305
764.54471 9.32333773598623 0.9804767134 0.0066166405
830.59166 11.2053244385669 0.9934916604 0.0136306815
832.58508 10.2907777895735 1.0000000000 -0.0280131878
