"m.z" "r.t" "p.value" "t.score"
716.52248 10.5192519460083 0.0000000001 0.7762086092
716.52248 10.7508630510489 0.0000000001 0.7306155504
718.53813 12.5773093985538 0.0000000001 0.8928611510
764.52248 10.0117698170554 0.0000000001 0.8404053385
978.84842 20.8363407855246 0.0000000001 0.5550996205
764.52248 11.4149055732965 0.0000000001 0.7297104795
766.53573 12.6762752449308 0.0000000001 0.7942444363
778.53573 10.989356969197 0.0000000003 0.6454491205
633.50646 17.0899299089191 0.0000000004 -30.6706022071
798.56435 9.39019550686799 0.0000000047 -29.1336263955
970.87972 21.0948246984237 0.0000000047 -29.2753247788
862.62502 9.24482835869706 0.0000000015 -3.2666621849
892.60621 14.269776412408 0.0000000026 -29.5812553155
911.56200 10.3169881981364 0.0000000047 -29.0354206386
892.60621 14.1193307211879 0.0000000024 -29.3811140547
914.58816 12.1295437681812 0.0000000019 -29.6961529556
914.58816 11.4549287797669 0.0000000019 -29.1991608072
886.63203 14.1498379234974 0.0000000026 -29.0986025654
912.57251 10.1489104584263 0.0000000047 -29.0970130108
798.56435 7.40936832634803 0.0000000047 -29.0720977976
812.54361 8.69583647723979 0.0000000039 -29.0067015288
798.56435 7.74104100674684 0.0000000017 -29.5171436732
812.54361 10.7224346048556 0.0000000039 -28.9919008145
1002.94232 21.625995387222 0.0000000013 -28.9629102513
720.66531 20.8553086450585 0.0000000047 -29.2314908524
538.51937 12.6347754672218 0.0000000017 -29.5608795893
878.57531 8.33550877663642 0.0000000052 -29.1424341256
878.57531 8.00328355330391 0.0000000052 -29.1860799709
774.60073 16.239879683181 0.0000000006 0.6690398697
970.84333 20.787414113719 0.0000000039 -29.1105423327
774.66062 18.9367944515235 0.0000000047 -29.0074981375
774.66062 19.10110760512 0.0000000047 -29.0206801737
886.55686 9.91590302768569 0.0000000052 -29.4027557517
886.55686 9.77556956966247 0.0000000026 -29.3414725275
992.77017 19.6172518313539 0.0000000052 -29.4757765428
827.66367 13.4443841781333 0.0000000017 -29.4763451175
650.64457 18.2046555342791 0.0000000026 -29.1576116388
826.59565 5.41358206450525 0.0000000021 -29.0425199377
844.51231 7.60670784244211 0.0000000019 -29.3164102566
844.51231 8.40001784466841 0.0000000047 -29.0132597792
836.54361 5.56437474523934 0.0000000047 -29.0224768537
836.54361 5.89059209797699 0.0000000047 -29.0415405276
836.54361 6.69187420605594 0.0000000047 -29.0120044486
836.54361 9.52829618383562 0.0000000017 -29.2269202902
838.55686 11.6489497894507 0.0000000024 -29.1509974147
648.32719 2.17865509719125 0.0000000029 -29.1143940276
502.29282 2.42363161790282 0.0000000019 -30.1361632729
904.60621 15.7121643288585 0.0000000019 -29.1705852230
608.52485 12.9131676509597 0.0000000015 -29.4681600239
842.66333 16.4569772072823 0.0000000043 -29.6027525958
843.70723 18.4689944607603 0.0000000047 -29.0203498840
950.81712 20.1666057797395 0.0000000047 -29.0965765714
862.74943 18.3761521168708 0.0000000047 -29.0827979101
476.27717 1.86263426161962 0.0000000032 -29.0964372378
886.74943 18.4161279046149 0.0000000052 -29.1932586780
886.78582 19.6966578494945 0.0000000047 31.0382250169
714.60310 16.4127143615306 0.0000000052 -28.9687017619
888.76508 18.2461233448749 0.0000000052 -29.0959702171
888.76508 18.4553307275951 0.0000000052 -29.1066891407
893.72048 18.9673373341336 0.0000000043 -29.2081879169
742.53573 10.0062373355179 0.0000000032 -29.0692148063
826.59565 6.61402762876569 0.0000000039 -29.0495128682
540.49864 8.7195918250089 0.0000000021 -29.1690071654
664.38313 3.46430112791016 0.0000000012 -0.3939053771
826.59565 6.30493958316165 0.0000000026 -29.1049808935
686.55655 8.93954766289255 0.0000000032 -29.1076511903
864.76508 18.5487957679309 0.0000000047 -29.0789489810
792.55378 12.2489819937957 0.0000000024 0.6002620205
886.55926 8.57816991215886 0.0000000047 -29.4655195385
894.69463 17.26798736618 0.0000000017 -29.3637930351
828.70757 19.682232899643 0.0000000017 -29.3323827269
828.70757 19.5893528903648 0.0000000017 -29.2611577609
880.76000 18.8551280257099 0.0000000052 30.7750527292
776.63988 15.4470356803124 0.0000000017 -29.0626499251
864.70757 19.5347191991189 0.0000000052 -29.2590244587
942.84842 21.2651997878172 0.0000000019 -29.1924383637
904.59096 7.68094156461773 0.0000000024 -1.5815075740
998.91102 21.3514110167093 0.0000000047 -29.1651863076
826.67666 15.9411548377082 0.0000000021 0.4974035242
790.53573 8.61770766977979 0.0000000029 -29.6719857837
890.65632 11.3010359829542 0.0000000032 -29.0675065516
935.76743 19.7157583960086 0.0000000047 -29.2275310524
913.74910 19.1360211597815 0.0000000047 -28.9378957575
913.74910 19.302198557412 0.0000000047 -28.9786585996
913.74910 19.0395013049888 0.0000000047 -28.9344946199
882.59833 11.2774711133797 0.0000000047 -29.1193201340
756.63480 14.9382181617438 0.0000000019 -29.3932726330
592.56632 15.263897634046 0.0000000026 -29.0337540691
794.56943 10.0512169828038 0.0000000019 -29.2207365137
902.57531 8.40777597764156 0.0000000047 -29.0502175799
1056.98927 21.7393811083369 0.0000000026 -29.0858712695
828.51740 8.78639476467082 0.0000000032 -29.0885363372
902.57531 7.8476288981191 0.0000000052 -29.3078142283
796.66610 15.453594050896 0.0000000032 -29.0552174794
886.55686 8.74647435991662 0.0000000052 -29.4663818825
796.66610 15.6209886249695 0.0000000026 -29.0586815629
449.36254 4.69384636354502 0.0000000043 -29.1016686953
972.73457 15.9008881752571 0.0000000024 -29.0965243405
886.62963 14.1753157763862 0.0000000026 -29.1061570789
864.70757 19.1255593728647 0.0000000058 -29.2984375861
788.52008 13.188931568567 0.0000000058 0.5229415382
892.79638 19.2859606993813 0.0000000058 -29.1749491827
970.87972 21.3626190675767 0.0000000058 -29.1457399306
812.54361 5.4848494774895 0.0000000063 -29.0438461545
864.70757 19.3124897141101 0.0000000063 -29.5271575088
834.71813 19.7024842141707 0.0000000070 31.1954544148
794.56943 13.8108287014337 0.0000000070 -30.0137850766
790.53813 12.8512910956349 0.0000000077 -30.2701232648
819.61093 10.7711743305582 0.0000000084 32.3067306606
792.55378 11.5036067657378 0.0000000084 0.8671689774
794.56943 9.80425172899345 0.0000000093 -29.8631683596
834.71813 19.5884635380838 0.0000000102 31.2049929444
521.42005 4.56245991383664 0.0000000102 31.1047110578
908.79130 18.9241115323477 0.0000000102 -28.5869473324
620.59762 16.7396977575606 0.0000000161 31.2280417528
760.64497 17.9993307313395 0.0000000134 31.3926869158
1024.67785 8.65224253047407 0.0000000161 31.6298356678
634.61327 17.046546987421 0.0000000147 31.5142930267
634.61327 17.2609706958659 0.0000000161 31.3256026281
838.69192 18.8158373469008 0.0000000147 31.4717268607
634.61327 17.6319395883584 0.0000000147 31.4172392434
938.78073 19.4082545818847 0.0000000134 31.5994757618
868.73887 19.5012183316609 0.0000000161 30.6726255680
1008.89537 21.1674514292546 0.0000000147 31.2905283167
1008.89537 21.3493391355033 0.0000000134 31.1308653919
838.69192 19.1221229252974 0.0000000147 31.1582665723
798.52796 10.0199104253459 0.0000000134 31.4225212460
768.55138 8.9843632360349 0.0000000147 31.3072064017
1000.92667 21.7006674697822 0.0000000122 31.0858198479
884.73378 18.2921117320691 0.0000000161 31.4109729568
645.54525 17.326768853654 0.0000000147 31.0053100165
620.59762 16.4863827907993 0.0000000147 31.6146929088
763.63876 17.9344687427686 0.0000000147 31.4955107775
808.70248 19.53252474725 0.0000000134 31.0785313060
818.56943 10.6752780889912 0.0000000112 31.8242818284
828.55966 9.00662114892922 0.0000000147 31.3156417491
888.64528 15.1423347059567 0.0000000161 31.4545481548
884.73378 17.9493702637135 0.0000000161 31.4280227708
798.52556 9.96851421522603 0.0000000134 31.4698966877
750.50443 6.90835286677073 0.0000000161 31.4901780655
1040.95797 21.0951352585558 0.0000000134 31.2937594374
872.58000 10.9374339665835 0.0000000161 31.3975191997
808.70248 19.7207297847253 0.0000000134 31.5383748915
936.76508 18.5186099282481 0.0000000134 31.4208748467
832.70248 17.6077147587415 0.0000000161 31.4663078333
798.52906 7.04077675779076 0.0000000108 -32.7156832608
942.81203 20.1232368911019 0.0000000147 31.4970691363
942.81203 19.2286735879301 0.0000000147 31.2118514792
918.81203 19.3009013520459 0.0000000161 31.0601207385
828.69231 17.2137732777944 0.0000000147 0.3813889814
780.67118 19.0957418247026 0.0000000161 31.4640017053
780.67118 18.9099025139418 0.0000000147 31.2866146118
790.69192 18.9613743988494 0.0000000134 31.2090911101
768.55488 13.0541579667641 0.0000000143 0.9908173949
598.54050 15.5084030975704 0.0000000147 31.4261962323
774.60073 16.2362152812099 0.0000000147 31.3586089387
812.54361 5.61346600504397 0.0000000147 -29.0221985562
832.70248 19.3221789584865 0.0000000134 31.4643074332
582.50920 12.5131635258936 0.0000000134 31.0723911783
926.81712 19.9961071843996 0.0000000147 31.2009751096
916.79638 18.7577446168061 0.0000000147 -29.1693506292
919.73613 19.1677797138039 0.0000000161 30.9861158802
910.74943 17.7345957013036 0.0000000161 31.3904160850
832.70248 19.1785617031494 0.0000000134 31.3266887801
582.50920 12.7753852773845 0.0000000134 31.2807399071
593.51395 14.7986388488556 0.0000000161 31.4249089466
872.57759 11.4901192517225 0.0000000161 31.3865578252
694.63440 18.598961260615 0.0000000161 31.4344402572
694.63440 18.3553007082915 0.0000000161 31.4429120809
892.60381 14.3065056849868 0.0000000161 31.0768413698
886.78582 19.9591459073843 0.0000000134 30.6554155611
664.60271 20.6638709867292 0.0000000147 31.8640115249
744.66531 20.9369401257098 0.0000000134 31.5598943030
692.61875 17.6306018998363 0.0000000147 31.4206873784
832.70248 18.9964478641512 0.0000000147 31.4062578918
730.54050 11.6714273823859 0.0000000147 31.4005041359
803.66367 7.49280608940534 0.0000000161 31.5207178319
714.50793 10.6346404336776 0.0000000165 0.6539827349
838.55926 11.9920506155625 0.0000000176 31.4172715015
927.61096 14.2420765502054 0.0000000176 31.4984519596
955.77251 20.9201143944706 0.0000000176 31.4775823242
736.49118 7.95376324806415 0.0000000176 31.4695446666
878.56943 7.3036778221345 0.0000000176 31.4013049613
808.66610 15.2926862036791 0.0000000176 31.5652349020
878.61994 8.43416308088934 0.0000000176 31.4415858517
778.53573 9.10865057062369 0.0000000176 31.1474415261
666.60310 16.3950706417439 0.0000000176 -29.4992768944
788.52248 8.630284343459 0.0000000176 31.3912567847
1040.95797 21.5668988741834 0.0000000192 31.4219142782
902.74435 17.2563816857018 0.0000000192 31.4034505721
826.71305 17.9751998039885 0.0000000192 31.5000103019
932.73378 18.7780916692925 0.0000000192 31.4961818763
832.70248 17.9104454003649 0.0000000192 31.4851868711
884.73378 18.1777721222614 0.0000000192 31.3346793170
716.52358 11.9465095907597 0.0000000191 0.7322601273
838.69192 19.2785591862241 0.0000000192 30.8933502274
908.73378 17.5335121646671 0.0000000192 31.4651315928
1106.75610 13.4691689992642 0.0000000192 31.4398694639
894.62296 11.6446721268431 0.0000000191 0.5378083441
938.81712 19.8425766580366 0.0000000192 31.5640091090
838.55926 11.5171097840673 0.0000000192 31.4714312749
778.53573 9.27395638253587 0.0000000192 32.0671599016
682.64966 21.2500256419296 0.0000000210 31.4754260622
902.74435 17.6365384225453 0.0000000210 31.2755760976
890.72322 19.6916151495635 0.0000000210 31.2884753767
906.71813 16.7899063087552 0.0000000210 31.4972707553
682.64966 21.2037438795692 0.0000000210 31.4866216431
942.81203 20.5328877850625 0.0000000210 31.4013507774
838.55926 6.29566271833174 0.0000000251 31.4599770142
808.66610 15.0654361565242 0.0000000251 31.5806863532
794.56943 9.22258334352286 0.0000000251 -29.8322256580
512.46734 6.90917724543291 0.0000000273 31.3786554895
936.76508 19.1179883382877 0.0000000273 31.3997065841
561.48883 13.1581818237378 0.0000000278 0.5011370810
831.63745 12.3309298603856 0.0000000298 31.6565852976
831.63745 12.5092239702787 0.0000000298 31.7118720790
766.53813 10.5906541623826 0.0000000298 0.4761857752
754.53813 9.88018527485945 0.0000000298 31.3785099789
800.52008 7.00529186720658 0.0000000298 31.5197748236
798.68175 16.9964989272478 0.0000000298 0.2697843147
946.71892 15.6794470700887 0.0000000325 31.5616697318
842.56943 9.99018256168592 0.0000000325 31.6294927008
838.55926 6.97461568849113 0.0000000354 31.4919243619
864.64768 14.4603596661296 0.0000000354 31.3776911374
942.81203 19.4462315033979 0.0000000354 30.9476248632
956.73251 18.2063702884559 0.0000000350 33.0784256644
906.75452 20.0215279646577 0.0000000354 31.3350876186
866.66333 16.1311032822682 0.0000000354 31.3300744735
972.80147 20.1841074795638 0.0000000354 -30.4439650126
878.81712 21.2157968899821 0.0000000386 0.5510167658
1000.92667 21.0634287715864 0.0000000420 31.6400748965
642.56672 17.8943152494222 0.0000000420 0.0000000000
838.55926 5.74322668110538 0.0000000420 31.3237431663
838.55926 5.90826679290631 0.0000000420 31.3882249641
818.56703 10.0990382757739 0.0000000420 31.7291560251
824.61638 11.9954974542944 0.0000000420 31.4863067574
838.55926 5.42834274301472 0.0000000456 31.3283663301
838.55926 5.56502084678931 0.0000000456 31.1194142351
1035.00492 22.09824741533 0.0000000456 31.9516910602
538.48299 6.64984389580239 0.0000000456 1.1753894979
890.72322 19.4435201936027 0.0000000456 30.5582540983
804.51850 11.3263225046212 0.0000000484 -1.4634642896
854.62695 11.710716483512 0.0000000496 -31.1487672270
890.72322 19.3382342296112 0.0000000539 30.6385003789
992.86407 20.3242270711278 0.0000000539 -30.0964523408
782.53415 13.6397363078019 0.0000000581 -2.1429625143
606.28375 2.14189733332432 0.0000000581 -2.7124544384
734.47663 7.85423995381365 0.0000000730 -1.9301056356
916.73887 19.4646229304789 0.0000000749 31.0870923148
748.49228 8.77720742785254 0.0000000799 0.7209858858
808.73887 19.6163037534519 0.0000000813 -32.4326461390
754.69192 18.7537397440771 0.0000000881 1.6156603547
778.53573 8.83688841170851 0.0000000881 32.0437381591
642.56672 17.3170901896051 0.0000000955 0.0000000000
794.56943 9.62792156052975 0.0000001034 -30.1442433216
678.47045 4.03781475879018 0.0000001034 0.4182523069
732.55378 13.7898606452611 0.0000001034 0.5469945579
738.50793 10.3223454629904 0.0000001095 0.4561860145
642.56672 17.5627122923697 0.0000001119 0.0000000000
754.69192 18.9316579655695 0.0000001119 1.6016161455
568.36200 3.84595053331385 0.0000001145 -0.4474702212
580.49355 11.105666543637 0.0000001211 -33.2704830963
740.52248 10.4417155448795 0.0000001211 0.5690852069
834.75452 19.8122443409182 0.0000001310 -1.4651885923
916.73887 19.687053728927 0.0000001654 30.2916376635
942.84842 20.9329945481314 0.0000001654 -30.0409478252
864.80147 20.9858952501716 0.0000001787 0.6446501744
784.66610 16.4558181851827 0.0000001787 0.2939961053
776.52358 10.597279058561 0.0000001864 0.5553011802
824.54471 12.6215207088815 0.0000001948 -1.2245833684
764.67627 18.9609767038825 0.0000002081 -3.2433978495
641.51395 15.1740289860443 0.0000002245 32.1931038896
972.85898 20.1777156725036 0.0000002245 -4.4047694186
568.36200 3.4839113258688 0.0000002321 -0.5117487785
790.53923 12.0710857916984 0.0000002321 0.4887247242
906.77565 19.1793709313384 0.0000002610 -32.4420289013
744.55378 13.1816891747472 0.0000002610 0.8564219283
810.68175 16.368849155244 0.0000002812 0.2900511649
746.56943 14.616686840722 0.0000003029 31.2170520847
800.66101 16.0513020085876 0.0000003029 -1.0776523108
872.56584 5.14933363678303 0.0000003146 0.0000000000
872.56584 4.96633835499076 0.0000003146 0.0000000000
678.56672 16.2927558222061 0.0000003261 -1.1857546208
678.56672 16.431549127195 0.0000003261 -1.1883617272
944.82768 20.8102044715988 0.0000003510 -31.0836880269
714.50683 8.93825499182348 0.0000003510 -31.8347142564
920.77017 19.6194986597358 0.0000003777 29.3851816910
781.63166 19.5054389752395 0.0000004062 -31.6589232115
661.52790 9.69447754506992 0.0000004062 -31.7072404597
662.36748 3.05994006398348 0.0000004250 -0.5093097460
810.68175 16.6437867142649 0.0000004368 0.3160886166
814.53813 12.2523247458168 0.0000004368 -31.6221013191
770.65045 15.744097481983 0.0000005045 0.2330385252
712.64497 18.7308969181232 0.0000005418 0.0000000000
712.60271 20.2896396465817 0.0000005818 0.0000000000
916.83277 21.2181831868393 0.0000005818 -29.9048230107
676.66022 18.0880555919204 0.0000005818 -1.7588874743
842.59056 6.97840730105147 0.0000005818 -29.2219783405
836.77017 20.796253076464 0.0000006245 0.8461138699
718.53813 12.6119143033882 0.0000006701 -1.6916295110
690.50683 10.2541770466429 0.0000006701 -1.4152219553
664.41951 3.30834380407739 0.0000007067 -0.6055839571
690.50683 10.254350732483 0.0000007188 -2.0237689484
690.50683 10.2633397689426 0.0000007188 -2.0228960997
828.61130 11.736746831848 0.0000007188 -29.9434173750
866.81712 20.6864549321464 0.0000007188 -1.4546795671
970.78582 20.0961155933915 0.0000007188 -30.6175813585
820.51341 5.60057732510117 0.0000008014 -32.3586286316
950.68556 15.933915867878 0.0000009467 0.0000000000
908.77017 20.2589387360271 0.0000010158 -30.3604050998
904.79638 19.6350400633875 0.0000010158 -2.9078368924
572.48847 13.085586598735 0.0000010875 0.0000000000
794.56703 13.4993131154608 0.0000010875 0.6038404908
554.34635 2.9150829282304 0.0000011643 -0.2589221931
812.69740 17.4862072751591 0.0000011639 0.2006029406
774.52906 7.87181094106 0.0000011643 -1.3557114656
768.55378 12.0939846851885 0.0000012454 0.6331346782
790.65553 16.5310349134248 0.0000012454 -3.4784611243
670.59802 18.7985306813644 0.0000012454 -0.6023708934
766.53813 11.4098198392024 0.0000012454 0.4807545733
691.66098 19.8595490829256 0.0000012642 -3.0855538490
889.58116 11.4035752748231 0.0000012642 0.3204917016
876.57601 8.19824993908171 0.0000013171 -0.8793443947
806.72322 19.2355055086854 0.0000013321 -2.1790731428
732.61367 17.526794006018 0.0000013321 1.0730944485
838.63203 13.2259585884285 0.0000014244 0.5719694159
790.53923 11.3707863287423 0.0000014296 0.7440534224
780.51740 7.52666946501343 0.0000015226 -32.7412341147
780.70866 18.8798975705685 0.0000015512 0.0000000000
608.35691 3.10659482580248 0.0000016157 0.0000000000
590.34635 2.71744863036992 0.0000016157 33.2867873382
498.26262 1.78215904919559 0.0000016157 0.0000000000
566.34635 2.07466059055652 0.0000016157 0.0000000000
886.56036 6.96652449498132 0.0000016157 28.7157815581
808.66610 17.3130593589511 0.0000016271 0.0000000000
920.86407 21.274428634414 0.0000016271 0.5933134292
872.77017 17.4569158865644 0.0000017383 0.0000000000
874.55926 7.78244762153085 0.0000018566 -1.1097512829
810.66062 18.5768638517623 0.0000018566 -28.8769870766
892.73887 19.5021780171159 0.0000021159 30.9178891905
762.50793 9.88437228359852 0.0000021449 0.4147581210
1099.03622 22.0229615972476 0.0000022578 -1.0769973360
694.59802 17.7874457901788 0.0000024086 -0.9207789238
782.63792 9.11959454265665 0.0000024195 -0.5444030670
742.53923 13.051048931761 0.0000026210 0.5414824973
890.78073 20.1930690555323 0.0000027388 0.8056623585
766.53573 10.1042840974005 0.0000027388 0.4828029300
850.78582 21.0328132545998 0.0000029192 0.5499796938
932.79130 17.8258773830643 0.0000029192 1.3640967598
972.80147 20.3421750978582 0.0000029192 -30.9036136140
739.63876 16.900312756479 0.0000031107 0.0000000000
552.29431 3.93674128282783 0.0000031977 -4.1272540209
834.75452 19.623617780153 0.0000033138 -2.8731164756
834.62296 14.2641245045085 0.0000036001 -30.2261350547
786.52906 9.54781366597177 0.0000036001 -30.8838263855
512.29940 1.8988154721447 0.0000037448 30.8238680234
624.29431 3.21329177627375 0.0000037448 0.0000000000
857.51856 6.78720399650259 0.0000037448 31.4768944041
768.55138 12.8482763736528 0.0000037576 0.3411097488
792.55488 13.6628891651468 0.0000038950 0.4409654088
848.54471 7.29505914299636 0.0000038950 0.0000000000
594.58197 16.5808252982973 0.0000039997 0.2449136208
894.62296 12.1688712332503 0.0000042128 -0.3025777440
678.56672 15.9855257875705 0.0000042563 -3.7286152557
770.56943 14.0563745517994 0.0000045281 0.4295738887
974.87463 20.3029731425367 0.0000045281 -0.5059950450
770.49666 8.7233577179488 0.0000045281 0.1709883350
832.64260 12.320496784545 0.0000045281 0.1884312401
796.73887 19.7977855137768 0.0000051208 -34.0910390175
835.66875 15.0213345601098 0.0000051208 0.4520669980
544.45717 10.6548749156376 0.0000051208 0.0000000000
610.54050 15.0388247279259 0.0000051208 0.3005810416
280.26349 3.19974283945907 0.0000054436 0.0000000000
766.53923 11.4782118136062 0.0000055329 0.4741716706
920.86407 21.3591606765783 0.0000057851 0.6150867835
822.75452 20.6626827325744 0.0000057851 0.8960486334
772.58508 15.071718443991 0.0000061466 0.6226976485
790.53923 10.8349915198868 0.0000062125 0.5217868737
882.75452 19.2639297982881 0.0000065289 0.0000000000
594.34126 2.51071489736444 0.0000067092 0.0000000000
858.58658 7.25741261056723 0.0000067092 -32.9186502213
856.57093 5.59898090401648 0.0000067092 -33.7771257682
612.33070 2.13505952074836 0.0000067092 0.0000000000
898.58149 7.76283948997714 0.0000067092 -1.0694813621
768.55378 12.8432310112672 0.0000069333 0.3716733597
904.54980 8.14853124545839 0.0000072438 -0.5766463325
904.54980 8.14853124545839 0.0000072438 -0.5766463325
779.60615 8.88831180841904 0.0000078128 0.8480305614
750.62423 18.9794039360553 0.0000078128 -3.1424167502
770.56943 13.1877330009195 0.0000078128 0.9833696703
810.75452 20.803038640365 0.0000082904 1.1122648286
936.82260 19.8146090045997 0.0000082904 0.0000000000
736.49228 7.94913734105586 0.0000087642 -0.3828071015
838.74943 19.2308373135313 0.0000087951 0.9147962699
906.84842 21.2989558922693 0.0000093282 0.6668544853
866.78073 19.4648205694529 0.0000093282 0.5560596604
864.80147 20.3671931500569 0.0000093282 28.7895011463
844.51341 9.89377038181134 0.0000094541 0.3797302808
450.26262 2.12921976162158 0.0000098182 0.0000000000
572.48847 12.7974983020348 0.0000098911 0.0000000000
860.77017 20.5551104196995 0.0000098911 0.3114203123
821.66296 19.9192597458782 0.0000098911 -29.8773186253
785.65310 13.0593623394444 0.0000098911 0.5007818534
832.58508 9.52978056734568 0.0000104856 0.2946574150
682.63440 19.037569606701 0.0000104856 -28.1703501425
866.72322 19.7874246248282 0.0000104856 -30.6732628508
669.56051 17.9790592463352 0.0000104856 0.0000000000
680.41443 3.78815629557579 0.0000105869 0.0000000000
766.53813 10.6408584802938 0.0000111130 0.4559833937
790.53813 9.86387168759099 0.0000111130 1.1036700733
747.51816 9.49434090209419 0.0000114129 0.3960836086
782.68683 19.4732445342659 0.0000117752 -29.8832215469
810.71813 18.8814848582909 0.0000124738 -31.9597103444
796.51231 6.39891832833015 0.0000124738 -31.7698425457
668.54598 7.98467547530437 0.0000132108 -2.4325230527
806.56242 5.8302685831104 0.0000132108 0.0000000000
760.64497 18.5930055205169 0.0000132108 0.7823338866
670.63440 18.5185223829866 0.0000132108 0.0000000000
860.63861 14.9034921259111 0.0000132532 -31.8500834593
834.75452 20.5419295597483 0.0000132108 0.5844064638
796.73887 20.6695718689207 0.0000132108 0.9327860994
610.33618 1.00581372339599 0.0000132532 0.0000000000
902.61279 7.52701308865099 0.0000132532 -33.8984316449
948.85898 20.3127156013115 0.0000132108 -1.5978758652
790.53813 10.1376915294494 0.0000139881 1.0058797938
970.78582 19.9160094318401 0.0000139881 -29.9954705604
1089.05187 22.2640553517993 0.0000139881 0.0000000000
844.58508 10.7854915782518 0.0000139881 0.7632419581
670.59802 17.678965354013 0.0000139881 -1.8186489653
732.61367 17.6182328647394 0.0000139881 0.9790130172
860.60937 7.69006025387614 0.0000139881 0.2346592646
794.49776 5.46257694858127 0.0000142762 -31.6362907180
884.54361 8.41095632218902 0.0000148076 0.6435370513
768.55378 11.5990952444136 0.0000148076 0.7890244640
860.54121 8.65870550996592 0.0000148076 0.7284577942
864.57491 7.16949664425744 0.0000148076 0.0000000000
866.81712 21.1917113644046 0.0000148076 0.8013268744
684.55615 14.0212976895966 0.0000156714 0.8278610499
835.53311 7.87810370052952 0.0000156714 0.5796477489
644.59762 15.2198626568904 0.0000207365 0.8305413537
974.75022 16.9362575111927 0.0000207365 0.7288386824
1036.92667 21.2203718984661 0.0000207365 0.8629714250
838.78582 21.0177456000067 0.0000165818 0.9798851013
970.71892 14.152363837516 0.0000207365 0.9578165174
552.53502 13.5982849335961 0.0000207365 0.8218436079
796.54870 6.73042125074951 0.0000207365 0.7459700860
618.58197 16.8515136611189 0.0000207365 0.8202745403
796.54870 7.97134259044364 0.0000207365 0.7530485788
891.70483 18.8863638533251 0.0000207365 0.7786886361
796.54629 7.98897680006058 0.0000207365 0.7701531945
666.53033 6.64359598509578 0.0000207365 0.7908173010
672.54090 8.20773676598412 0.0000207365 0.8519271681
690.60310 16.8133125031881 0.0000207365 0.8458827986
907.77251 26.3700618026339 0.0000207365 0.8671998927
971.70991 19.4800049739226 0.0000207365 0.8197034201
762.50443 8.7639163553579 0.0000207365 0.8654859893
812.65514 18.911232777149 0.0000207365 0.7235683153
670.64966 21.4265644864745 0.0000207365 0.6767074368
1034.91102 21.6242738234341 0.0000207365 1.0856535286
1149.88206 11.9145627667086 0.0000207365 0.8758772567
728.60350 12.3703602829537 0.0000207365 0.8147410322
716.56711 9.64189199345199 0.0000207365 0.7548627613
834.71813 18.4029145964906 0.0000207365 0.8968672094
834.71813 18.4485323971623 0.0000207365 0.8213156200
918.68762 13.7460953575189 0.0000207365 0.8545743963
742.53573 12.0805817474551 0.0000207365 0.7849573930
881.68650 17.350154695584 0.0000207365 0.7420172262
738.50683 8.6070909281738 0.0000185516 0.5141360772
762.50683 8.7867781831381 0.0000207365 0.8603291035
762.50683 8.17303562964144 0.0000196159 0.8512404367
750.50683 8.87963413499846 0.0000207365 0.8391111475
662.57180 15.4290186726661 0.0000196159 0.8700884044
900.55966 7.26078663209715 0.0000165818 0.7503192371
686.57180 15.9654149812827 0.0000207365 0.8788826259
964.83277 20.4689942462704 0.0000196159 0.8979224497
964.83277 20.746725863282 0.0000207365 1.0053338453
524.50372 11.3822844500956 0.0000207365 0.8066251854
745.62180 16.1458603866542 0.0000207365 0.8122884464
902.78073 19.570113456069 0.0000207365 0.8117081047
664.58745 16.9059194033 0.0000207365 0.6646323938
624.55615 15.2359536765845 0.0000207365 0.8463466861
692.52248 12.0416949597893 0.0000207365 0.8309263545
742.53813 12.0213414389539 0.0000207365 0.7873815529
674.64457 17.6769971067008 0.0000207365 0.8106920828
666.63949 17.0532694771335 0.0000207365 0.7947417848
956.77017 19.9634717117313 0.0000207365 0.8772295748
564.53502 13.016760221587 0.0000207365 0.8256123394
1026.94232 21.4520957667081 0.0000207365 0.8598479026
918.75452 19.1835581393877 0.0000196159 0.9297944344
692.65514 17.5342247435258 0.0000185516 -0.3232556499
628.35849 3.85206451276393 0.0000207365 0.6737564885
608.59762 17.1278515911952 0.0000207365 0.5991931126
953.75686 20.3308731897674 0.0000207365 0.7566946664
953.75686 20.4907993543649 0.0000165818 0.7861650994
600.32719 2.9382701936241302 0.0000185516 0.4992576497
568.56632 15.451306688055 0.0000207365 0.7457675984
906.60661 10.9954806200241 0.0000207365 0.9021373044
690.60310 16.9847488289727 0.0000207365 0.8724748355
660.55615 14.1730374212904 0.0000207365 0.7384726701
793.55889 8.66615893672386 0.0000207365 0.9737960891
914.58816 10.9428386356678 0.0000207365 0.7698181778
881.68650 17.4836337700889 0.0000207365 0.7980215757
744.59254 17.5258161752218 0.0000207365 0.8646825155
771.63745 16.0121158351908 0.0000207365 0.8925863258
772.58508 14.8183615857382 0.0000185516 0.5644622882
858.71813 19.3689287705758 0.0000207365 0.7586914185
885.54635 7.7713487642378 0.0000207365 0.8622757885
762.50443 8.17792824107983 0.0000196159 0.8490144156
660.55615 15.3663824574461 0.0000207365 0.8098244173
658.54050 14.1221329561315 0.0000207365 0.9516489190
682.54050 12.2558316489976 0.0000185516 0.9129687327
746.68096 21.2352965492086 0.0000207365 0.8377388846
820.54870 7.51647340501577 0.0000207365 0.7948337358
860.54121 8.2015241960463 0.0000196159 0.8123229911
792.48101 7.38003461304003 0.0000207365 0.7530250432
860.54121 8.47092903531008 0.0000207365 0.9475957204
848.54361 10.4299192267077 0.0000196159 0.9307510929
848.54361 10.047191338987 0.0000207365 0.6619047102
780.52901 7.25572502669142 0.0000207365 0.7876815031
748.54870 7.53976224564786 0.0000207365 0.6609961382
860.54361 9.05982176456638 0.0000207365 0.7035937820
860.54361 8.38474410173571 0.0000196159 0.7936377031
884.54121 8.56678313424988 0.0000165818 0.7172257198
889.57765 10.2944029330796 0.0000175411 0.8164686298
791.61366 12.3881898744884 0.0000207365 0.7374992060
860.54361 7.08624726430884 0.0000207365 0.7944101836
783.45714 2.98186299648712 0.0000207365 0.6826733053
860.61638 10.814572123533 0.0000207365 1.0154657882
860.61638 10.4766470056212 0.0000207365 0.7580149776
734.62932 18.3386039538541 0.0000165818 5.2570376185
842.62695 9.03822113025416 0.0000175411 0.5339938191
804.61130 11.6613723077388 0.0000207365 0.8331142858
838.55926 5.06340574600331 0.0000207365 0.7336741142
822.56435 7.46586625635427 0.0000207365 0.7638142031
834.52796 7.92853126333138 0.0000175411 0.7562740823
1134.78740 15.0179941635531 0.0000207365 0.8049032803
900.61130 13.3894818630432 0.0000207365 0.8496173768
800.54361 11.5977043071417 0.0000207365 0.8541577963
1134.78740 15.346940214106 0.0000207365 0.8407841422
878.58816 12.7629630372409 0.0000207365 0.8120037540
848.61638 12.4766974271809 0.0000207365 1.3800433368
826.53573 8.05664216501058 0.0000196159 0.9140702266
848.61638 11.5896624503375 0.0000207365 0.9029047961
826.53573 7.43053805823641 0.0000207365 0.9517087683
822.56435 8.43735291513157 0.0000207365 0.8537936661
818.49666 7.64414006691952 0.0000207365 0.7303495552
824.54361 10.7181607840464 0.0000207365 0.7318621639
862.63203 13.9793865361005 0.0000207365 1.3258571784
862.63203 12.2833803435442 0.0000207365 0.9605892770
862.63203 11.9512535006425 0.0000207365 0.9661815192
776.58000 9.99120757874444 0.0000207365 0.8677538357
822.56435 6.98915339023115 0.0000207365 1.0151357315
826.63203 10.8441037589627 0.0000175411 0.7045459101
742.53813 7.9032488405802 0.0000207365 0.9501153777
805.62180 11.9884327858594 0.0000207365 0.8165921672
814.50175 8.28706860620359 0.0000207365 0.8139751809
996.64655 6.94142941247537 0.0000207365 0.8732610981
816.55138 9.00539700019513 0.0000207365 0.7626075738
1108.77175 15.1342740346312 0.0000207365 0.8028576504
626.34284 3.15904989717205 0.0000207365 0.6286555480
1132.77175 13.3299254915796 0.0000207365 0.8455825176
860.61398 12.8436534231233 0.0000207365 1.0457390980
800.52248 7.25042467467313 0.0000207365 1.0913390978
805.62180 10.0358196364818 0.0000207365 0.9528113254
819.63745 13.1161312191406 0.0000207365 0.8374324348
860.61398 14.0406008432365 0.0000207365 0.8960304240
820.51231 9.20583662612468 0.0000207365 0.6742700236
770.56943 12.3151054857801 0.0000207365 0.7271545331
820.51231 8.44617022668243 0.0000207365 0.8369777968
776.52248 7.23964423955735 0.0000207365 0.7631009362
822.52796 7.86313854524781 0.0000207365 1.2047220665
1136.80305 16.5401036363083 0.0000207365 0.8504806375
748.64497 18.8205068382173 0.0000207365 0.8877434752
788.52248 10.6156606168787 0.0000207365 0.9449086847
842.66333 16.0335957915798 0.0000207365 0.9653307164
822.56194 7.2826229910224 0.0000165818 0.7351831753
1022.66220 7.16196778049472 0.0000207365 0.8315688540
820.54870 9.30071755361875 0.0000207365 0.7607704717
790.59565 10.1741571526494 0.0000207365 0.8483053104
830.56703 9.26299199256904 0.0000219163 0.8262515289
743.60615 14.7694142748399 0.0000219163 -1.6618038539
819.64731 19.2645504718872 0.0000219163 1.6497778481
819.64731 19.4473886504971 0.0000231580 0.8792257185
700.57220 10.2433176901315 0.0000231580 1.0957437503
956.79130 19.4535207201066 0.0000231580 0.6268975622
782.65045 15.1582073084874 0.0000231580 0.2753295094
852.55138 7.82364064179835 0.0000231580 0.8881293930
946.84333 20.1393152901222 0.0000231580 -1.6922510349
794.72322 20.3548455367529 0.0000244646 0.8429706355
766.53923 11.9637099189358 0.0000247341 0.6149828073
924.59714 6.44189087338189 0.0000256440 0.0000000000
898.58149 5.60587406267922 0.0000256440 -1.6339986761
728.52358 11.4838282938149 0.0000256440 0.4922421511
848.56584 4.59011008861944 0.0000256440 -30.5623285341
898.58149 6.01125290382151 0.0000256440 -33.3481238814
746.49776 8.20006651458217 0.0000256440 -3.2341035624
812.66101 15.4849345277848 0.0000258392 0.0000000000
812.54361 4.75777593475662 0.0000288055 0.0000000000
630.50920 10.3275777366483 0.0000288055 0.0000000000
624.32719 2.37772744078826 0.0000304041 0.6231390255
840.57251 6.5611544030305 0.0000304041 -2.1517729908
1075.03622 22.2272700293582 0.0000304041 -0.8273850422
840.57251 6.99006307663248 0.0000304041 -2.3013598710
882.77565 19.0902499633058 0.0000304041 -34.0140226637
1006.87972 20.9550512295005 0.0000304041 1.1406103225
840.57491 6.39393155746639 0.0000304041 -1.4254685898
810.75452 19.9849887103618 0.0000304041 0.0000000000
840.57491 6.07030481037946 0.0000304041 -1.4155805180
840.57491 7.24425473313992 0.0000304041 -1.4989415853
840.57491 6.98302179574783 0.0000304041 -1.5242819356
840.57491 6.56318676086745 0.0000304041 -1.4027866091
1071.00492 21.8021031932053 0.0000320845 -0.8251944079
910.55926 9.20945876592457 0.0000338504 0.6158812855
645.56051 18.3142285392967 0.0000338504 0.2608098331
1004.86407 20.8282943621821 0.0000338504 1.2036172045
866.72322 19.9644538148942 0.0000338504 -30.2935521535
1004.86407 20.7677610825149 0.0000338504 1.2036172045
820.73887 20.3870925868491 0.0000338504 0.5838115525
820.73887 20.4635039794541 0.0000338504 0.5838105422
916.60381 13.4903661896687 0.0000338504 0.7787921961
766.69192 19.9642690390832 0.0000338504 0.9422904260
592.49355 4.9402285411521 0.0000338504 0.9937423896
936.57601 6.96630602871089 0.0000341599 -5.2391570469
674.43915 3.99701216912249 0.0000357060 0.0000000000
752.63988 17.8127702102955 0.0000357060 -26.0041375341
848.77017 20.6807771811994 0.0000357060 0.4320409071
650.40386 3.11774402177906 0.0000366753 0.0000000000
557.45644 4.03606346915314 0.0000376552 0.8619757644
816.57491 6.54104460144424 0.0000376552 -1.4074218813
753.59050 8.67537806258626 0.0000376552 0.7354134036
622.54050 14.2298657740344 0.0000376552 0.8520769930
734.62932 18.7524257712838 0.0000376552 1.0670800650
738.66062 19.5020359915863 0.0000376552 0.9022723048
930.75452 19.5970339347887 0.0000376552 0.8633966471
755.60615 12.6154342502388 0.0000376552 0.6314770389
700.48878 7.51491353390292 0.0000376552 0.7695526912
1097.02057 21.8577031791158 0.0000397025 -0.6080867686
812.52008 12.5446320617231 0.0000397025 1.0222914945
1068.98927 21.7209722491142 0.0000397025 -1.2248319911
740.67627 19.9589682141611 0.0000397025 1.2375394861
650.57180 15.9704632345045 0.0000397025 0.8371960551
768.70757 19.8991416440939 0.0000397025 1.3056366525
980.86407 20.9952050110786 0.0000418522 1.0446208341
694.64966 20.9081246444429 0.0000418522 -30.3104298487
762.58785 18.9646196899545 0.0000418522 -0.2203098006
652.58745 16.9354448595998 0.0000418522 0.8114505533
694.64966 20.9714780654114 0.0000418522 -30.4743371215
770.57053 14.9447183623338 0.0000437554 0.3342135637
774.62423 18.3132368173869 0.0000441091 -0.7423960812
813.69426 20.5201278422302 0.0000441091 -1.1458143802
736.49228 8.51287416030218 0.0000469355 0.4864907676
664.58745 16.5915303155701 0.0000489642 0.6754462473
755.60615 9.77593965244202 0.0000489642 0.8266334917
796.58508 14.4598345498102 0.0000489642 0.5011969069
892.60731 10.2780298686904 0.0000503339 -0.3322364566
860.77017 19.5521233850854 0.0000515726 1.0954513397
858.60073 9.63352025319336 0.0000515726 0.3225096258
743.60615 10.5243643238476 0.0000515726 0.5794542499
764.52358 10.4697163186512 0.0000539648 0.3639579643
948.89537 21.406196054594 0.0000543088 0.6973532068
754.69192 20.1556688906248 0.0000543088 1.3065271924
934.80695 19.1902897071621 0.0000543088 -0.8380508850
950.81712 20.688621773897 0.0000571786 -6.3732895726
928.59096 9.0351711901142 0.0000571786 0.8010335923
968.86407 21.0233859718751 0.0000571786 0.2951766503
871.53421 8.44473902873824 0.0000598794 0.0000000000
782.68683 18.6950798691491 0.0000601878 -31.6113023614
656.58237 18.1953468075651 0.0000601878 0.4915618683
1002.84842 20.7777363196825 0.0000601878 1.1327845201
712.64497 19.4779248020852 0.0000601878 1.1031596719
866.59166 9.92024020757231 0.0000619838 -0.2766818540
718.64966 20.9885479032109 0.0000633425 0.7030466120
666.60310 17.4600631742548 0.0000633425 0.3677032875
678.39878 3.38303720394832 0.0000641581 0.0000000000
838.78582 20.3699000055068 0.0000666493 -0.6481261060
792.70757 20.0128427929347 0.0000666493 0.6379890870
764.52358 11.249843012875 0.0000664044 0.4108652119
926.74435 17.5858811997927 0.0000666493 0.0000000000
684.55615 13.7310499656203 0.0000666493 0.8288263755
916.60381 13.1587670191815 0.0000666493 0.8490452556
684.61367 18.8156612971124 0.0000666493 0.5253077312
783.63745 12.5822459095545 0.0000666493 0.7860413879
628.36200 2.740829679828 0.0000687250 -0.3367665069
686.57180 15.4507181641884 0.0000701147 0.8148653830
760.64497 19.1452866048731 0.0000701147 0.5514858063
836.67627 18.6357788846501 0.0000701147 0.9789829262
810.71813 19.0531617797204 0.0000701147 -26.2099083953
1006.87972 21.0670194722587 0.0000701147 1.3306638947
894.81203 19.8348260234993 0.0000701147 -26.0562709427
821.62658 12.2074870089472 0.0000701147 1.5095304764
826.53573 7.74611818368022 0.0000737456 1.0348899040
767.60615 12.7337436123045 0.0000737456 0.6810067558
539.43062 4.05616896686207 0.0000737456 0.8072044063
756.61367 17.6770244796814 0.0000737456 -1.1701121961
662.57180 16.0205121754695 0.0000775491 0.6805320859
862.78582 20.7958659569877 0.0000775491 0.4224564302
893.66296 18.9258016594971 0.0000775491 0.0000000000
752.52008 7.93427582991434 0.0000815328 0.5713962394
858.71813 19.1482565223238 0.0000815328 0.7025233433
1034.91102 21.1509599448459 0.0000815328 1.5923273235
610.50412 4.24553244043687 0.0000815328 0.6709051389
880.71774 19.7805826656054 0.0000857044 0.2960686311
664.38313 3.84527286284107 0.0000872509 -0.1892066303
558.47282 19.3047972289926 0.0000900719 -31.0929930781
758.62932 18.4987935386269 0.0000900719 -0.3559875917
626.57180 16.9606438751328 0.0000900719 0.8377664419
858.75452 20.2874561402326 0.0000900719 0.2723691411
666.60420 16.9236782031008 0.0000902543 -34.3217107821
1000.83277 20.5569187697393 0.0000946435 1.3714151182
688.58745 16.0393490043176 0.0000946435 0.7240141888
910.55686 9.90662773587235 0.0000946435 0.9547984564
758.62932 18.0689527429452 0.0000994280 -0.3909391081
832.73887 20.2421245068439 0.0000994280 0.4318252176
666.56672 16.7917730699918 0.0000994280 0.9904330414
750.66062 19.303631926467 0.0001044343 1.1073070326
612.55615 16.2959897737381 0.0001044343 0.3477496188
589.48025 14.6938891025669 0.0001096717 0.6868860786
778.53813 11.0364371463682 0.0001096717 0.4956769253
710.62932 18.9236599374701 0.0001096717 1.1561280426
1004.86407 21.0179301694015 0.0001096717 0.8861277521
766.53923 12.707427916444 0.0001141780 0.2315090167
814.56036 8.70784836086253 0.0001141780 0.3860837891
932.77017 20.0116510240289 0.0001151499 0.8582617312
1010.91102 21.2903281116972 0.0001151499 1.6285514538
940.60381 12.0061833729497 0.0001208788 0.0000000000
754.53813 8.19847468907275 0.0001208788 0.8417882452
940.60621 12.272387208172 0.0001208788 0.0000000000
909.54876 9.52944471960353 0.0001208788 0.9784137578
834.58658 9.37576488646634 0.0001220424 -0.2219765580
768.55488 13.6632194275774 0.0001261635 0.3297331149
662.57180 15.5908266441928 0.0001268688 0.6632243189
734.62932 18.0313215530983 0.0001331307 1.3049481597
795.63745 17.2437848228664 0.0001331307 0.0000000000
854.59166 10.8790042287516 0.0001393279 -0.2840481738
935.73345 18.2582126927483 0.0001396756 -0.5382215106
890.81712 21.012173390491 0.0001396756 0.2550225477
500.27717 1.80526225662231 0.0001465149 0.0000000000
752.52008 8.13585410742861 0.0001536608 0.3589144455
752.67627 19.7364073030962 0.0001536608 1.0500669923
638.64457 18.5261975271008 0.0001536608 0.3947538849
786.52796 8.31755657965752 0.0001611254 -4.7456657122
796.70248 18.7920251571022 0.0001611254 3.2928391343
1010.91102 21.3809305163438 0.0001611254 1.1148363109
754.65553 17.7675590795001 0.0001611254 0.0000000000
762.66062 18.9031009536148 0.0001611254 0.8627682695
951.74121 20.2440568300512 0.0001611254 0.5266069813
946.87972 21.3465143213717 0.0001689218 0.5364714005
866.72322 19.5272690278866 0.0001689218 -30.4148034231
900.59714 6.76682040608038 0.0001696311 -0.1904757595
850.58149 6.18428849202841 0.0001752484 -33.4427479438
764.67627 19.5727436936319 0.0001770630 1.0387302349
804.55378 8.34116613876049 0.0001770630 0.2447765596
734.62932 18.5910462984725 0.0001770630 4.1124057184
742.64966 20.5986169077755 0.0001855629 0.8809516226
624.55615 15.5823917350051 0.0001855629 0.7183181238
998.81712 20.324465212769 0.0001944357 0.7750230612
888.80147 20.8119473955546 0.0001944357 0.1706161044
769.62180 14.6479309917326 0.0001944357 0.0000000000
742.64966 20.6011187736777 0.0002036960 0.9033896034
536.50372 10.509208423509 0.0002036960 0.0000000000
876.55138 7.51800595058321 0.0002036960 0.0000000000
806.68683 17.5470926919131 0.0002036960 -0.1766349127
932.62226 10.990910959421 0.0002036960 0.0000000000
844.60621 7.61999523216409 0.0002036960 -30.3699327132
900.59714 6.12023959738057 0.0002269114 0.0000000000
868.60731 12.0187943927317 0.0002269114 -0.1920525834
972.73457 15.5643539966878 0.0002339571 1.0468128799
696.61367 18.4863938934817 0.0002449252 0.6342472820
696.61367 18.5094407700841 0.0002449252 0.6342472820
802.69192 19.5474843364263 0.0002449252 0.3849131624
654.56672 17.0491844284422 0.0002682863 0.7743652000
594.37655 3.63708330876173 0.0002682863 0.0000000000
752.63988 16.3912993696017 0.0002682863 -31.0583520627
926.74435 17.7968690197008 0.0002682863 0.0000000000
946.84333 20.3755432478324 0.0002936703 -0.2661261997
899.76983 19.5192648001211 0.0002936703 0.0000000000
640.58745 17.3168212821192 0.0003071693 0.3336173726
858.59833 11.798831533089 0.0003071693 -0.1442473955
910.78582 19.5903718907248 0.0003071693 0.0000000000
860.77017 20.7904013020572 0.0003358837 0.3071636207
782.68683 18.1693132593408 0.0003358837 -0.2543074148
846.75452 20.3996068946452 0.0003358837 0.3391550346
874.78582 20.6551008507198 0.0003511422 0.1994453221
812.67627 19.2339459476073 0.0003511422 0.6656143539
752.52008 8.38462031932374 0.0003670313 0.5867329251
782.72322 19.5597745781931 0.0004007952 -1.3017855356
575.46700 5.38680386869267 0.0004007952 0.7068998861
762.66062 19.2269143263533 0.0004007952 0.6938275259
836.54361 4.80313582363978 0.0004187188 0.0000000000
580.56632 15.6431414919584 0.0004187188 -0.1249999136
714.61836 20.4773139342567 0.0004187188 0.1372377107
936.80147 20.3239508673701 0.0004187188 0.7824197240
838.55926 4.81403846069614 0.0004373706 0.0000000000
798.59833 12.2436626760011 0.0004373706 0.5619016417
774.52906 6.77889265692154 0.0004385907 -31.9296663170
738.66062 18.845843684782 0.0004567771 0.0000000000
844.73887 20.1003227634172 0.0004567771 0.2945981073
995.89771 21.7376585462497 0.0004567771 -1.0934159827
926.74435 16.8933009556608 0.0004567771 0.0000000000
686.57180 14.8685647194608 0.0004979635 0.8370787639
766.50175 8.15633711614708 0.0004979635 -31.7673805901
654.56672 17.08224639763 0.0005198004 0.6579247722
615.49830 15.0490793396637 0.0005906455 1.2483994735
866.59166 10.2392818144882 0.0006125957 -0.2658430515
689.56906 18.965613712175 0.0006161442 0.0000000000
642.61836 21.2138729018903 0.0006426397 0.6930963133
819.58980 10.106011857773 0.0006426397 0.0000000000
766.53573 9.20532126393346 0.0006701667 0.2304371572
1103.06752 22.3870488232244 0.0006701667 -24.6118898960
784.58508 10.3233036038536 0.0006701667 0.1554886454
854.56943 9.30511668582244 0.0006987607 0.2477192257
884.73378 19.4554963506516 0.0006987607 0.2682483845
798.52796 7.58688371826229 0.0007284583 -30.4893422480
776.52248 7.68767677248695 0.0007284583 0.3583528595
982.68955 3.12520071322685 0.0007284583 -0.2702818742
632.52485 12.2504468890402 0.0007592971 -2.1637278729
912.80147 19.786720202544 0.0007913160 1.2576902347
886.78582 20.5689864060295 0.0008245548 0.2816685669
740.63401 20.5689674938009 0.0008245548 0.0000000000
907.70215 17.7316289680842 0.0008590546 0.0000000000
790.65553 16.0535794870784 0.0008590546 0.0000000000
880.73887 19.154743256211 0.0008948575 0.0000000000
1054.97362 21.6374852635058 0.0008948575 -0.1003471176
848.77017 18.1875551675254 0.0009320070 0.0000000000
966.84842 20.353538437359 0.0009320070 31.5528499993
776.52008 7.4031156410416 0.0009320070 0.3614878661
904.83277 21.1064113922071 0.0009320070 0.2356553375
811.66875 16.5864032197892 0.0009705477 0.2816322827
638.36748 2.87184771456332 0.0009825995 0.0000000000
864.76508 19.4686000531756 0.0010949817 0.6966621987
872.77017 20.4651812734825 0.0011857688 0.2304686527
740.52248 9.29037375530442 0.0012336652 0.5708423458
948.80147 20.0720898335975 0.0012336652 -2.5311143533
907.70215 17.2735716599763 0.0012336652 0.0000000000
854.72322 19.9405815392757 0.0012336652 0.9984286473
638.57180 16.837530747892 0.0012833015 0.3389991684
854.72322 19.7196279872418 0.0012833015 0.6978134644
766.53573 12.2186684930661 0.0012833015 0.3714918329
846.55019 4.69614526550089 0.0013858736 0.0000000000
846.55019 4.92473130045344 0.0013858736 0.0000000000
866.59056 6.64467757590123 0.0013880169 0.0000000000
617.51395 16.2934649041849 0.0013880169 0.3682422492
760.64497 18.3896311393913 0.0014432111 0.4748247156
861.54986 9.64228640547383 0.0014663448 0.1720756848
881.51856 6.846961686859 0.0014663448 0.2884405094
808.73887 19.4789433221002 0.0015003757 -0.4894237757
850.56036 7.46523297334516 0.0015511026 0.4376007406
933.71780 17.6915891918748 0.0015595721 0.0000000000
933.71780 17.4551530890066 0.0015595721 0.0000000000
932.77017 19.8525281248487 0.0016208633 0.8186604525
610.50412 4.10610576732975 0.0016208633 0.6704197199
736.49228 8.97475847568944 0.0016403517 0.2750102966
822.60073 10.8100594438517 0.0016843139 -0.1769565207
860.73378 19.7167902627459 0.0016843139 0.4916678986
847.53421 8.60069259165601 0.0017343049 0.3366761272
600.55615 16.6047355297481 0.0017499902 -1.1918896614
976.83277 20.5932494912448 0.0018179601 0.6400847990
918.62296 11.4890559076187 0.0018845422 0.1695052986
818.72322 20.0338848425105 0.0019610615 0.4674084077
788.54361 5.03673171860434 0.0019610615 -4.3227934594
814.63203 12.6613429025469 0.0019610615 0.0000000000
878.78073 19.6686886948245 0.0020363374 -3.3221376502
859.53421 7.92057324881927 0.0021034674 0.3126176578
940.83277 20.7497846482681 0.0021141963 0.5303842260
754.53573 10.1538623908481 0.0021141963 31.7303601581
818.72322 19.9347146472392 0.0021947150 0.4633945184
888.76508 20.0952089837461 0.0022779721 0.4285186082
996.80147 20.2808981984853 0.0022779721 1.2582467399
811.61995 10.3903172586242 0.0022827088 -0.1188700575
811.62223 10.3901499952463 0.0023454972 -0.1188630672
811.62223 10.3901499952463 0.0023454972 -0.1188630672
811.62223 10.3901499952463 0.0023454972 -0.1188630672
614.53542 5.02286815760841 0.0023640482 0.7244222493
828.55138 8.70478008207161 0.0024530258 0.6203075452
615.49830 14.7970414634254 0.0024530258 0.4660963723
846.52906 7.84948201325996 0.0025434712 -4.6160684218
624.62892 18.080783619151 0.0025449895 0.3238062261
692.41443 3.7976868451019 0.0025434712 0.0000000000
880.59096 9.77374469016367 0.0026400257 0.1858204473
682.59802 18.1858372139026 0.0027382228 0.4254932008
424.34214 2.23884645680796 0.0027382228 -0.1954384918
600.29431 3.49984980830846 0.0028312171 0.0000000000
846.60073 10.2250847957101 0.0029444645 0.1694592520
754.53813 7.21731266224712 0.0029444645 0.5437936063
954.77565 19.2538908230624 0.0030526964 0.0000000000
907.70215 17.5619717156372 0.0030526964 0.0000000000
842.70796 17.694879108752 0.0031644643 -34.8883113712
884.77017 19.3221372557493 0.0031644643 -0.5800318106
842.70796 17.4882012477371 0.0031644643 0.0000000000
807.57454 10.0418056473801 0.0031644643 0.1233713294
886.74943 19.8293334938339 0.0031644643 0.2794500637
540.33070 1.84850309373919 0.0032326013 0.0000000000
622.61327 17.6665487371794 0.0032798671 0.2103955245
594.37655 2.99198249115227 0.0032798671 0.0000000000
779.60615 11.941578065939 0.0032798671 0.1150466695
854.59166 10.549563876613 0.0033188489 -0.2305448888
794.57053 14.3596110292374 0.0033188489 0.3611142195
676.55107 15.1931824760204 0.0033990063 0.0000000000
996.80147 20.212933606418 0.0033990063 1.1982417159
928.76000 18.1150713059698 0.0036489105 0.0000000000
934.78582 20.2942234800067 0.0036489105 1.4621571658
762.66062 19.1494242182228 0.0037798895 0.8664042662
909.54986 8.85308910423651 0.0038818345 0.2240189414
652.55107 16.1077760555979 0.0039150331 -0.3717995777
800.61638 13.1279830128862 0.0040544541 0.5295379631
639.49830 13.3423273390183 0.0040544541 0.6399760235
912.80147 20.596400283124 0.0040544541 0.6370963724
816.70757 19.6638951849072 0.0040544541 0.4714425705
936.80147 20.5558443683721 0.0040544541 1.1099916588
788.67627 19.1019091305746 0.0041982678 0.5092717972
856.54980 13.2285364361674 0.0043039600 0.2105202766
833.51856 7.87926381918979 0.0045302636 0.2305948323
825.68440 14.7942929438249 0.0048198435 0.6257242814
640.60271 20.8730521925162 0.0048198435 0.2590334289
920.77017 20.2206750068248 0.0049874377 0.2464060209
862.78582 20.0472493350856 0.0049874377 0.5862402402
636.62892 18.1737697021783 0.0053381706 0.1379328738
605.47516 15.2824436412883 0.0053381706 0.0000000000
994.78582 19.7892142749866 0.0053381706 0.4602713803
766.53813 7.65739773700549 0.0053381706 0.6853570426
764.55646 11.1847196551103 0.0055215781 0.1271238839
876.80147 20.8894861974896 0.0057105300 0.2548197406
652.66022 18.9565300323588 0.0059051673 0.3396293325
882.62296 13.2721389221678 0.0059788794 -0.2037679361
914.81712 20.1061089271613 0.0063120770 0.4785032587
884.77017 20.2962955262457 0.0063120770 0.2227445067
968.77017 19.9537432075493 0.0067434915 2.4538548269
810.60073 11.843308732296 0.0067434915 -0.1221757881
1077.05187 22.3149972740452 0.0069687706 0.0000000000
742.53813 10.9538884115265 0.0069687706 0.5360476005
852.76508 19.5195850782149 0.0069687706 -3.1146659069
882.58658 6.95010110983653 0.0071059482 0.0000000000
860.54361 5.9976161847069 0.0072006406 0.7957683186
862.78582 20.131039248869 0.0072006406 0.5726508875
780.55378 7.62769635644574 0.0074392626 0.4045020578
859.53421 8.24101135509744 0.0076448229 0.2253158685
930.84842 21.0342588558108 0.0076848003 0.3024165924
460.36327 5.97311485141087 0.0079374206 -0.0791508536
648.62892 17.5698495820039 0.0079374206 0.1080838311
860.60223 7.88585511404219 0.0080241381 0.0000000000
806.56943 10.3150696441416 0.0081972932 0.1082843695
804.55378 8.81059673369339 0.0081972932 0.2017686725
638.57180 16.4073643619277 0.0084645911 0.2541867708
591.49590 16.2122872123923 0.0084645911 0.6152172389
996.80147 20.0499702842408 0.0087394900 1.2488172827
840.57491 5.17233813631043 0.0087394900 0.0000000000
756.55138 11.9555150360957 0.0090221688 0.2313842731
972.89537 21.2939994107217 0.0090221688 0.3635912688
778.53813 6.85727614892335 0.0093128095 0.6044584726
912.76508 19.8415631670713 0.0093128095 0.2543032488
738.50683 9.06434144561287 0.0096115971 0.1663634727
742.53813 11.1492621359779 0.0096115971 0.4925644725
808.58508 12.0302760705724 0.0099187197 0.1164044487
994.78582 19.9427527160353 0.0102343688 1.7171155352
836.77017 20.0263596233108 0.0102343688 0.7983931189
932.86407 21.2841935441372 0.0102343688 0.4677067901
773.65310 17.2781521674756 0.0105587386 0.2208661526
870.62296 12.2863974177693 0.0109274501 0.2013214923
826.56036 8.89322465729424 0.0111853828 -0.2830107635
914.81712 20.8205031467714 0.0112344341 0.3319733573
742.53813 10.460452919561 0.0112344341 0.4478187457
786.66062 18.7552834757157 0.0112344341 0.3346530093
786.66062 18.5270266098151 0.0112344341 0.4646586769
806.56703 10.7532530230852 0.0115861647 0.1918960482
854.53305 8.8617910459713 0.0115861647 0.0000000000
940.73887 19.2568685978849 0.0119474255 0.0000000000
834.60073 10.0765451541135 0.0119474255 -0.1571285638
864.57601 8.42552388797496 0.0125578583 -0.1755965436
856.58508 8.70629782001326 0.0130905102 0.1826992944
762.50793 8.91601757017107 0.0131473175 0.2763514162
820.51341 10.3338103400281 0.0137611118 0.2062565868
906.81203 19.9086914544665 0.0143271372 -5.3000831363
858.75452 20.5596565742527 0.0143271372 0.5541964548
804.55138 8.77656548044588 0.0152065346 0.1910414360
940.83277 21.0017683424938 0.0152065346 0.6066731214
591.49830 16.2051605704834 0.0156634269 0.2876524504
976.92667 21.3071020836908 0.0161321001 0.4499627069
856.58268 10.7614273483348 0.0161321001 -0.1495364090
750.66062 19.4397721180416 0.0166127976 0.4446312581
396.31084 0.98204159640549 0.0166127976 -0.0132000817
882.62296 13.7517202717092 0.0168471920 -0.1292279066
934.87972 20.9370845076923 0.0171057655 0.1905910487
882.60073 11.2291958892711 0.0171057655 0.0959489598
687.55341 17.9907817872888 0.0176112537 -0.7553998365
687.55341 17.9772641607232 0.0176112537 -0.7553998365
907.69974 17.5044412299098 0.0176112537 0.0000000000
792.57491 6.25706140767907 0.0181295151 -0.0436796381
870.75452 20.3412563136878 0.0186608059 0.2628149111
764.52248 9.05626457131515 0.0186608059 0.3032194229
606.50920 11.3664559785921 0.0192053857 0.0000000000
862.69192 18.8890142787847 0.0197635173 0.0000000000
677.64533 19.6289636219167 0.0200843120 0.0000000000
758.46138 3.8462541015738 0.0200843120 0.0000000000
886.61788 11.5219161262171 0.0205248782 0.1948870093
582.28375 2.16568011387043 0.0214313536 -0.2356795972
890.59166 8.8999990423556 0.0218975240 -0.1204537693
888.80147 20.0545330641803 0.0221369311 -0.9164817456
852.57601 9.1575747483828 0.0223724923 0.0000000000
636.35183 2.91066391919065 0.0233493598 -0.1033558057
904.76000 17.7429242930023 0.0240726443 -0.1431792740
956.79130 18.2809158884653 0.0240726443 0.0000000000
836.61398 14.570955316115 0.0240726443 0.2377942287
665.51395 14.8451470102648 0.0247490392 0.1815972316
836.73378 18.2878433172025 0.0254414962 -0.0878533326
838.56036 8.49260297716673 0.0254146483 -0.1479799307
678.61836 20.6683180146395 0.0254414962 0.0000000000
786.60073 11.535491056944 0.0261503098 0.0789254490
752.52248 8.40281504295583 0.0261503098 0.4051291234
507.44188 10.2344286229577 0.0270656363 0.0000000000
650.64457 18.6323604040323 0.0276182014 0.1045586574
535.47318 12.3276548719111 0.0282170313 0.0056575543
738.50793 9.3891293478669 0.0282170313 0.3282968812
802.53573 8.15660751544341 0.0283778841 0.5694299947
772.54870 7.78099368630519 0.0291551328 0.2284432022
896.63861 14.4323845984573 0.0294103890 -0.1405460539
766.69192 19.5151673166915 0.0299502574 -1.1777338123
634.54050 13.8233926110864 0.0307635706 0.0753592242
792.51740 8.51720523089222 0.0307635706 0.0833295928
887.56200 9.03211311526418 0.0315953880 0.1869151240
727.56599 18.2335352367007 0.0315953880 0.3162313482
726.66062 19.5659650583043 0.0315953880 0.3632072877
881.51746 7.67061403001131 0.0324460281 0.0000000000
566.55067 14.9770299074136 0.0324460281 0.1506555429
816.57601 9.98910138246181 0.0332543400 0.0935006331
974.91102 21.1054190039006 0.0333158121 0.2475031212
910.74943 19.2548489487144 0.0333158121 0.1835911840
1023.92901 21.8985576701038 0.0351141106 0.0000000000
358.29628 3.67315702398483 0.0353324336 0.1402156017
902.81712 20.9108048706781 0.0360432813 0.2090511925
940.73887 19.5700696641439 0.0369929080 0.0837825461
572.52485 15.3794694053575 0.0379633254 -3.9596925688
784.64497 18.1130067841994 0.0389548706 0.2352448723
837.54986 10.9564082702198 0.0390421505 0.0000000000
297.24352 3.67371959514229 0.0406160606 -0.0644936293
297.24352 3.67371959514229 0.0406160606 -0.0644936293
636.55615 15.2007447017287 0.0410027048 0.1490410818
369.35158 21.1707662960087 0.0420596801 0.0832888437
784.64497 18.4519098295377 0.0431391555 0.2047007550
917.72048 18.7076729355266 0.0431391555 0.8938921884
966.84842 20.8354479557231 0.0431391555 0.1917724662
784.64497 18.5061961041781 0.0431391555 0.2056268945
873.69426 20.1698019502014 0.0431391555 0.7163829461
426.35779 2.96213578956672 0.0453670039 -0.1597126363
828.55138 8.50758787087697 0.0453670039 0.3285922193
814.59675 11.1910876235275 0.0456640302 -0.3527866033
593.47757 4.55185692542188 0.0488863153 -0.1288363457
587.40822 3.02760195502158 0.0493150910 -0.0635214165
587.40822 3.02760195502158 0.0493150910 -0.0635214165
587.40822 3.02760195502158 0.0493150910 -0.0635214165
890.81712 20.3922009142705 0.0513550459 0.9438524727
958.80695 18.8135919199941 0.0513550459 -0.0124549161
970.78345 19.5917473672994 0.0513550459 0.3596172801
814.55926 4.93970511985715 0.0513550459 0.0000000000
616.36200 3.22359374491745 0.0522114636 0.0000000000
890.59166 9.44134340764166 0.0522114636 0.1155004914
887.56551 10.1732158611296 0.0522114636 0.2222543572
690.61836 20.7653896034918 0.0526272499 -0.0818999453
904.59096 9.65470530168122 0.0539251642 0.1772831954
634.54050 13.2313475527551 0.0552491545 0.1860852843
526.29282 2.29104696651524 0.0552491545 0.8358873340
810.56435 9.73288587403672 0.0565995876 -0.2641905468
900.80147 20.701114540079 0.0565995876 0.1382541003
904.59096 9.52193022737572 0.0593812566 0.1497689938
888.80147 19.8628934003178 0.0593812566 -0.1231117163
934.80695 18.7914005540053 0.0593812566 -0.0136397151
580.32561 4.70399939122124 0.0606375108 0.0000000000
786.56435 11.6864428816002 0.0608132329 0.0000000000
752.55887 13.9768290065122 0.0622731324 0.3391193641
890.57531 8.56170672772429 0.0622731324 0.0000000000
241.14453 0.751799644535705 0.0629116689 -0.1275035299
298.31044 4.60763436225434 0.0637613280 -0.0969361864
658.54050 12.8856863424462 0.0637613280 0.2322382671
866.59166 11.3918812773896 0.0652558838 -0.0451776454
940.73887 19.3919776691838 0.0652781934 0.0392534084
866.59056 8.48356825144931 0.0652781934 0.0000000000
770.56943 13.7982120308637 0.0652781934 0.2684259131
940.83277 20.1661815948031 0.0652781934 0.0665460218
1006.87972 20.4391355232986 0.0652781934 3.1650031293
838.56036 8.02647337930021 0.0664547358 -0.2021412926
312.32609 6.04525990208375 0.0668241031 0.1158059546
646.61327 16.6655881288927 0.0668241031 0.0705062504
587.40593 3.02881482781673 0.0676716708 -0.0528543388
942.75452 19.8410686516691 0.0683994325 0.3754629235
1101.05187 22.1911342757731 0.0683994325 0.0000000000
780.70757 18.8977527335424 0.0733056983 -0.1682744045
794.56943 10.9076942958864 0.0733056983 0.1239141964
870.62296 13.0522604846586 0.0740342743 -0.0831174767
883.53421 7.70091079716446 0.0740342743 0.2010107280
561.41497 4.05267503384357 0.0767305406 -0.1077699910
787.67861 20.5205245932454 0.0767305406 0.0000000000
968.77017 19.7574627327258 0.0784902923 24.2794921662
840.70757 19.2947741222214 0.0802821006 1.5226082553
870.75452 20.2184890366306 0.0821063423 0.1443006530
862.55926 6.14886646467297 0.0821063423 0.0000000000
680.63401 20.9741333105279 0.0821063423 0.1904285682
696.57728 15.8457917899866 0.0839633937 0.0000000000
794.53305 5.40879971691005 0.0839633937 2.6885982019
680.63401 21.0205391312414 0.0839633937 0.1126599298
964.83277 19.941587796613 0.0839633937 0.2141908790
892.60731 10.8208545468372 0.0852245487 0.1983109613
842.72322 19.7756649267803 0.0858536312 0.0489390301
770.56703 13.797233012235 0.0877774301 0.2122043990
668.63401 21.1877234383072 0.0877774301 0.0948121807
856.64260 13.9341442612362 0.0917272108 1.3575134043
802.53573 8.8072254871286 0.0917272108 0.4422458161
535.47318 12.6725741779396 0.0928874116 0.4486915409
870.75452 20.1676760525226 0.0937539397 0.1439698654
652.55107 15.7972972243683 0.0937539397 -0.6706822303
634.54050 13.3829831408155 0.0958157239 0.1611632160
680.58237 17.21947713271 0.0979129344 0.1268047218
984.89537 21.2837825292426 0.1000459404 0.2089065547
960.82260 18.8231641035878 0.1000459404 0.0000000000
958.87972 21.1887436128506 0.1022151100 0.3402991016
890.78073 19.4456108316391 0.1022151100 0.3250294305
896.77017 20.1628227835612 0.1022151100 0.1950754388
752.55887 14.0124081160384 0.1022151100 0.1249439679
505.42623 9.42082750728656 0.1045338786 0.0000000000
885.54986 8.41930328969624 0.1080662947 0.0796741117
480.30957 3.80069758487822 0.1080662947 -0.0843400899
808.70248 18.1216121349425 0.1112607240 -0.0091696284
912.80147 20.4616649087917 0.1136161697 0.8442752913
708.40934 2.72117811946089 0.1154141131 0.0000000000
742.53813 11.5687569218062 0.1160099479 -0.1474927990
742.53813 11.3931641140085 0.1160099479 0.2410615796
962.91102 21.1182268551194 0.1160099479 0.1661478190
818.53305 10.012809250657 0.1184424125 -0.1207376183
876.55966 7.67783157205526 0.1209139146 0.1086850122
922.84333 19.9170818205574 0.1209139146 -0.2272773140
894.75452 19.8568965973651 0.1234248025 0.2071356735
770.56943 13.7949172257704 0.1234248025 0.2138918028
890.81712 20.2140279003404 0.1234248025 0.4755437618
903.74121 26.4223197218448 0.1234248025 0.9194201845
780.55138 9.79972772539102 0.1234248025 0.0563596175
954.77565 18.8474141098594 0.1259754217 0.0000000000
734.49776 6.15760990380038 0.1271656432 -4.6395393353
790.50175 8.11831765233682 0.1285661146 -0.1386831534
816.64768 14.1567685630827 0.1311972204 0.0000000000
848.60937 8.31997001575712 0.1311972204 0.0412146508
758.53305 9.56620509239456 0.1311972204 0.0000000000
690.47045 4.05779859626465 0.1311972204 0.1894292989
808.58508 9.57275303253541 0.1338690751 -0.0330868825
876.72870 17.4887805084043 0.1365820108 0.0000000000
772.51341 6.98020684902401 0.1398278816 0.1340224252
749.62311 18.2614813650962 0.1421324369 -0.1752789118
528.30847 2.75739817509036 0.1421324369 0.0000000000
694.63550 18.5406403840492 0.1420294851 -0.1745039401
888.57251 10.3234294327613 0.1449705730 0.0771182146
988.92667 21.1107415457453 0.1507742754 0.1390463453
840.70757 19.4793375238574 0.1507742754 0.0000000000
772.58508 12.1252067023408 0.1507742754 0.1522849573
840.57601 9.74422867036594 0.1511028533 -0.0813717430
439.22550 2.19356720458965 0.1534387700 0.0000000000
794.53415 9.89714753220415 0.1558020454 -0.2014337326
840.64768 14.7822018531406 0.1567499463 0.1797812218
857.51856 7.51366050660253 0.1581928407 0.2126859121
885.54986 9.39242550148017 0.1606113155 0.1828172279
976.83277 20.7679484889391 0.1628999949 0.4448311725
830.51889 5.79259261034692 0.1655319324 0.0000000000
898.78582 20.6126099765998 0.1660411425 0.0784393572
836.61638 11.2458731168424 0.1692267524 0.0756727034
736.44064 3.63035858141885 0.1705651343 0.0000000000
1122.78740 15.8363295455154 0.1724571029 0.0043383413
898.78582 20.4625150733069 0.1724571029 0.0698899196
757.62180 10.582432341997 0.1724571029 0.0385042748
716.63401 20.8641595968282 0.1757324669 0.0760334099
920.82768 20.1359677045881 0.1790531116 0.3194746092
660.62892 16.8651646243239 0.1824192983 0.0000000000
856.60731 11.3111523877457 0.1863521373 -0.1063589642
856.73887 20.0751401044702 0.1927936345 0.0288323718
526.29392 2.86628042953785 0.1946392984 -0.0914437651
836.54121 9.66111197969298 0.1999420857 0.1186728000
816.57491 5.88522899420606 0.2035866694 0.4663235674
826.54401 7.42890087014012 0.2072784492 0.0000000000
704.63401 20.8362749700071 0.2072784492 -0.0618693774
595.49322 4.59309164913435 0.2072784492 -0.1221422545
878.78073 19.5099114299722 0.2110176347 0.4500207322
845.72288 18.8317151343534 0.2148044281 0.0000000000
808.58508 10.0363339847443 0.2148044281 -0.0537043961
854.56943 8.76940203453354 0.2148044281 -0.0979454487
920.82768 20.6273148520773 0.2148044281 0.3220222762
920.82768 20.4830579070842 0.2186390242 0.3264768734
934.74943 19.0842250857724 0.2186390242 0.1332300117
907.53311 7.80151880012668 0.2225216106 0.0000000000
944.77017 20.1130707501232 0.2225216106 0.1154388326
783.61093 11.7380588391728 0.2264523670 0.9181561404
910.80695 19.639266776861 0.2304314656 0.0000000000
839.74630 19.5302285560416 0.2304314656 24.2617827367
798.52906 8.27524659245033 0.2304924031 0.0111184719
678.67587 19.3487219475599 0.2304314656 -0.0363755922
820.58508 10.0547049703842 0.2344590706 0.0662111838
1002.94232 21.263914453612 0.2344590706 0.1494887034
998.81712 20.5375483102129 0.2385353381 0.2840380973
873.69426 19.9600399364991 0.2426604162 0.0578630097
937.74669 18.1964243961727 0.2468344446 0.1975770352
1004.95797 21.4395827699356 0.2468344446 0.1446040017
857.67533 14.8225245983435 0.2467391879 0.0169060261
828.75921 21.4075115003261 0.2468344446 -0.1548953133
842.59166 10.4629958197791 0.2500825465 0.0387025918
864.57601 9.271659570933 0.2603019864 0.0321176318
860.61398 13.3799551707263 0.2640225570 0.1624095025
920.77017 20.0271059755271 0.2640225570 -0.1165799647
806.56943 10.7447375430588 0.2729133147 0.1333887179
772.51341 5.96456573024283 0.2743721483 0.0000000000
765.60036 18.7723689624469 0.2820028022 0.9881121739
770.65045 17.6273221834902 0.2820028022 -0.2060410099
878.74435 18.7662066812243 0.2866222353 0.1380892575
758.62932 17.6912907215723 0.2866222353 0.5543487894
802.55926 10.6574420779 0.2912915305 0.0000000000
892.73887 19.9859357963146 0.2912915305 0.1772828253
764.54471 9.32333773598623 0.2964359766 0.0953034222
804.55138 9.80440119660059 0.3007798581 0.0361126782
776.54471 8.56905255440471 0.3040473797 0.1817689293
664.66022 18.8590914128475 0.3055989411 -0.0605700545
814.55926 5.68613653091241 0.3104679872 0.1641111294
892.60731 11.4788278968874 0.3157058211 -0.0346957515
451.45205 17.3397220101266 0.3157058211 -0.0252168268
848.54471 12.7158979315603 0.3196563612 0.1256788757
648.62892 17.7893797949017 0.3203559606 0.0599614474
824.58000 9.6926698481206 0.3203559606 0.0443736127
818.55528 6.92229191705089 0.3236391008 1.1103169873
888.70757 19.1638807447092 0.3253748578 -0.9532600204
840.70757 19.5456883292014 0.3253748578 0.4953874474
812.67627 18.9236297817154 0.3355623209 0.0775349486
558.50920 14.4930865314761 0.3355623209 -0.9087656693
764.52248 9.08166283994999 0.3355623209 0.0763559455
558.50920 14.6358506551898 0.3355623209 -0.9050441501
391.22550 1.95022124283357 0.3440354721 0.5281134532
882.75452 20.1657219730558 0.3459490171 0.0609645961
400.34214 2.75683372821921 0.3459490171 -0.0314278780
806.56943 8.24593676582157 0.3459490171 -0.1513250544
878.59166 10.3264429958715 0.3524189144 -0.1839233436
824.54361 8.60993483439603 0.3565344073 0.8988884548
913.58116 10.8268609934318 0.3566587111 0.0953848275
732.44573 3.9558180703373 0.3566587111 0.0470600858
974.81712 20.261442945698 0.3619013974 0.0199887120
986.91102 20.8580526666136 0.3619013974 0.0347624933
926.81712 20.8472913641354 0.3619013974 0.0470640905
800.54471 7.78684331794852 0.3652342539 0.0710065952
842.59056 6.44734556710153 0.3673177808 -0.1804463392
830.59166 11.2053244385669 0.3695699058 0.0850696319
738.50793 9.18889688125833 0.3695699058 0.2032931248
614.57180 17.3938530870431 0.3727834415 0.1007514063
834.60073 13.9094896302591 0.3782982524 -0.0435587708
944.77017 19.7557496249126 0.3782982524 0.3561623217
912.76508 17.8787071922527 0.3782982524 0.6190450577
768.51740 7.92862167289972 0.3838620754 -30.3535378673
750.54432 13.8459072743801 0.3872303988 0.0909351156
960.73457 16.4040791377762 0.3894747612 -3.4304030939
757.62180 15.5650548262963 0.3951361495 -0.9012198772
505.42623 8.56639182555465 0.4008076403 -0.0668591536
822.55019 8.15084487162761 0.4008076403 -0.0132904722
784.58268 14.0451754389781 0.4008460684 0.0418171186
822.55019 8.15084487162761 0.4008076403 -0.0132904722
868.60731 11.2473227269963 0.4100159694 -0.0721158407
900.66991 16.2834845684093 0.4100159694 0.1103692937
927.81720 20.755136055392 0.4124107562 0.0487063235
832.58268 11.1712248907127 0.4124107562 0.0828495663
781.59528 11.9242255849815 0.4124107562 0.0718639827
974.81712 20.384280103872 0.4124107562 0.0204578774
1052.70915 10.6948651490635 0.4124107562 -0.0863558860
828.57601 9.17683585111281 0.4146669087 -0.0934459995
780.55378 8.62808563887929 0.4182651254 -0.1047024735
822.60073 10.4066146224881 0.4241672264 -0.0592023640
692.63401 21.041892340345 0.4241672264 -0.1359941403
796.54980 10.1020926217767 0.4288055931 -0.1708345609
1010.91102 20.8292256386248 0.4301168310 -0.1274735043
326.34174 5.72823548083821 0.4361136998 -0.0471852172
818.72322 19.5139440914823 0.4361136998 0.0000000000
880.73887 19.9132617818535 0.4421575820 0.2589243262
882.75452 19.9974779552551 0.4482482155 0.0934408202
474.30615 1.53272052921968 0.4482482155 -0.1006361907
796.54980 8.69745924566983 0.4480865756 1.8936845217
715.58471 19.0322109278503 0.4482482155 -0.6326652802
906.62296 12.2694733747612 0.4480865756 -0.0569146182
806.59166 12.3291959793821 0.4579088122 -0.0309535753
454.29282 3.10399841091146 0.4605686303 0.0297511461
858.60073 9.39929989853473 0.4605686303 -0.0071632836
806.72322 19.9441742952686 0.4605686303 0.2526696065
827.55963 7.71119040490319 0.4628648801 -0.0614774477
827.55963 7.71119040490319 0.4628648801 -0.0614774477
827.55963 7.71119040490319 0.4628648801 -0.0614774477
344.27954 1.17961021580051 0.4667978305 0.0365084112
828.56250 7.70033268976266 0.4678507158 0.1223241136
908.79130 19.1546367349306 0.4730726192 0.0000000000
713.56906 18.0533920310098 0.4793926776 0.1164525697
840.70757 19.3775205163669 0.4921672703 0.3762008670
898.65426 14.8815554206521 0.4932208202 0.0077505779
760.58508 13.6784031410833 0.4986211099 -0.0701918512
938.81712 20.7857558021573 0.4986211099 0.0058224662
922.78582 20.3539450232585 0.4986211099 -0.0372231296
910.78582 20.5091294842484 0.4986211099 0.0706501036
796.58508 10.5598451276684 0.5051188298 -0.0162267402
854.57531 9.23324022612519 0.5051188298 -0.0730019178
790.56036 9.58067464557815 0.5087894327 0.0910061382
863.56551 11.1939219766798 0.5087894327 0.0085973284
820.51231 7.22694746136388 0.5116600546 0.8924954852
892.60731 10.577662703913 0.5140356240 0.0196404913
807.50291 7.43071866250971 0.5140356240 -0.1239998289
316.24824 0.911313870521185 0.5315408360 0.0289650993
846.62296 14.1480869236257 0.5352983319 -0.0084554824
255.23295 4.44104822206778 0.5352983319 0.1152464319
368.27954 1.11949597398012 0.5450048308 -0.0522399012
952.83277 20.458637392069 0.5450048308 -0.0236864881
279.15909 2.08814028821953 0.5450048308 0.1094882162
576.29431 3.59203282784882 0.5515312419 -0.0745035177
824.54471 7.51477064789875 0.5569954730 0.0289375868
804.51740 9.11919690134941 0.5586328921 0.3622651753
481.42514 4.04330644716952 0.5586328921 -0.6981640536
662.64457 17.870110823799 0.5655073098 0.1022678616
810.59833 14.2968601810478 0.5655073098 -0.0527229510
283.15160 0.777603382514871 0.5724213572 -0.0971456751
342.26389 1.0117714934768 0.5793745498 -0.0359326502
810.60073 10.6539352456157 0.5793745498 0.0787119276
858.62296 14.4865074634277 0.5847053433 0.0519304453
784.58508 14.2519779255557 0.5863663927 0.0285081718
666.61836 20.9163576335506 0.5863663927 0.0196832639
930.60661 9.55844054400059 0.5933963803 -0.5486264135
916.79638 19.7921841218105 0.6004639971 -0.5803351628
778.69192 17.9411885302442 0.6004639971 0.7801257058
828.56312 7.70033268976266 0.6187785872 0.0893277104
840.57601 8.68447863864778 0.6303260501 0.0607684712
794.60582 13.239657597937 0.6436297594 0.1158665253
830.55528 7.71586559912584 0.6536916306 0.0027596696
640.62384 16.8566078083224 0.6582943824 0.0080079678
979.86641 21.4848472667142 0.6582943824 0.0000000000
652.55107 16.4689038839025 0.6582943824 0.2729150828
918.75452 19.7211827315918 0.6656758094 -0.1159890169
419.25680 3.70931000022401 0.6714430115 -0.0759912928
960.89537 21.0543832240577 0.6730891668 0.0017806706
598.50412 13.7863523370105 0.6880091781 0.0000000000
502.37383 2.54547397014855 0.6955145633 -0.0380893063
912.57601 7.65674305910021 0.7014358296 0.0162544986
578.30996 4.01765601032919 0.7074924815 0.0000000000
658.40544 3.61046134045157 0.7106128570 0.0000000000
930.71686 17.9905511258975 0.7135676996 -0.0004773248
703.58471 19.034943597028 0.7182044463 0.0000000000
914.72322 19.374899610818 0.7258234377 -0.8864039890
692.63401 20.9725110038892 0.7258234377 -0.0114719047
831.50291 6.78658871939567 0.7257724367 0.0000000000
736.44064 3.69118304403745 0.7257724367 0.0000000000
908.62226 11.6883948918954 0.7334691517 0.7287650306
852.57601 9.13167035851157 0.7380472112 -0.1077847273
860.60937 7.92503841474245 0.7488379917 0.0406322405
942.75452 19.6028425657993 0.7488379917 0.0000000000
664.66022 19.0291120692078 0.7488379917 0.0287726890
668.65514 17.9540843972568 0.7565597214 0.0338380163
781.48726 7.15971061618098 0.7627952879 0.0000000000
914.59166 8.74099188690999 0.7690215134 -0.0441027020
856.58268 11.9721737527777 0.7720742560 -0.0177886518
415.22550 2.2971871782529 0.7752626707 0.0357048195
946.78582 19.8770708820694 0.7798656225 -0.0563971655
660.55615 14.7983884212096 0.7798656225 0.0239331027
814.55926 6.37993733446262 0.7798656225 0.1198248436
283.26425 5.54413522518662 0.7815183796 -0.0685401272
894.62296 11.1820495510885 0.7877882566 0.0024523849
832.58508 10.2907777895735 0.7876787521 -0.0337451251
828.57601 9.5650283442539 0.7877882566 -0.0817571892
633.50887 8.41454721275307 0.7876787521 -0.3779635702
480.30847 3.32203324393808 0.7955129095 0.0791317473
826.59675 11.3604975803528 0.8003689683 0.0167434806
766.65553 17.2361887475667 0.8033673532 0.1860904359
914.64918 13.7230281777726 0.8066790231 0.0068354151
1016.77017 19.4037236732008 0.8112413360 0.0000000000
688.60271 20.4871782455611 0.8191341050 0.0480352589
792.57601 11.5524762918147 0.8193365610 0.0465095187
474.30615 1.6451602143514 0.8191341050 -0.0377265341
778.56036 10.3678682672453 0.8256832492 -0.0104382948
944.77017 19.9101787173837 0.8270449016 -0.1090394062
832.54980 13.8466342636181 0.8320413496 0.0307553526
832.58508 8.63191998538658 0.8349729623 -0.0231446423
814.55926 5.97949093240209 0.8349729623 0.0975929849
844.60731 12.3088040433833 0.8384104588 -0.0080799196
1051.96031 22.0699268190539 0.8429175181 0.0000000000
850.55926 9.97313958271886 0.8429175181 0.0000000000
822.60073 11.6133237959531 0.8429175181 0.0429364375
314.23259 0.858734122982426 0.8429175181 0.0236873904
835.53421 9.07165114702388 0.8447901715 -0.0371966268
832.54870 11.3722044632676 0.8508777956 0.0000000000
842.59166 11.1797763754823 0.8511800801 -0.3077419967
980.86407 20.3334856839622 0.8588530166 -0.0122190394
417.24115 3.00222020015042 0.8639888451 0.0000528170
482.32412 3.95183895239711 0.8748451545 -0.0142935932
911.56551 9.50308592837286 0.8832681624 0.0549133712
478.29282 2.51055646603237 0.8828604940 0.0106654948
830.62695 9.47081111978543 0.8908876227 -0.0345275571
926.81712 20.8231705070098 0.8908876227 -0.0473901130
818.59166 11.746784880334 0.8897105815 -0.0288736997
692.61985 17.4848633218795 0.8961602919 -0.0620538740
370.29519 1.38490071583004 0.8989257426 0.0793524528
840.72870 20.1467182274454 0.8989257426 0.0000000000
834.59833 13.1038855851378 0.9069740528 0.0192639096
636.62892 17.9776998627378 0.9069740528 0.0419109077
924.80147 20.5899344752001 0.9069740528 -0.0409065113
832.60731 12.9683338889536 0.9090799003 -0.0223905984
918.75452 19.7629886366507 0.9150317491 -0.2595615339
282.27914 4.05225055027731 0.9150317491 0.0296655659
844.64370 15.9871121200936 0.9220236005 0.0222136897
828.56312 7.70033268976266 0.9285034215 0.0636913734
558.28375 2.49449716638524 0.9349879868 -0.0280786659
279.23295 3.97452791301577 0.9414768683 0.0769533810
654.61836 21.0416689520848 0.9473402218 0.0797570867
802.55926 10.3202341629118 0.9473402218 0.0000000000
642.60310 18.4937055413521 0.9473402218 -0.0204333537
536.50482 11.9927273865675 0.9609651141 -0.0184052903
281.24860 4.55722166813514 0.9739709716 0.1048000827
718.64966 20.7345479674261 0.9797339246 -0.1437188082
812.54471 7.81306659205716 0.9804767134 -0.0744777319
842.59166 10.6327775433985 0.9869837539 -0.0479447860
642.60310 18.4860728535768 0.9878395333 0.0033423390
