"m.z" "r.t" "p.value" "t.score"
884.73378 18.1777721222614 0.0000000127 0.8598295524
832.70248 17.6077147587415 0.0000000127 0.8476441777
832.70248 17.9104454003649 0.0000000127 0.8631157876
878.56943 7.3036778221345 0.0000000127 0.8460240492
808.66610 15.0654361565242 0.0000000134 0.8257356058
1106.75610 13.4691689992642 0.0000000127 0.8279964693
808.66610 15.2926862036791 0.0000000127 0.8195424819
832.70248 18.9964478641512 0.0000000127 0.8293917208
832.70248 19.1785617031494 0.0000000142 0.8445331632
832.70248 19.3221789584865 0.0000000127 0.8267592137
826.71305 17.9751998039885 0.0000000127 0.8272972462
813.69426 20.5201278422302 0.0000000120 0.0000000000
782.72322 19.5597745781931 0.0000000077 -32.2503010698
598.54050 15.5084030975704 0.0000000127 0.8386949570
730.54050 11.6714273823859 0.0000000127 0.8088164770
620.59762 16.7396977575606 0.0000000150 0.8482882355
750.50443 6.90835286677073 0.0000000127 0.8304125623
824.61638 11.9954974542944 0.0000000127 0.8166333522
942.81203 20.1232368911019 0.0000000142 0.8385174952
645.54525 17.326768853654 0.0000000158 0.8597123090
942.81203 19.4462315033979 0.0000000134 0.8287098880
942.81203 19.2286735879301 0.0000000134 0.8627131631
842.56943 9.99018256168592 0.0000000127 0.8062942358
798.52556 9.96851421522603 0.0000000127 0.8346602080
678.56672 16.2927558222061 0.0000000120 -31.6316265988
1035.00492 22.09824741533 0.0000000114 1.3698441650
780.67118 19.0957418247026 0.0000000134 0.8528174172
780.67118 18.9099025139418 0.0000000134 0.8354161545
864.64768 14.4603596661296 0.0000000134 0.8375861596
774.60073 16.2362152812099 0.0000000127 0.8284449679
760.64497 17.9993307313395 0.0000000134 0.8014114373
692.61875 17.6306018998363 0.0000000127 0.8270008805
812.66101 15.4849345277848 0.0000000158 32.3508700651
942.81203 20.5328877850625 0.0000000134 0.8326564324
788.52248 8.630284343459 0.0000000127 0.8138548624
1008.89537 21.3493391355033 0.0000000142 0.8502882852
1000.92667 21.7006674697822 0.0000000150 0.8003625484
804.51850 11.3263225046212 0.0000000143 0.0000000000
872.58000 10.9374339665835 0.0000000127 0.8392702303
838.69192 19.2785591862241 0.0000000150 0.7899303702
838.69192 19.1221229252974 0.0000000142 0.8224924834
838.69192 18.8158373469008 0.0000000142 0.8255122471
892.60381 14.3065056849868 0.0000000134 0.8500257751
866.81712 20.6864549321464 0.0000000142 0.0000000000
1024.67785 8.65224253047407 0.0000000158 0.7983548686
694.63440 18.598961260615 0.0000000134 0.8287090198
694.63440 18.3553007082915 0.0000000127 0.8316389074
734.47663 7.85423995381365 0.0000000143 0.0000000000
800.52008 7.00529186720658 0.0000000142 0.8132262480
768.55138 8.9843632360349 0.0000000127 0.8531320723
884.73378 17.9493702637135 0.0000000127 0.8456972958
682.64966 21.2037438795692 0.0000000127 0.8279209990
521.42005 4.56245991383664 0.0000000134 0.8283926934
1008.89537 21.1674514292546 0.0000000150 0.8682034284
908.73378 17.5335121646671 0.0000000127 0.8307065883
808.70248 19.7207297847253 0.0000000134 0.8922832706
606.28375 2.14189733332432 0.0000000111 0.0000000000
763.63876 17.9344687427686 0.0000000082 0.7761757277
808.70248 19.53252474725 0.0000000142 0.8614172871
678.56672 16.431549127195 0.0000000120 -31.5615315183
834.71813 19.7024842141707 0.0000000134 0.8715866439
798.52796 10.0199104253459 0.0000000127 0.8267493504
743.60615 14.7694142748399 0.0000000127 -31.2462846563
938.78073 19.4082545818847 0.0000000158 0.8121922601
884.73378 18.2921117320691 0.0000000134 0.8451459875
828.55966 9.00662114892922 0.0000000127 0.8382350584
744.66531 20.9369401257098 0.0000000127 0.8209439494
682.64966 21.2500256419296 0.0000000127 0.8321271149
782.53415 13.6397363078019 0.0000000117 0.0000000000
918.81203 19.3009013520459 0.0000000150 0.8441678212
774.52906 7.87181094106 0.0000000106 0.0000000000
838.55926 6.97461568849113 0.0000000077 0.8841800836
872.57759 11.4901192517225 0.0000000127 0.8333101779
974.87463 20.3029731425367 0.0000000069 -3.0850575553
838.55926 11.5171097840673 0.0000000127 0.8176014501
838.55926 11.9920506155625 0.0000000127 0.8359013021
955.77251 20.9201143944706 0.0000000127 0.8040668288
803.66367 7.49280608940534 0.0000000127 0.8295275689
634.61327 17.6319395883584 0.0000000127 0.8330472019
620.59762 16.4863827907993 0.0000000142 0.8306395418
512.46734 6.90917724543291 0.0000000134 0.8297126489
910.74943 17.7345957013036 0.0000000127 0.8343929221
919.73613 19.1677797138039 0.0000000134 0.8678218812
906.71813 16.7899063087552 0.0000000127 0.8396051184
582.50920 12.5131635258936 0.0000000134 0.7962466054
790.65553 16.5310349134248 0.0000000134 0.0000000000
866.66333 16.1311032822682 0.0000000150 0.8251574797
972.85898 20.1777156725036 0.0000000150 0.0000000000
926.81712 19.9961071843996 0.0000000158 0.8245703261
1040.95797 21.5668988741834 0.0000000134 0.8289583155
878.61994 8.43416308088934 0.0000000127 0.8296772027
1040.95797 21.0951352585558 0.0000000134 0.8207363132
582.50920 12.7753852773845 0.0000000127 0.8297475869
888.64528 15.1423347059567 0.0000000127 0.8345673654
831.63745 12.5092239702787 0.0000000134 0.7984839775
838.55926 6.29566271833174 0.0000000120 0.8409271044
902.74435 17.6365384225453 0.0000000077 0.8883579059
932.73378 18.7780916692925 0.0000000127 0.8366205209
904.79638 19.6350400633875 0.0000000142 0.0000000000
936.76508 19.1179883382877 0.0000000150 0.8270814309
890.72322 19.6916151495635 0.0000000150 0.8320249204
890.72322 19.4435201936027 0.0000000150 0.8158542244
946.71892 15.6794470700887 0.0000000134 0.8252006884
890.72322 19.3382342296112 0.0000000134 0.8567639596
790.69192 18.9613743988494 0.0000000158 0.7764576944
927.61096 14.2420765502054 0.0000000127 0.8324318201
736.49118 7.95376324806415 0.0000000127 0.8329044327
936.76508 18.5186099282481 0.0000000127 0.8330007682
936.82260 19.8146090045997 0.0000000127 32.3692327377
754.53813 9.88018527485945 0.0000000142 0.8530454463
634.61327 17.046546987421 0.0000000150 0.8183817681
838.55926 5.42834274301472 0.0000000077 0.8772649901
946.84333 20.1393152901222 0.0000000052 -3.2195694211
838.55926 5.56502084678931 0.0000000077 0.9353616205
634.61327 17.2609706958659 0.0000000150 0.8142182035
838.55926 5.74322668110538 0.0000000120 0.8276808945
593.51395 14.7986388488556 0.0000000127 0.8461933467
831.63745 12.3309298603856 0.0000000158 0.8208260908
902.74435 17.2563816857018 0.0000000120 0.8560653580
838.55926 5.90826679290631 0.0000000091 0.8667578673
886.78582 19.9591459073843 0.0000000167 0.8060487111
818.56703 10.0990382757739 0.0000000167 0.8509713726
1000.92667 21.0634287715864 0.0000000177 0.7732811611
668.54598 7.98467547530437 0.0000000177 -32.0499674387
818.56943 10.6752780889912 0.0000000186 0.8125790521
796.73887 19.7977855137768 0.0000000197 0.0000000000
1071.00492 21.8021031932053 0.0000000208 -30.5362959483
690.50683 10.254350732483 0.0000000208 0.0000000000
690.50683 10.2633397689426 0.0000000208 0.0000000000
694.59802 17.7874457901788 0.0000000219 -31.8881982873
1099.03622 22.0229615972476 0.0000000219 -31.4716665752
1075.03622 22.2272700293582 0.0000000219 -30.5040854747
1068.98927 21.7209722491142 0.0000000219 -31.1079870643
781.63166 19.5054389752395 0.0000000219 0.0000000000
690.50683 10.2541770466429 0.0000000219 -31.6904652598
798.52906 7.04077675779076 0.0000000224 0.0000000000
661.52790 9.69447754506992 0.0000000232 0.0000000000
834.71813 19.5884635380838 0.0000000244 0.8986190453
714.50683 8.93825499182348 0.0000000258 0.0000000000
814.53813 12.2523247458168 0.0000000258 0.0000000000
944.82768 20.8102044715988 0.0000000272 0.0000000000
906.75452 20.0215279646577 0.0000000287 0.7757937175
886.78582 19.6966578494945 0.0000000287 0.7798477667
938.81712 19.8425766580366 0.0000000303 0.8472858334
916.73887 19.4646229304789 0.0000000303 0.7886292713
862.62502 9.24482835869706 0.0000000303 0.0000000000
580.49355 11.105666543637 0.0000000320 0.0000000000
827.66367 13.4443841781333 0.0000000337 0.0000000000
806.72322 19.2355055086854 0.0000000356 0.0000000000
940.60621 12.272387208172 0.0000000356 27.5413801292
794.56943 9.80425172899345 0.0000000356 0.0000000000
992.86407 20.3242270711278 0.0000000356 0.0000000000
940.60381 12.0061833729497 0.0000000356 27.6036558201
691.66098 19.8595490829256 0.0000000367 0.0000000000
812.54361 10.7224346048556 0.0000000464 0.0000000000
812.54361 8.69583647723979 0.0000000464 0.0000000000
902.57531 7.8476288981191 0.0000000489 0.0000000000
776.63988 15.4470356803124 0.0000000489 0.0000000000
686.55655 8.93954766289255 0.0000000440 0.0000000000
880.76000 18.8551280257099 0.0000000375 1.8330402294
886.55686 8.74647435991662 0.0000000464 0.0000000000
970.84333 20.787414113719 0.0000000440 0.0000000000
828.70757 19.682232899643 0.0000000489 0.0000000000
970.87972 21.3626190675767 0.0000000375 0.0000000000
828.70757 19.5893528903648 0.0000000489 0.0000000000
886.62963 14.1753157763862 0.0000000489 0.0000000000
878.57531 8.00328355330391 0.0000000440 0.0000000000
449.36254 4.69384636354502 0.0000000464 0.0000000000
894.69463 17.26798736618 0.0000000417 0.0000000000
592.56632 15.263897634046 0.0000000489 0.0000000000
876.57601 8.19824993908171 0.0000000404 -30.4422403153
794.56943 10.0512169828038 0.0000000489 0.0000000000
828.51740 8.78639476467082 0.0000000440 0.0000000000
844.51231 8.40001784466841 0.0000000440 0.0000000000
476.27717 1.86263426161962 0.0000000489 0.0000000000
882.59833 11.2774711133797 0.0000000417 0.0000000000
972.73457 15.9008881752571 0.0000000464 0.0000000000
942.84842 21.2651997878172 0.0000000417 0.0000000000
540.49864 8.7195918250089 0.0000000464 0.0000000000
650.64457 18.2046555342791 0.0000000417 0.0000000000
790.53573 8.61770766977979 0.0000000440 0.0000000000
890.65632 11.3010359829542 0.0000000464 0.0000000000
828.61130 11.736746831848 0.0000000375 0.0000000000
950.81712 20.1666057797395 0.0000000489 0.0000000000
1056.98927 21.7393811083369 0.0000000440 0.0000000000
842.66333 16.4569772072823 0.0000000464 0.0000000000
844.51231 7.60670784244211 0.0000000464 0.0000000000
935.76743 19.7157583960086 0.0000000489 0.0000000000
914.58816 11.4549287797669 0.0000000440 0.0000000000
796.66610 15.453594050896 0.0000000489 0.0000000000
886.63203 14.1498379234974 0.0000000464 0.0000000000
794.56943 9.62792156052975 0.0000000489 0.0000000000
756.63480 14.9382181617438 0.0000000489 0.0000000000
720.66531 20.8553086450585 0.0000000440 0.0000000000
864.70757 19.1255593728647 0.0000000417 0.0000000000
904.60621 15.7121643288585 0.0000000464 0.0000000000
538.51937 12.6347754672218 0.0000000395 0.0000000000
886.55686 9.77556956966247 0.0000000489 0.0000000000
774.66062 19.10110760512 0.0000000464 0.0000000000
912.57251 10.1489104584263 0.0000000440 0.0000000000
911.56200 10.3169881981364 0.0000000464 0.0000000000
774.66062 18.9367944515235 0.0000000489 0.0000000000
798.56435 9.39019550686799 0.0000000440 0.0000000000
886.55686 9.91590302768569 0.0000000417 0.0000000000
796.66610 15.6209886249695 0.0000000464 0.0000000000
648.32719 2.17865509719125 0.0000000515 0.0000000000
902.57531 8.40777597764156 0.0000000515 0.0000000000
886.55926 8.57816991215886 0.0000000515 0.0000000000
742.53573 10.0062373355179 0.0000000515 0.0000000000
838.55686 11.6489497894507 0.0000000515 0.0000000000
764.67627 18.9609767038825 0.0000000515 0.0000000000
878.57531 8.33550877663642 0.0000000515 0.0000000000
794.56943 9.22258334352286 0.0000000515 0.0000000000
892.60621 14.269776412408 0.0000000543 0.0000000000
826.59565 6.61402762876569 0.0000000543 0.0000000000
836.54361 9.52829618383562 0.0000000572 0.0000000000
826.59565 5.41358206450525 0.0000000572 0.0000000000
892.60621 14.1193307211879 0.0000000572 0.0000000000
998.91102 21.3514110167093 0.0000000572 0.0000000000
914.58816 12.1295437681812 0.0000000603 0.0000000000
864.76508 18.5487957679309 0.0000000603 0.0000000000
502.29282 2.42363161790282 0.0000000603 0.0000000000
826.59565 6.30493958316165 0.0000000636 0.0000000000
970.87972 21.0948246984237 0.0000000706 0.0000000000
843.70723 18.4689944607603 0.0000000743 0.0000000000
778.53573 8.83688841170851 0.0000000743 0.9015713659
1002.94232 21.625995387222 0.0000000783 0.0000000000
561.48883 13.1581818237378 0.0000000794 0.2493318227
798.56435 7.74104100674684 0.0000000869 0.0000000000
836.54361 5.89059209797699 0.0000000869 0.0000000000
913.74910 19.302198557412 0.0000000915 0.0000000000
670.59802 18.7985306813644 0.0000000915 -31.9122123381
836.54361 6.69187420605594 0.0000000963 0.0000000000
864.70757 19.3124897141101 0.0000000963 0.0000000000
558.47282 19.3047972289926 0.0000000963 0.0000000000
798.56435 7.40936832634803 0.0000000963 0.0000000000
1089.05187 22.2640553517993 0.0000000963 0.0000000000
780.51740 7.52666946501343 0.0000001014 0.0000000000
862.74943 18.3761521168708 0.0000001014 0.0000000000
854.62695 11.710716483512 0.0000001014 0.0000000000
790.53813 12.8512910956349 0.0000001068 0.0000000000
800.66101 16.0513020085876 0.0000001068 -29.3820991058
796.70248 18.7920251571022 0.0000001068 0.8613572448
664.60271 20.6638709867292 0.0000001184 0.6738945433
992.77017 19.6172518313539 0.0000001311 0.0000000000
608.52485 12.9131676509597 0.0000001311 0.0000000000
538.48299 6.64984389580239 0.0000001380 0.4077534536
642.56672 17.8943152494222 0.0000001528 0.0000000000
633.50646 17.0899299089191 0.0000001608 0.0000000000
694.64966 20.9714780654114 0.0000001779 0.0000000000
916.73887 19.687053728927 0.0000001779 0.8246218460
670.59802 17.678965354013 0.0000001779 -26.3400908720
694.64966 20.9081246444429 0.0000001779 0.0000000000
754.65553 17.7675590795001 0.0000001872 0.0000000000
834.75452 19.8122443409182 0.0000002070 -29.2451046362
836.54361 5.56437474523934 0.0000002177 0.0000000000
942.84842 20.9329945481314 0.0000002177 0.0000000000
1097.02057 21.8577031791158 0.0000002661 -33.7949492882
808.73887 19.6163037534519 0.0000002939 0.0000000000
642.56672 17.3170901896051 0.0000003089 0.0000000000
972.80147 20.1841074795638 0.0000003247 0.0000000000
948.85898 20.3127156013115 0.0000003247 0.0000000000
1077.05187 22.3149972740452 0.0000003412 0.0000000000
824.54471 12.6215207088815 0.0000003525 -30.7178320758
794.56943 13.8108287014337 0.0000003585 0.0000000000
838.78582 20.3699000055068 0.0000003766 -30.7841048938
666.60310 16.3950706417439 0.0000003956 0.0000000000
868.73887 19.5012183316609 0.0000004156 0.7483327563
536.50372 10.509208423509 0.0000004585 0.0000000000
970.78582 20.0961155933915 0.0000004585 0.0000000000
908.77017 20.2589387360271 0.0000005056 0.0000000000
842.70796 17.4882012477371 0.0000005574 0.0000000000
893.72048 18.9673373341336 0.0000006142 0.0000000000
754.53573 10.1538623908481 0.0000006142 1.2518083427
886.74943 18.4161279046149 0.0000006767 0.0000000000
864.70757 19.5347191991189 0.0000006767 0.0000000000
678.56672 15.9855257875705 0.0000007102 0.0000000000
888.76508 18.2461233448749 0.0000007452 0.0000000000
642.56672 17.5627122923697 0.0000008204 0.0000000000
834.75452 19.623617780153 0.0000008204 0.0000000000
572.48847 13.085586598735 0.0000008607 1.8478774098
1054.97362 21.6374852635058 0.0000010418 -0.1317571906
746.56943 14.616686840722 0.0000010418 0.6256767052
718.53813 12.5773093985538 0.0000010925 0.4909351972
678.47045 4.03781475879018 0.0000010925 0.2478889485
946.84333 20.3755432478324 0.0000011456 -0.4042217472
572.48847 12.7974983020348 0.0000011456 1.7499388330
819.61093 10.7711743305582 0.0000011456 0.6352806860
904.59096 7.68094156461773 0.0000012592 0.0000000000
916.79638 18.7577446168061 0.0000012592 0.0000000000
932.79130 17.8258773830643 0.0000012592 0.8625316333
544.45717 10.6548749156376 0.0000012592 2.8944446802
778.53573 9.27395638253587 0.0000013201 0.7519743838
769.62180 14.6479309917326 0.0000013201 31.8663543486
736.49228 7.94913734105586 0.0000016547 -0.8291481070
972.80147 20.3421750978582 0.0000016691 0.0000000000
806.68683 17.5470926919131 0.0000018323 -0.2355714416
956.73251 18.2063702884559 0.0000018815 0.6559222337
700.48878 7.51491353390292 0.0000019195 0.8135266412
738.66062 18.845843684782 0.0000020107 0.0000000000
641.51395 15.1740289860443 0.0000020107 0.6342563350
712.64497 18.7308969181232 0.0000022057 2.0306750059
842.70796 17.694879108752 0.0000024188 0.0000000000
754.69192 18.9316579655695 0.0000024188 0.5949114450
754.69192 18.7537397440771 0.0000025327 0.5873592120
740.63401 20.5689674938009 0.0000027760 32.7698857243
888.76508 18.4553307275951 0.0000030417 0.0000000000
716.52358 11.9465095907597 0.0000031249 0.4891538363
970.78582 19.9160094318401 0.0000033316 0.0000000000
821.66296 19.9192597458782 0.0000038168 0.0000000000
666.56672 16.7917730699918 0.0000038168 0.2955466346
680.41443 3.78815629557579 0.0000045411 31.6678315861
746.49776 8.20006651458217 0.0000045411 0.0000000000
498.26262 1.78215904919559 0.0000045411 29.3836070224
790.65553 16.0535794870784 0.0000049978 0.0000000000
956.79130 19.4535207201066 0.0000049978 0.8835168053
512.29940 1.8988154721447 0.0000051371 1.4063547613
892.79638 19.2859606993813 0.0000052260 0.0000000000
881.68650 17.350154695584 0.0000052260 0.8395982016
770.56943 14.0563745517994 0.0000052260 0.6316192184
838.55926 5.06340574600331 0.0000054641 0.8364238446
822.56435 7.46586625635427 0.0000057126 0.7488994286
796.54870 6.73042125074951 0.0000057126 0.8056842214
795.63745 17.2437848228664 0.0000057126 0.0000000000
860.54361 7.08624726430884 0.0000059718 0.8273491003
612.55615 16.2959897737381 0.0000062423 0.6074920150
881.68650 17.4836337700889 0.0000062423 0.8271092613
666.53033 6.64359598509578 0.0000062423 0.8047150395
662.57180 16.0205121754695 0.0000065245 0.7111104665
842.62695 9.03822113025416 0.0000068189 0.6869240198
864.57491 7.16949664425744 0.0000074462 0.0000000000
716.52248 10.7508630510489 0.0000074462 0.4703174170
822.56194 7.2826229910224 0.0000077802 0.8068636871
745.62180 16.1458603866542 0.0000101055 0.8268337097
902.78073 19.570113456069 0.0000101055 0.8792731764
776.52248 7.23964423955735 0.0000105526 0.7208124578
820.51231 9.20583662612468 0.0000105526 0.7409905515
820.51231 8.44617022668243 0.0000105526 0.6004131317
820.54870 9.30071755361875 0.0000105526 0.7495730991
790.59565 10.1741571526494 0.0000105526 0.8513215983
1034.91102 21.6242738234341 0.0000105526 0.7743121345
820.54870 7.51647340501577 0.0000092651 0.8363519628
1149.88206 11.9145627667086 0.0000105526 0.8227417780
1026.94232 21.4520957667081 0.0000105526 0.7653105754
796.54629 7.98897680006058 0.0000105526 0.8309343478
834.71813 18.4485323971623 0.0000084917 0.8650307285
793.55889 8.66615893672386 0.0000105526 0.6797822403
891.70483 18.8863638533251 0.0000088704 0.8440308336
950.68556 15.933915867878 0.0000083586 0.0000000000
744.59254 17.5258161752218 0.0000105526 0.8450073224
742.53813 12.0213414389539 0.0000096766 0.8635575872
716.56711 9.64189199345199 0.0000105526 0.5880199245
672.54090 8.20773676598412 0.0000105526 0.8064614331
660.55615 14.1730374212904 0.0000092651 0.7043872684
878.58816 12.7629630372409 0.0000105526 0.7825292125
800.54361 11.5977043071417 0.0000105526 0.7525229783
624.55615 15.2359536765845 0.0000105526 0.8160463849
610.50412 4.10610576732975 0.0000096766 0.7797843486
624.55615 15.5823917350051 0.0000105526 0.7148119034
568.56632 15.451306688055 0.0000105526 0.8282701637
814.50175 8.28706860620359 0.0000105526 0.7384480195
618.58197 16.8515136611189 0.0000105526 0.8345261433
848.61638 11.5896624503375 0.0000105526 0.8498281706
822.56435 8.43735291513157 0.0000105526 0.7971326486
644.59762 15.2198626568904 0.0000105526 0.7997513061
674.64457 17.6769971067008 0.0000105526 0.7851009298
822.56435 6.98915339023115 0.0000084917 0.7274185869
666.63949 17.0532694771335 0.0000105526 0.7965418727
564.53502 13.016760221587 0.0000105526 0.8055704279
524.50372 11.3822844500956 0.0000105526 0.7748250828
792.48101 7.38003461304003 0.0000105526 0.7640877219
848.54361 10.047191338987 0.0000105526 0.7874803024
748.54870 7.53976224564786 0.0000084917 0.8016572926
860.54361 9.05982176456638 0.0000101055 0.7968847649
860.54361 8.38474410173571 0.0000105526 0.8615431007
552.53502 13.5982849335961 0.0000105526 0.7952239590
660.55615 15.3663824574461 0.0000096766 0.7307514953
852.76508 19.5195850782149 0.0000088704 0.0000000000
754.53813 8.19847468907275 0.0000096766 0.7527373496
753.59050 8.67537806258626 0.0000101055 0.7794659122
690.60310 16.8133125031881 0.0000105526 0.8338031702
686.57180 15.9654149812827 0.0000105526 0.7964046422
889.57765 10.2944029330796 0.0000101055 0.6830335741
862.63203 11.9512535006425 0.0000105526 0.5737959914
860.54121 8.2015241960463 0.0000105526 0.7803178250
762.50683 8.7867781831381 0.0000105526 0.7847743579
1132.77175 13.3299254915796 0.0000105526 0.7814197464
1022.66220 7.16196778049472 0.0000105526 0.7677021312
776.58000 9.99120757874444 0.0000105526 0.8339724203
742.53573 12.0805817474551 0.0000096766 0.8820228041
996.64655 6.94142941247537 0.0000105526 0.7751627977
1136.80305 16.5401036363083 0.0000105526 0.8039415408
824.54361 10.7181607840464 0.0000101055 0.7211557861
1134.78740 15.346940214106 0.0000105526 0.8040109537
626.57180 16.9606438751328 0.0000105526 0.7980953451
1134.78740 15.0179941635531 0.0000105526 0.7816429044
552.29431 3.93674128282783 0.0000102072 0.0000000000
690.60310 16.9847488289727 0.0000105526 0.8079458243
652.58745 16.9354448595998 0.0000105526 0.7825056916
906.60661 10.9954806200241 0.0000105526 0.8395087663
746.68096 21.2352965492086 0.0000105526 0.8266714477
885.54635 7.7713487642378 0.0000105526 0.8151859639
860.54121 8.65870550996592 0.0000101055 0.7543809517
622.54050 14.2298657740344 0.0000105526 0.8107911876
650.57180 15.9704632345045 0.0000105526 0.7901415019
1108.77175 15.1342740346312 0.0000105526 0.7658060187
592.49355 4.9402285411521 0.0000101055 0.8684872488
692.52248 12.0416949597893 0.0000105526 0.8322548746
818.49666 7.64414006691952 0.0000105526 0.7679845989
826.53573 8.05664216501058 0.0000101055 0.7761524552
796.54870 7.97134259044364 0.0000105526 0.8080118430
780.52901 7.25572502669142 0.0000105526 0.7792926367
914.58816 10.9428386356678 0.0000105526 0.7431017350
918.68762 13.7460953575189 0.0000105526 0.7993356584
624.32719 2.37772744078826 0.0000105526 0.7991593575
770.56943 13.1877330009195 0.0000105526 0.6785852932
770.56943 12.3151054857801 0.0000105526 0.7490332566
626.34284 3.15904989717205 0.0000105526 0.8301503031
786.52796 8.31755657965752 0.0000092651 -32.8588791110
826.63203 10.8441037589627 0.0000105526 0.6913190269
871.53421 8.44473902873824 0.0000098088 0.0000000000
860.61398 14.0406008432365 0.0000105526 0.7751552739
816.55138 9.00539700019513 0.0000105526 0.8045015025
860.61398 12.8436534231233 0.0000105526 0.7973544976
783.63745 12.5822459095545 0.0000084917 0.6508025492
830.56703 9.26299199256904 0.0000105526 0.8014395112
819.63745 13.1161312191406 0.0000105526 0.5149355307
688.58745 16.0393490043176 0.0000081285 0.7403995928
916.60381 13.1587670191815 0.0000101055 0.4029356940
783.45714 2.98186299648712 0.0000105526 0.8693901644
762.50443 8.7639163553579 0.0000105526 0.7864808879
970.71892 14.152363837516 0.0000105526 0.7002915748
805.62180 11.9884327858594 0.0000105526 0.4718012687
804.61130 11.6613723077388 0.0000105526 0.9014276985
805.62180 10.0358196364818 0.0000096766 0.7787193890
856.57093 5.59898090401648 0.0000106211 0.0000000000
834.62296 14.2641245045085 0.0000106211 0.0000000000
860.61638 10.814572123533 0.0000110185 0.7383350641
907.77251 26.3700618026339 0.0000110185 0.8278623221
900.61130 13.3894818630432 0.0000110185 0.7659989848
557.45644 4.03606346915314 0.0000110185 0.8029798404
740.52248 10.4417155448795 0.0000115040 0.4000284312
902.61279 7.52701308865099 0.0000114974 0.0000000000
728.60350 12.3703602829537 0.0000115040 0.6623633304
860.61638 10.4766470056212 0.0000120098 0.7436238294
916.60381 13.4903661896687 0.0000120098 0.7395568926
762.50683 8.17303562964144 0.0000120098 0.7556844457
771.63745 16.0121158351908 0.0000120098 0.6803871778
842.66333 16.0335957915798 0.0000125369 0.6819198813
834.71813 18.4029145964906 0.0000125369 0.8314534713
762.50443 8.17792824107983 0.0000125369 0.7772881358
850.58149 6.18428849202841 0.0000129425 0.0000000000
692.65514 17.5342247435258 0.0000136580 -0.4597246273
848.54361 10.4299192267077 0.0000142538 0.5933695093
910.55926 9.20945876592457 0.0000142538 0.5923657352
716.52248 10.5192519460083 0.0000142538 0.4446572553
788.52248 10.6156606168787 0.0000148743 0.8731003269
791.61366 12.3881898744884 0.0000155205 0.8117158882
794.49776 5.46257694858127 0.0000157432 0.0000000000
658.54050 14.1221329561315 0.0000161935 0.6057869799
974.75022 16.9362575111927 0.0000161935 0.6156176463
966.84842 20.353538437359 0.0000168942 0.9572672778
860.54121 8.47092903531008 0.0000168942 0.7242190486
662.57180 15.4290186726661 0.0000168942 0.7065509485
718.64966 20.9885479032109 0.0000168942 0.5957287971
750.50683 8.87963413499846 0.0000168942 0.7347114122
686.57180 14.8685647194608 0.0000176237 0.5610908104
628.35849 3.85206451276393 0.0000176237 0.7419752789
906.81203 19.9086914544665 0.0000183832 0.0000000000
645.56051 18.3142285392967 0.0000183832 0.4200294367
900.55966 7.26078663209715 0.0000191738 0.6071252283
840.57491 7.24425473313992 0.0000191738 0.0000000000
768.55378 12.0939846851885 0.0000191738 0.4889007148
712.60271 20.2896396465817 0.0000208532 1.6512223024
676.66022 18.0880555919204 0.0000208532 0.0000000000
682.63440 19.037569606701 0.0000217445 0.0000000000
782.68683 18.6950798691491 0.0000217445 0.0000000000
995.89771 21.7376585462497 0.0000217445 -29.2505006576
819.58980 10.106011857773 0.0000217445 0.0000000000
826.53573 7.43053805823641 0.0000226721 0.7844526832
748.64497 18.8205068382173 0.0000226721 0.7269434255
862.63203 12.2833803435442 0.0000226721 0.6792069027
782.68683 19.4732445342659 0.0000226721 0.0000000000
852.55138 7.82364064179835 0.0000226721 0.7912333680
860.63861 14.9034921259111 0.0000231703 0.0000000000
714.50793 10.6346404336776 0.0000231703 0.4872068978
834.52796 7.92853126333138 0.0000236372 0.8613655013
755.60615 12.6154342502388 0.0000236372 0.7467583137
953.75686 20.4907993543649 0.0000236372 0.7059716494
684.55615 13.7310499656203 0.0000236372 0.7205778551
600.32719 2.9382701936241302 0.0000236372 0.7265291921
884.54361 8.41095632218902 0.0000236372 0.7197723317
898.58149 6.01125290382151 0.0000240738 0.0000000000
858.58658 7.25741261056723 0.0000240738 0.0000000000
664.58745 16.9059194033 0.0000246413 0.7119206218
884.54121 8.56678313424988 0.0000246413 0.7670929561
971.70991 19.4800049739226 0.0000256859 0.8382851600
812.65514 18.911232777149 0.0000256859 0.7192582719
898.58149 7.76283948997714 0.0000259825 -29.1188058961
812.52008 12.5446320617231 0.0000267726 0.7347387824
662.57180 15.5908266441928 0.0000267726 0.6144762376
880.73887 19.154743256211 0.0000279029 0.0000000000
826.53573 7.74611818368022 0.0000290784 0.7349997840
956.77017 19.9634717117313 0.0000290784 0.7929519388
779.60615 8.88831180841904 0.0000303009 0.5375956370
858.71813 19.3689287705758 0.0000328941 0.3682700286
615.49830 14.7970414634254 0.0000342684 0.5559587912
610.54050 15.0388247279259 0.0000342684 0.3451623044
860.60937 7.92503841474245 0.0000342684 -0.7521234752
810.66062 18.5768638517623 0.0000356971 0.0000000000
886.56036 6.96652449498132 0.0000378890 1.0063950415
566.34635 2.07466059055652 0.0000378890 2.5505228694
670.64966 21.4265644864745 0.0000387260 0.7998925817
608.59762 17.1278515911952 0.0000387260 0.5329424573
738.50793 10.3223454629904 0.0000408235 0.3816955807
898.58149 5.60587406267922 0.0000408235 0.0000000000
882.58658 6.95010110983653 0.0000423704 0.0000000000
752.52008 7.93427582991434 0.0000437304 0.5788932431
575.46700 5.38680386869267 0.0000437304 0.6390807788
539.43062 4.05616896686207 0.0000437304 0.5556090418
840.57491 6.07030481037946 0.0000455307 0.0000000000
396.31084 0.98204159640549 0.0000455307 -0.0426862631
796.51231 6.39891832833015 0.0000455307 0.0000000000
920.77017 19.6194986597358 0.0000455307 0.8546645565
866.72322 19.9644538148942 0.0000455307 0.0000000000
872.56584 5.14933363678303 0.0000473517 0.0000000000
840.57491 6.39393155746639 0.0000474012 0.0000000000
836.54121 9.66111197969298 0.0000493443 0.3931348228
953.75686 20.3308731897674 0.0000513628 0.5800262406
850.78582 21.0328132545998 0.0000513628 0.2564710514
605.47516 15.2824436412883 0.0000534594 0.0000000000
664.41951 3.30834380407739 0.0000569083 -31.0056891886
756.55138 11.9555150360957 0.0000578982 0.4065244983
810.71813 18.8814848582909 0.0000602464 0.0000000000
686.57180 15.4507181641884 0.0000602464 0.5447775595
1036.92667 21.2203718984661 0.0000602464 0.8337807435
798.52796 7.58688371826229 0.0000626845 0.0000000000
932.62226 10.990910959421 0.0000626845 30.0719944333
612.33070 2.13505952074836 0.0000634909 2.1009150938
610.33618 1.00581372339599 0.0000634909 2.3057268727
862.63203 13.9793865361005 0.0000652159 0.6390446633
882.77565 19.0902499633058 0.0000652159 0.0000000000
594.34126 2.51071489736444 0.0000658408 5.9109625708
930.75452 19.5970339347887 0.0000678438 0.8470259392
778.53813 6.85727614892335 0.0000678438 0.6978548515
762.58785 18.9646196899545 0.0000678438 -0.3394350886
742.53923 13.051048931761 0.0000707898 0.3988994503
878.59166 10.3264429958715 0.0000707898 -0.3340353364
666.61836 20.9163576335506 0.0000705717 -0.2330679972
835.53311 7.87810370052952 0.0000705717 0.4900665348
796.58508 14.4598345498102 0.0000705717 0.3743497055
913.74910 19.0395013049888 0.0000734032 0.0000000000
642.61836 21.2138729018903 0.0000734032 0.6002356558
913.74910 19.1360211597815 0.0000734032 0.0000000000
884.77017 19.3221372557493 0.0000763418 -30.4738325885
860.54361 5.9976161847069 0.0000763418 0.3723018159
840.57491 6.98302179574783 0.0000793915 0.0000000000
848.61638 12.4766974271809 0.0000793915 0.6624537288
526.29282 2.29104696651524 0.0000858396 0.4938616497
610.50412 4.24553244043687 0.0000858396 0.6964057218
714.60310 16.4127143615306 0.0000858396 0.0000000000
624.29431 3.21329177627375 0.0000878337 2.3129335320
848.77017 20.6807771811994 0.0000892463 0.1936138733
589.48025 14.6938891025669 0.0000892463 0.5009019566
758.62932 18.4987935386269 0.0000892463 0.0000000000
632.52485 12.2504468890402 0.0000927804 0.0000000000
678.39878 3.38303720394832 0.0000943291 0.4401789389
836.67627 18.6357788846501 0.0000964464 0.8020920352
866.72322 19.7874246248282 0.0001002489 0.0000000000
878.78073 19.6686886948245 0.0001002489 0.0000000000
640.60271 20.8730521925162 0.0001041925 0.4729691702
940.83277 21.0017683424938 0.0001082823 0.6212633656
872.77017 17.4569158865644 0.0001082823 26.9095885682
758.62932 18.0689527429452 0.0001082823 0.0000000000
932.77017 19.8525281248487 0.0001125232 0.7659352561
820.51341 5.60057732510117 0.0001126087 0.0000000000
844.58508 10.7854915782518 0.0001125232 0.4834986288
590.34635 2.71744863036992 0.0001166448 1.4570703618
872.56584 4.96633835499076 0.0001166448 0.0000000000
876.55138 7.51800595058321 0.0001214793 0.0000000000
840.57251 6.99006307663248 0.0001214793 0.0000000000
766.53923 11.4782118136062 0.0001341939 0.3011164532
836.73378 18.2878433172025 0.0001361824 -0.1408956568
910.78582 19.5903718907248 0.0001468989 0.0000000000
617.51395 16.2934649041849 0.0001525503 0.3772951875
778.53573 9.10865057062369 0.0001525503 0.8760390378
794.57053 14.3596110292374 0.0001542095 0.4815525112
358.29628 3.67315702398483 0.0001596354 0.1381345018
608.35691 3.10659482580248 0.0001596354 1.8803020721
766.53573 10.1042840974005 0.0001644726 0.3098066647
802.53573 8.15660751544341 0.0001644726 0.3384410938
819.64731 19.4473886504971 0.0001772675 0.6214717557
665.51395 14.8451470102648 0.0001772675 0.4309793454
950.81712 20.688621773897 0.0001840105 0.0000000000
750.62423 18.9794039360553 0.0001840105 0.0000000000
780.70757 18.8977527335424 0.0001909941 0.0000000000
820.58508 10.0547049703842 0.0001909941 -0.3261683125
910.55686 9.90662773587235 0.0001909941 0.6058264554
280.26349 3.19974283945907 0.0001982262 1.7506780447
1101.05187 22.1911342757731 0.0001982262 -0.3578095746
854.53305 8.8617910459713 0.0001982262 4.1343321335
907.70215 17.7316289680842 0.0002057151 0.0000000000
822.52796 7.86313854524781 0.0002057151 0.4328987819
856.58508 8.70629782001326 0.0002214968 0.4126583336
764.52248 11.4149055732965 0.0002214968 0.2959809125
594.37655 3.63708330876173 0.0002298074 2.0051367569
874.55926 7.78244762153085 0.0002384099 0.0000000000
812.54361 5.4848494774895 0.0002384099 0.0000000000
790.53923 11.3707863287423 0.0002404168 0.3058735043
916.83277 21.2181831868393 0.0002473139 0.0000000000
580.56632 15.6431414919584 0.0002565291 -0.1757194830
816.57491 5.88522899420606 0.0002565291 0.3683543834
846.75452 20.3996068946452 0.0002565291 0.1822836781
677.64533 19.6289636219167 0.0002659116 0.0000000000
752.63988 16.3912993696017 0.0002660655 0.0000000000
792.55378 11.5036067657378 0.0002660655 0.3988249039
558.50920 14.4930865314761 0.0002660655 -27.4601827472
856.58268 10.7614273483348 0.0002660655 -0.2631958765
558.50920 14.6358506551898 0.0002660655 -27.4607183948
906.77565 19.1793709313384 0.0002759335 0.0000000000
907.70215 17.2735716599763 0.0002759335 0.0000000000
908.79130 18.9241115323477 0.0002861437 0.0000000000
756.61367 17.6770244796814 0.0002967070 0.0000000000
766.53573 12.6762752449308 0.0002967070 0.2525374353
782.68683 18.1693132593408 0.0002967070 0.0000000000
594.37655 2.99198249115227 0.0003076347 0.0000000000
857.51856 6.78720399650259 0.0003141104 0.9940530732
744.55378 13.1816891747472 0.0003189384 0.4590724927
808.73887 19.4789433221002 0.0003306300 -3.3317828714
786.52906 9.54781366597177 0.0003468358 0.0000000000
922.84333 19.9170818205574 0.0003552261 0.0000000000
652.55107 15.7972972243683 0.0003552261 0.0000000000
614.53542 5.02286815760841 0.0003681562 0.3648461567
840.57491 6.56318676086745 0.0003681562 0.0000000000
858.71813 19.1482565223238 0.0003681562 0.7709734721
740.52248 9.29037375530442 0.0003681562 0.5447883770
281.24860 4.55722166813514 0.0003703959 0.6797923508
690.61836 20.7653896034918 0.0003815253 -0.1353304497
767.60615 12.7337436123045 0.0003815253 0.6182139616
764.52358 11.249843012875 0.0003827293 0.3422862731
766.53923 12.707427916444 0.0003827293 0.2000473431
591.49590 16.2122872123923 0.0003953470 0.3792973158
598.50412 13.7863523370105 0.0003953470 0.0000000000
606.50920 11.3664559785921 0.0004096356 1.2256070188
674.43915 3.99701216912249 0.0004096356 0.0000000000
904.76000 17.7429242930023 0.0004244053 0.0000000000
670.63440 18.5185223829866 0.0004244053 0.9678447589
591.49830 16.2051605704834 0.0004396711 0.3477915074
806.56242 5.8302685831104 0.0004396711 0.9577183386
566.55067 14.9770299074136 0.0004554482 0.2180871962
770.49666 8.7233577179488 0.0004554482 0.1575293106
828.55138 8.70478008207161 0.0004554482 0.6028002930
780.70866 18.8798975705685 0.0004651646 1.7882858554
652.55107 16.1077760555979 0.0004717524 -2.0566666570
727.56599 18.2335352367007 0.0004717524 0.3933517469
766.53813 7.65739773700549 0.0004717524 0.5313007561
918.62296 11.4890559076187 0.0004804182 -0.2335179184
848.54471 7.29505914299636 0.0004804182 0.0000000000
882.75452 19.2639297982881 0.0004885998 0.0000000000
752.52008 8.38462031932374 0.0004885998 0.4806133112
812.54361 5.61346600504397 0.0005239908 0.0000000000
860.60223 7.88585511404219 0.0005290247 0.0000000000
836.54361 4.80313582363978 0.0005425690 0.0000000000
964.83277 20.746725863282 0.0005617593 0.5963489645
800.52248 7.25042467467313 0.0005617593 0.5379582115
622.61327 17.6665487371794 0.0005815802 0.1754923212
768.55488 13.0541579667641 0.0006009797 0.2061940255
936.57601 6.96630602871089 0.0006009797 0.0000000000
764.52358 10.4697163186512 0.0006009797 0.2151958363
774.62423 18.3132368173869 0.0006020507 0.0000000000
982.68955 3.12520071322685 0.0006231901 0.0000000000
808.66610 17.3130593589511 0.0006231901 0.0000000000
682.54050 12.2558316489976 0.0006450185 0.6564180888
909.54876 9.52944471960353 0.0006675563 0.2818335754
956.79130 18.2809158884653 0.0006675563 0.0000000000
594.58197 16.5808252982973 0.0006675563 0.1528890535
1004.86407 21.0179301694015 0.0006908244 0.6906636229
774.52906 6.77889265692154 0.0007037327 0.0000000000
907.70215 17.5619717156372 0.0007396387 0.0000000000
814.63203 12.6613429025469 0.0007652296 0.0000000000
742.53813 7.9032488405802 0.0007652296 0.6238329404
790.56036 9.58067464557815 0.0007729886 0.3411645886
766.53923 11.9637099189358 0.0007974455 0.3880722495
736.49228 8.51287416030218 0.0008226190 0.3398251274
844.60621 7.61999523216409 0.0008470190 0.0000000000
669.56051 17.9790592463352 0.0008760360 0.0000000000
714.61836 20.4773139342567 0.0008760360 -0.1351718412
738.50683 8.6070909281738 0.0009059723 0.1835538575
766.53813 11.4098198392024 0.0009059723 0.3083166437
687.55341 17.9907817872888 0.0009368543 -0.5410387324
687.55341 17.9772641607232 0.0009368543 -0.5410387324
1103.06752 22.3870488232244 0.0009368543 0.0000000000
810.71813 19.0531617797204 0.0009687092 0.0000000000
848.77017 18.1875551675254 0.0009687092 0.0000000000
894.81203 19.8348260234993 0.0009687092 0.0000000000
752.63988 17.8127702102955 0.0009687092 0.0000000000
279.23295 3.97452791301577 0.0009898059 0.6238867585
600.29431 3.49984980830846 0.0009898059 0.0000000000
450.26262 2.12921976162158 0.0009898059 0.0000000000
878.81712 21.2157968899821 0.0010354490 0.2511739487
899.76983 19.5192648001211 0.0010354490 0.0000000000
951.74121 20.2440568300512 0.0010354490 0.3670742942
684.55615 14.0212976895966 0.0010703916 0.4495461979
718.53813 12.6119143033882 0.0010703916 0.0000000000
866.72322 19.5272690278866 0.0011064223 0.0000000000
766.53813 10.5906541623826 0.0011064223 0.2767493148
624.62892 18.080783619151 0.0011064223 0.1845205959
840.57251 6.5611544030305 0.0011435717 0.0000000000
766.53813 10.6408584802938 0.0011435717 0.3264852506
600.55615 16.6047355297481 0.0011435717 0.0000000000
638.57180 16.4073643619277 0.0012213526 0.3384917142
734.62932 18.0313215530983 0.0012213526 0.4118310552
918.75452 19.1835581393877 0.0012213526 0.9278237833
630.50920 10.3275777366483 0.0013917711 0.0000000000
994.78582 19.7892142749866 0.0013917711 0.8806344076
1023.92901 21.8985576701038 0.0014376734 0.0000000000
854.72322 19.9405815392757 0.0014376734 0.5008285428
616.36200 3.22359374491745 0.0014652689 0.0000000000
904.54980 8.14853124545839 0.0015548044 0.0000000000
904.54980 8.14853124545839 0.0015548044 0.0000000000
825.68440 14.7942929438249 0.0015838846 0.3278165727
640.58745 17.3168212821192 0.0015838846 0.2516310103
658.54050 12.8856863424462 0.0016355858 0.2959022282
676.55107 15.1931824760204 0.0016888360 0.0000000000
892.60731 10.2780298686904 0.0018011320 -0.1752435020
933.71780 17.6915891918748 0.0018001509 0.0000000000
638.36748 2.87184771456332 0.0018545107 0.0000000000
821.62658 12.2074870089472 0.0019181736 0.2526368798
776.52248 7.68767677248695 0.0019798124 0.2414189854
972.73457 15.5643539966878 0.0019798124 0.3022388840
790.50175 8.11831765233682 0.0020432645 25.8231602687
862.69192 18.8890142787847 0.0020432645 27.5800836548
766.69192 19.5151673166915 0.0020432645 -4.5699816831
776.52008 7.4031156410416 0.0021085775 0.2745660618
948.80147 20.0720898335975 0.0021085775 0.0000000000
743.60615 10.5243643238476 0.0022449821 0.3682245977
788.52008 13.188931568567 0.0023161743 0.2873124839
888.80147 19.8628934003178 0.0023161743 0.0000000000
886.61788 11.5219161262171 0.0023367868 -0.1626905955
940.73887 19.2568685978849 0.0023894287 27.8557511825
860.61398 13.3799551707263 0.0026221019 0.3230238097
864.80147 20.3671931500569 0.0027041478 0.6816355035
758.53305 9.56620509239456 0.0027041478 0.0000000000
1034.91102 21.1509599448459 0.0027885332 0.5990384428
700.57220 10.2433176901315 0.0028753173 0.3183551647
666.60420 16.9236782031008 0.0029315065 0.0000000000
866.59056 6.64467757590123 0.0029645602 0.0000000000
739.63876 16.900312756479 0.0029645602 0.0000000000
924.59714 6.44189087338189 0.0031003423 0.0000000000
732.55378 13.7898606452611 0.0032476651 0.2407288042
1010.91102 21.3809305163438 0.0033473729 0.6215121543
660.55615 14.7983884212096 0.0034498607 0.2722564642
766.50175 8.15633711614708 0.0034498607 -29.9094621314
907.69974 17.5044412299098 0.0034498607 0.0000000000
932.77017 20.0116510240289 0.0035551968 0.6383996505
792.57601 11.5524762918147 0.0035619171 0.1550277853
689.56906 18.965613712175 0.0036634509 0.8653635111
1002.84842 20.7777363196825 0.0036634509 0.5411676960
834.58658 9.37576488646634 0.0036614162 0.1560304519
794.56703 13.4993131154608 0.0040064389 0.2997216769
810.75452 19.9849887103618 0.0040064389 28.2163369893
838.55926 4.81403846069614 0.0041270899 0.0000000000
846.62296 14.1480869236257 0.0043133509 0.2014259855
768.55138 12.8482763736528 0.0043783336 0.2382716038
818.53305 10.012809250657 0.0045090846 0.0000000000
854.59166 10.8790042287516 0.0045530081 -0.1521038474
888.80147 20.0545330641803 0.0046433633 0.0000000000
255.23295 4.44104822206778 0.0046773041 0.2587070264
862.78582 20.7958659569877 0.0047812526 0.2120010928
933.71780 17.4551530890066 0.0049228372 0.0000000000
818.59166 11.746784880334 0.0050688419 0.1482732455
890.78073 19.4456108316391 0.0050682033 0.4323822737
914.59166 8.74099188690999 0.0052057945 0.2724920779
846.55019 4.92473130045344 0.0052057945 0.0000000000
846.55019 4.69614526550089 0.0052057945 0.0000000000
840.57491 5.17233813631043 0.0052174389 0.0000000000
664.58745 16.5915303155701 0.0053706335 0.3601618018
928.59096 9.0351711901142 0.0053706335 0.2906200453
836.77017 20.796253076464 0.0055278783 0.3342921914
876.80147 20.8894861974896 0.0055278783 0.1290685482
808.70248 18.1216121349425 0.0056892662 0.0307446046
764.52248 10.0117698170554 0.0060248514 0.3332075586
652.66022 18.9565300323588 0.0067500188 0.2566401383
834.60073 13.9094896302591 0.0067500188 0.1982603500
734.62932 18.5910462984725 0.0069431557 0.4989324707
830.55528 7.71586559912584 0.0071303751 0.1626852839
638.64457 18.5261975271008 0.0071412420 0.2153048472
848.60937 8.31997001575712 0.0073443869 -0.1940457902
810.59833 14.2968601810478 0.0077662974 0.1584372784
822.60073 10.8100594438517 0.0077662974 -0.1540398029
892.73887 19.5021780171159 0.0079852906 0.7702886098
974.81712 20.384280103872 0.0079852906 0.4394461472
792.55488 13.6628891651468 0.0081055302 0.3052571577
848.56584 4.59011008861944 0.0081055302 0.0000000000
864.80147 20.9858952501716 0.0082097972 0.2706613562
980.86407 20.3334856839622 0.0084399360 0.4838627224
926.74435 16.8933009556608 0.0084399360 0.0000000000
850.55926 9.97313958271886 0.0084399360 0.0000000000
860.73378 19.7167902627459 0.0086758273 0.2708884471
842.59056 6.97840730105147 0.0086758273 0.0000000000
838.74943 19.2308373135313 0.0089175938 0.3161568715
752.52248 8.40281504295583 0.0091653600 0.4226190583
615.49830 15.0490793396637 0.0091653600 0.6906276557
854.72322 19.7196279872418 0.0091653600 0.4566669784
755.60615 9.77593965244202 0.0096794000 0.2574584911
391.22550 1.95022124283357 0.0101654468 0.8830450575
900.59714 6.12023959738057 0.0104209284 0.0000000000
764.52248 9.05626457131515 0.0107851839 0.2184069206
814.55926 5.97949093240209 0.0107851839 0.2920729149
680.63401 21.0205391312414 0.0107851839 -0.1553510801
1010.91102 21.2903281116972 0.0107851839 0.2626641910
768.55378 11.5990952444136 0.0110786078 0.4423632740
1006.87972 21.0670194722587 0.0113791022 0.3979030384
935.73345 18.2582126927483 0.0113791022 -0.8557403782
417.24115 3.00222020015042 0.0117859644 0.4223797583
768.55488 13.6632194275774 0.0120772692 0.2256941304
648.62892 17.5698495820039 0.0126546824 0.1860537708
828.55138 8.50758787087697 0.0133387246 0.3181976126
822.75452 20.6626827325744 0.0136928466 0.2261490136
796.58508 10.5598451276684 0.0144260861 -0.1533388776
500.27717 1.80526225662231 0.0155908814 0.0000000000
779.60615 11.941578065939 0.0155908814 -0.1918788714
636.55615 15.2007447017287 0.0159971314 0.2331488541
768.55378 12.8432310112672 0.0159971314 0.2189325092
540.33070 1.84850309373919 0.0164873086 0.0000000000
881.51746 7.67061403001131 0.0168376388 -0.0906681019
568.36200 3.84595053331385 0.0172785925 -0.1908329637
734.62932 18.7524257712838 0.0172722475 0.5212582509
926.74435 17.7968690197008 0.0172722475 0.0000000000
650.64457 18.6323604040323 0.0177166643 0.1359256866
772.58508 14.8183615857382 0.0181710706 0.2092135180
764.54471 9.32333773598623 0.0185279591 0.1217733423
858.60073 9.63352025319336 0.0186356502 -0.1369573100
854.59166 10.549563876613 0.0189616326 -0.1620641049
910.74943 19.2548489487144 0.0191105890 -0.2152084591
893.66296 18.9258016594971 0.0191105890 0.0000000000
766.65553 17.2361887475667 0.0191105890 0.3291128567
1004.86407 20.7677610825149 0.0195960754 0.5310394334
864.76508 19.4686000531756 0.0195960754 0.3910556796
1004.86407 20.8282943621821 0.0195960754 0.5310394334
890.78073 20.1930690555323 0.0200923000 0.3413637724
826.54401 7.42890087014012 0.0200923000 0.0000000000
839.74630 19.5302285560416 0.0200923000 1.1328091027
772.54870 7.78099368630519 0.0216473444 0.2057987169
1006.87972 20.9550512295005 0.0216473444 0.3874598890
614.57180 17.3938530870431 0.0221884746 0.2353402552
808.58508 12.0302760705724 0.0227413309 0.1330391842
894.62296 11.1820495510885 0.0232809508 -0.0949087764
954.77565 19.2538908230624 0.0238830418 0.0000000000
783.61093 11.7380588391728 0.0250741405 0.3579248102
703.58471 19.034943597028 0.0250741405 0.0000000000
526.29392 2.86628042953785 0.0254599496 0.0940496953
782.63792 9.11959454265665 0.0266141318 -1.8608597417
680.63401 20.9741333105279 0.0269571187 -0.1434186201
633.50887 8.41454721275307 0.0269571187 -0.4263366562
834.75452 20.5419295597483 0.0269571187 0.2448995698
832.58268 11.1712248907127 0.0269571187 0.1377598693
568.36200 3.4839113258688 0.0272079814 -0.1927844865
784.64497 18.4519098295377 0.0276113364 0.0547162498
862.55926 6.14886646467297 0.0282792024 0.0000000000
880.71774 19.7805826656054 0.0282792024 0.2759939658
784.64497 18.5061961041781 0.0289609416 0.0049839981
505.42623 8.56639182555465 0.0296991244 -0.0600927780
856.64260 13.9341442612362 0.0303669496 0.5478576438
819.64731 19.2645504718872 0.0303669496 0.4465977212
736.44064 3.69118304403745 0.0316939490 0.0000000000
812.67627 19.2339459476073 0.0318312030 -0.1631386110
866.59056 8.48356825144931 0.0318312030 0.0000000000
940.73887 19.3919776691838 0.0325857570 0.0839208333
638.57180 16.837530747892 0.0325857570 0.1953564261
964.83277 20.4689942462704 0.0325857570 0.3561401745
888.76508 20.0952089837461 0.0333555789 0.3088017549
874.78582 20.6551008507198 0.0333555789 0.1152699439
696.57728 15.8457917899866 0.0333555789 -0.1470295782
838.63203 13.2259585884285 0.0341409087 0.1362697694
419.25680 3.70931000022401 0.0345316251 0.3646979340
766.53573 12.2186684930661 0.0357590619 0.2230470116
820.73887 20.4635039794541 0.0365923754 0.1134864976
820.73887 20.3870925868491 0.0365923754 0.1134903822
832.73887 20.2421245068439 0.0374421772 0.2142406222
528.30847 2.75739817509036 0.0374421772 0.0000000000
646.61327 16.6655881288927 0.0391922475 0.1103630065
704.63401 20.8362749700071 0.0391922475 -0.0850725447
666.60310 17.4600631742548 0.0391922475 0.1597880278
926.74435 17.5858811997927 0.0400930222 0.0000000000
942.75452 19.8410686516691 0.0400930222 0.4080606333
781.59528 11.9242255849815 0.0400930222 -0.0628582392
736.44064 3.63035858141885 0.0408620778 0.0000000000
878.78073 19.5099114299722 0.0410112970 0.2617027818
713.56906 18.0533920310098 0.0410112970 0.0092904790
314.23259 0.858734122982426 0.0419473297 0.1136217224
810.56435 9.73288587403672 0.0429013799 -0.2363687395
692.63401 20.9725110038892 0.0429013799 -0.1750103577
976.83277 20.5932494912448 0.0438737091 -0.1491774990
844.64370 15.9871121200936 0.0452981034 -0.1115420913
368.27954 1.11949597398012 0.0458742583 0.2800999124
914.64918 13.7230281777726 0.0462323858 -0.0783761688
784.64497 18.1130067841994 0.0469030099 0.1689485287
792.51740 8.51720523089222 0.0479511032 0.0907639330
786.60073 11.535491056944 0.0479511032 0.2297829060
792.55378 12.2489819937957 0.0490188080 0.2606100438
917.72048 18.7076729355266 0.0512141394 0.3904585463
890.57531 8.56170672772429 0.0512141394 -0.5417077157
736.49228 8.97475847568944 0.0521850391 0.1094309868
770.65045 17.6273221834902 0.0523423132 -0.2984359772
758.46138 3.8462541015738 0.0532369443 0.0000000000
650.40386 3.11774402177906 0.0532369443 0.0000000000
535.47318 12.6725741779396 0.0543065033 0.3618926089
814.55926 6.37993733446262 0.0546610567 0.2120916575
908.62226 11.6883948918954 0.0558521820 0.3748792525
816.57491 6.54104460144424 0.0570648492 0.0000000000
636.62892 18.1737697021783 0.0570648492 0.1045817427
505.42623 9.42082750728656 0.0576232640 -0.0187135055
996.80147 20.212933606418 0.0595559349 0.2338336538
970.78345 19.5917473672994 0.0595559349 0.2577258808
896.63861 14.4323845984573 0.0599266847 -0.0486055092
938.81712 20.7857558021573 0.0608349190 -0.1885303886
912.76508 17.8787071922527 0.0634611927 0.0000000000
903.74121 26.4223197218448 0.0634611927 0.3922730770
890.81712 21.012173390491 0.0634611927 0.1222705240
934.87972 20.9370845076923 0.0634611927 0.1419223801
887.56551 10.1732158611296 0.0647628292 -0.1273156287
415.22550 2.2971871782529 0.0647628292 0.2054972127
426.35779 2.96213578956672 0.0648090543 0.0640804838
842.59056 6.44734556710153 0.0648090543 -0.2286033812
800.61638 13.1279830128862 0.0648090543 0.0593234506
765.60036 18.7723689624469 0.0648090543 0.5149765873
937.74669 18.1964243961727 0.0648090543 0.9635342090
770.57053 14.9447183623338 0.0647628292 0.1047115807
878.74435 18.7662066812243 0.0648090543 0.2743996080
826.56036 8.89322465729424 0.0660209295 -0.1030589835
757.62180 10.582432341997 0.0675756639 0.0595572032
904.83277 21.1064113922071 0.0689949894 0.1052405319
846.52906 7.84948201325996 0.0699165559 0.0000000000
754.53813 7.21731266224712 0.0704387147 0.2894971965
738.50683 9.06434144561287 0.0704387147 0.1595951797
342.26389 1.0117714934768 0.0704387147 0.1193258029
742.53813 11.1492621359779 0.0704387147 0.4544639748
872.77017 20.4651812734825 0.0704387147 0.1557216805
752.55887 14.0124081160384 0.0719071303 -0.1019318691
910.80695 19.639266776861 0.0734005273 0.0000000000
860.77017 19.5521233850854 0.0749191971 0.2841975205
816.57601 9.98910138246181 0.0754022098 0.1325178950
652.55107 16.4689038839025 0.0764634319 0.1847155915
882.62296 13.2721389221678 0.0782740241 -0.0910931727
836.61638 11.2458731168424 0.0796297661 -0.0155884076
814.55926 5.68613653091241 0.0812524512 0.4511068554
860.60937 7.69006025387614 0.0812524512 -0.0485930427
838.78582 21.0177456000067 0.0829018724 0.1374354564
810.75452 20.803038640365 0.0829018724 0.1980742217
424.34214 2.23884645680796 0.0829018724 0.0613075794
822.60073 10.4066146224881 0.0829018724 -0.1388747877
790.53923 12.0710857916984 0.0827480806 0.1089280406
811.66875 16.5864032197892 0.0829018724 0.1120987264
994.78582 19.9427527160353 0.0829018724 0.2637057165
742.53813 10.9538884115265 0.0845783229 0.2613333291
848.54471 12.7158979315603 0.0858443253 0.1332496936
890.81712 20.2140279003404 0.0897727822 0.2348085427
535.47318 12.3276548719111 0.0923174912 0.0050247251
762.50793 8.91601757017107 0.0923174912 0.1604641359
804.51740 9.11919690134941 0.0952210537 0.2260080668
778.69192 17.9411885302442 0.0970949108 0.6058683131
866.78073 19.4648205694529 0.0970949108 0.2148375311
954.77565 18.8474141098594 0.0989981369 0.0000000000
830.51889 5.79259261034692 0.0991769862 0.0000000000
778.53813 11.0364371463682 0.1009310224 0.1120423728
658.40544 3.61046134045157 0.1009310224 0.0000000000
1052.70915 10.6948651490635 0.1009310224 -0.1324894783
776.54471 8.56905255440471 0.1027561243 0.1055656062
628.36200 2.740829679828 0.1045838272 0.0739098321
932.86407 21.2841935441372 0.1048869298 0.1801720615
816.64768 14.1567685630827 0.1048869298 0.0000000000
909.54986 8.85308910423651 0.1064372507 -0.2023620329
870.75452 20.3412563136878 0.1069105286 0.1724545863
760.64497 19.1452866048731 0.1089649406 0.1260128921
934.80695 19.1902897071621 0.1089649406 -0.5246868064
400.34214 2.75683372821921 0.1089649406 0.0370092326
873.69426 20.1698019502014 0.1089649406 0.1780516555
678.61836 20.6683180146395 0.1110504517 0.0000000000
788.54361 5.03673171860434 0.1110504517 0.0000000000
832.58508 8.63191998538658 0.1131673466 -0.0827818695
742.53813 10.460452919561 0.1174964206 0.2616231678
854.57531 9.23324022612519 0.1174964206 0.1867763355
979.86641 21.4848472667142 0.1197091624 1.1878482432
758.62932 17.6912907215723 0.1197091624 0.4399955655
930.60661 9.55844054400059 0.1197091624 -2.4945253278
728.52358 11.4838282938149 0.1201499887 0.1687091529
297.24352 3.67371959514229 0.1201499887 0.0947648056
297.24352 3.67371959514229 0.1201499887 0.0947648056
934.74943 19.0842250857724 0.1219544135 -0.1908179369
757.62180 15.5650548262963 0.1219544135 -2.0748077247
802.53573 8.8072254871286 0.1242324514 0.2110950496
369.35158 21.1707662960087 0.1242324514 0.0602185402
1051.96031 22.0699268190539 0.1265435517 0.0000000000
283.26425 5.54413522518662 0.1264346714 0.1495020001
692.41443 3.7976868451019 0.1285855175 0.0000000000
852.57601 9.13167035851157 0.1329724047 -0.1198026668
678.67587 19.3487219475599 0.1336779559 -0.0586401492
688.60271 20.4871782455611 0.1361240245 0.1809387821
844.73887 20.1003227634172 0.1361240245 0.1260691576
888.70757 19.1638807447092 0.1386045043 -27.7203859362
820.51341 10.3338103400281 0.1397688414 0.0408020560
885.54986 9.39242550148017 0.1397688414 -0.1245705041
822.60073 11.6133237959531 0.1436697476 -0.0615087158
876.72870 17.4887805084043 0.1462550297 0.0000000000
912.80147 19.786720202544 0.1462550297 0.1142039247
648.62892 17.7893797949017 0.1462550297 0.0686708100
960.82260 18.8231641035878 0.1488757604 0.0000000000
690.47045 4.05779859626465 0.1488757604 0.1439033229
828.75921 21.4075115003261 0.1515321922 -0.1411952757
976.83277 20.7679484889391 0.1515321922 0.3331059396
774.60073 16.239879683181 0.1515321922 0.0634042086
794.72322 20.3548455367529 0.1515321922 0.0874291639
572.52485 15.3794694053575 0.1542245749 0.4698112594
870.75452 20.1676760525226 0.1542245749 0.1793002704
824.54361 8.60993483439603 0.1542245749 0.4493492972
837.54986 10.9564082702198 0.1541597800 0.0000000000
996.80147 20.2808981984853 0.1542245749 0.1910196725
870.75452 20.2184890366306 0.1597181770 0.1794370596
844.60731 12.3088040433833 0.1617648813 0.1094599727
742.64966 20.6011187736777 0.1625198807 0.2748379423
451.45205 17.3397220101266 0.1643618647 0.0796704135
857.67533 14.8225245983435 0.1643618647 -0.1210909730
694.63550 18.5406403840492 0.1643618647 0.1293123389
850.56036 7.46523297334516 0.1669901282 -0.0304103374
892.60731 11.4788278968874 0.1696498516 -0.0815705597
861.54986 9.64228640547383 0.1696498516 -0.1440559158
749.62311 18.2614813650962 0.1711474384 -0.2319454900
828.57601 9.5650283442539 0.1723412119 -0.0542393094
454.29282 3.10399841091146 0.1740982075 0.0609565969
654.56672 17.08224639763 0.1770868094 0.1913704393
854.56943 9.30511668582244 0.1801134634 -0.0650068308
344.27954 1.17961021580051 0.1801134634 0.2023323700
1006.87972 20.4391355232986 0.1831783847 0.0672770572
786.66062 18.7552834757157 0.1831783847 -0.0974779809
812.54361 4.75777593475662 0.1831783847 0.0000000000
846.60073 10.2250847957101 0.1831783847 -0.1638410872
715.58471 19.0322109278503 0.1831783847 -28.9823164422
664.38313 3.84527286284107 0.1834264688 -0.0522293606
889.58116 11.4035752748231 0.1891633226 -0.0766318562
838.56036 8.02647337930021 0.1920808693 0.0965788498
760.64497 18.5930055205169 0.1926048426 -0.3464102733
887.56200 9.03211311526418 0.1926048426 -0.1774728417
860.77017 20.5551104196995 0.1926048426 0.1206627891
634.54050 13.8233926110864 0.1958249023 0.1176592904
844.51341 9.89377038181134 0.1980149733 0.0510615859
884.73378 19.4554963506516 0.1990842424 0.1241965627
682.59802 18.1858372139026 0.1990842424 0.1781831024
910.78582 20.5091294842484 0.1990842424 -0.1646694313
892.60731 10.8208545468372 0.2010318293 0.1050419491
634.54050 13.2313475527551 0.2023830522 0.1297686154
845.72288 18.8317151343534 0.2023830522 0.0000000000
752.52008 8.13585410742861 0.2023830522 0.1568963350
460.36327 5.97311485141087 0.2057215163 -0.0842562979
587.40822 3.02760195502158 0.2071658715 0.0552556698
587.40822 3.02760195502158 0.2071658715 0.0552556698
587.40822 3.02760195502158 0.2071658715 0.0552556698
1122.78740 15.8363295455154 0.2090998147 0.0006492574
654.56672 17.0491844284422 0.2090998147 0.1903079923
634.54050 13.3829831408155 0.2090998147 0.1546335885
742.53813 11.3931641140085 0.2125181221 0.1447905772
886.74943 19.8293334938339 0.2125181221 0.1259867766
936.80147 20.3239508673701 0.2159766087 0.2971950593
906.84842 21.2989558922693 0.2159766087 0.0652508167
742.64966 20.5986169077755 0.2194754392 0.3527524595
860.77017 20.7904013020572 0.2194754392 0.1482735738
762.50793 9.88437228359852 0.2198391047 0.2048493815
660.62892 16.8651646243239 0.2230147732 -0.3963535110
482.32412 3.95183895239711 0.2230147732 0.0487804767
830.62695 9.47081111978543 0.2230147732 -0.0733342489
916.79638 19.7921841218105 0.2265947652 0.4429300086
856.58268 11.9721737527777 0.2265947652 -0.0474166129
708.40934 2.72117811946089 0.2263803538 0.0000000000
750.66062 19.4397721180416 0.2265947652 0.1548423331
807.50291 7.43071866250971 0.2297025575 0.1279305259
794.56943 10.9076942958864 0.2302155639 -0.1642105892
866.59166 9.92024020757231 0.2364506808 -0.0585874669
996.80147 20.0499702842408 0.2375801498 0.2162414452
924.80147 20.5899344752001 0.2375801498 0.0823068337
907.53311 7.80151880012668 0.2413242068 -0.1248269466
920.82768 20.6273148520773 0.2413242068 0.3690349334
1010.91102 20.8292256386248 0.2413242068 0.0174879510
802.55926 10.6574420779 0.2451096101 0.0000000000
946.87972 21.3465143213717 0.2451096101 0.0965735286
798.59833 12.2436626760011 0.2451096101 0.2297710760
804.55138 8.77656548044588 0.2489364801 0.0964648075
1016.77017 19.4037236732008 0.2489364801 0.0000000000
920.82768 20.4830579070842 0.2489364801 0.3260142344
439.22550 2.19356720458965 0.2539307326 0.0000000000
832.58508 10.2907777895735 0.2567150712 -0.1095442935
680.58237 17.21947713271 0.2567150712 0.0937838872
856.60731 11.3111523877457 0.2575320065 -0.1151884995
370.29519 1.38490071583004 0.2606670027 0.0926666968
914.81712 20.8205031467714 0.2606670027 -0.0839273930
664.38313 3.46430112791016 0.2611685601 -0.0407001334
948.89537 21.406196054594 0.2646608212 0.2445789758
827.55963 7.71119040490319 0.2685477958 -0.0188808883
827.55963 7.71119040490319 0.2685477958 -0.0188808883
642.60310 18.4860728535768 0.2686966161 -0.0770323115
827.55963 7.71119040490319 0.2685477958 -0.0188808883
806.56703 10.7532530230852 0.2727744702 0.0751756159
668.63401 21.1877234383072 0.2727744702 0.0755587617
832.54870 11.3722044632676 0.2768944599 0.0000000000
576.29431 3.59203282784882 0.2798829334 -0.0864983930
798.52906 8.27524659245033 0.2837325456 0.0310671432
818.72322 19.5139440914823 0.2852611181 0.0000000000
868.60731 12.0187943927317 0.2876178536 -0.0153345713
639.49830 13.3423273390183 0.2895079055 0.0414980852
696.61367 18.5094407700841 0.2937970664 0.1821399637
696.61367 18.4863938934817 0.2937970664 0.1821399637
794.53415 9.89714753220415 0.2954957135 0.1562054793
752.55887 13.9768290065122 0.2981286429 -0.2123367498
904.59096 9.52193022737572 0.2981286429 -0.1718581831
820.51231 7.22694746136388 0.3025026702 0.4281649405
796.73887 20.6695718689207 0.3025026702 0.0788569035
734.62932 18.3386039538541 0.3025026702 0.0819138480
764.55646 11.1847196551103 0.3025026702 0.0327486679
664.66022 18.8590914128475 0.3025026702 -0.0396231441
920.82768 20.1359677045881 0.3069191763 0.3242738131
806.56943 8.24593676582157 0.3069191763 -0.1914606233
480.30847 3.32203324393808 0.3069191763 0.0650956857
312.32609 6.04525990208375 0.3069191763 0.0503235670
474.30615 1.6451602143514 0.3113781819 -0.0990784892
960.73457 16.4040791377762 0.3158797005 -0.6983149321
481.42514 4.04330644716952 0.3158797005 -3.6538579969
858.60073 9.39929989853473 0.3204237381 0.0811239714
794.60582 13.239657597937 0.3296393572 -0.0763910888
904.59096 9.65470530168122 0.3296393572 -0.1065798129
858.75452 20.5596565742527 0.3296393572 0.0597147838
747.51816 9.49434090209419 0.3327200846 0.0991024021
890.59166 8.8999990423556 0.3327200846 0.0834749946
962.91102 21.1182268551194 0.3390249376 0.0812475105
656.58237 18.1953468075651 0.3437813980 0.2499398526
750.54432 13.8459072743801 0.3457735577 -0.0773528541
818.55528 6.92229191705089 0.3457735577 0.3953869425
892.60731 10.577662703913 0.3457735577 -0.0754535806
654.61836 21.0416689520848 0.3485802551 0.1500581961
818.72322 20.0338848425105 0.3485802551 0.1435127453
866.59166 10.2392818144882 0.3501962733 -0.0434208908
864.57601 8.42552388797496 0.3546547072 -0.0162654061
926.81712 20.8472913641354 0.3583049612 0.0853310896
856.54980 13.2285364361674 0.3591488148 -0.1731428455
580.32561 4.70399939122124 0.3591488148 0.0000000000
859.53421 7.92057324881927 0.3591488148 0.0102700635
968.77017 19.9537432075493 0.3632306916 0.2025279419
732.61367 17.6182328647394 0.3632306916 0.1354834032
802.69192 19.5474843364263 0.3632306916 0.0008720811
792.57491 6.25706140767907 0.3632306916 0.0004256160
790.53813 9.86387168759099 0.3632306916 0.1399331124
474.30615 1.53272052921968 0.3632306916 0.0012286026
1000.83277 20.5569187697393 0.3732085504 0.0610163950
642.60310 18.4937055413521 0.3732085504 -0.0235714488
662.64457 17.870110823799 0.3732085504 0.0054486780
882.60073 11.2291958892711 0.3732085504 0.1822564730
587.40593 3.02881482781673 0.3728446474 0.0577226425
822.55019 8.15084487162761 0.3774808888 -0.0969612552
822.55019 8.15084487162761 0.3774808888 -0.0969612552
558.28375 2.49449716638524 0.3821524946 -0.0894191976
946.78582 19.8770708820694 0.3833543703 0.1192802964
790.53813 10.1376915294494 0.3833543703 0.1741987219
881.51856 6.846961686859 0.3868593856 -0.0392221479
738.50793 9.18889688125833 0.3868593856 0.0936306872
788.67627 19.1019091305746 0.3884900215 -0.0632475461
890.59166 9.44134340764166 0.3916014768 -0.0196758529
888.80147 20.8119473955546 0.3936673536 0.0949779118
786.56435 11.6864428816002 0.3936673536 0.0000000000
888.57251 10.3234294327613 0.3988862463 -0.1115756944
726.66062 19.5659650583043 0.3988862463 0.1774233346
764.52248 9.08166283994999 0.3988862463 0.0728509279
738.50793 9.3891293478669 0.4011908900 0.2144366896
784.58508 10.3233036038536 0.4041465711 0.1067336384
818.72322 19.9347146472392 0.4094481910 0.1046910571
802.55926 10.3202341629118 0.4094481910 0.0000000000
911.56551 9.50308592837286 0.4109199360 -0.0963823458
814.59675 11.1910876235275 0.4109199360 -0.0356354356
732.61367 17.526794006018 0.4147909608 0.2255454218
918.75452 19.7211827315918 0.4147909608 -0.2894889517
812.69740 17.4862072751591 0.4201747269 0.1006315662
894.75452 19.8568965973651 0.4201747269 -0.3855643241
835.66875 15.0213345601098 0.4201747269 0.0561212218
952.83277 20.458637392069 0.4255993271 -0.0264563495
326.34174 5.72823548083821 0.4255993271 -0.0067410337
832.64260 12.320496784545 0.4255993271 0.0127554787
900.66991 16.2834845684093 0.4257733357 -0.0673101209
912.57601 7.65674305910021 0.4307932568 0.0561731412
830.59166 11.2053244385669 0.4307932568 -0.0701411771
298.31044 4.60763436225434 0.4310645910 -0.1138472453
944.77017 19.7557496249126 0.4365703396 0.2412388824
834.59833 13.1038855851378 0.4365703396 -0.0334357016
772.58508 15.071718443991 0.4365703396 0.0385963657
734.49776 6.15760990380038 0.4409354576 0.0000000000
814.56036 8.70784836086253 0.4460574421 0.0602597205
882.62296 13.7517202717092 0.4460574421 0.1217151310
536.50482 11.9927273865675 0.4512131423 0.0437723434
835.53421 9.07165114702388 0.4512131423 0.0276021253
804.55378 8.81059673369339 0.4533285775 0.0639604578
640.62384 16.8566078083224 0.4533285775 0.0741095318
840.70757 19.4793375238574 0.4533285775 -0.1295869341
796.54980 8.69745924566983 0.4564023955 0.3680138876
978.84842 20.8363407855246 0.4589943062 -0.0057229056
684.61367 18.8156612971124 0.4589943062 0.1405654634
882.75452 19.9974779552551 0.4646994977 -0.1602526212
282.27914 4.05225055027731 0.4646994977 0.2251567534
930.84842 21.0342588558108 0.4646994977 0.1332431833
914.72322 19.374899610818 0.4646994977 -29.4327202638
892.73887 19.9859357963146 0.4762273413 -0.0912625647
770.65045 15.744097481983 0.4762273413 0.0589740546
762.66062 18.9031009536148 0.4820495081 -0.1727496928
882.75452 20.1657219730558 0.4820495081 -0.0513981124
241.14453 0.751799644535705 0.4828458345 0.0570130955
507.44188 10.2344286229577 0.4828458345 -1.0220795905
764.67627 19.5727436936319 0.4879101674 -0.1228406748
1002.94232 21.263914453612 0.4879101674 0.0822067924
828.69231 17.2137732777944 0.4879101674 -0.0247543498
972.89537 21.2939994107217 0.4938090552 0.0358110982
974.91102 21.1054190039006 0.4938090552 0.0581010832
810.60073 11.843308732296 0.4997458993 -0.0427677845
810.60073 10.6539352456157 0.4997458993 0.0719058774
662.36748 3.05994006398348 0.5045857026 -0.0322581678
804.55378 8.34116613876049 0.5057204189 -0.0694850680
832.58508 9.52978056734568 0.5057204189 -0.0309985729
852.57601 9.1575747483828 0.5101002017 0.0000000000
922.78582 20.3539450232585 0.5117323250 0.0714342405
884.77017 20.2962955262457 0.5117323250 -0.0067510732
880.59096 9.77374469016367 0.5177813200 -0.1078219213
752.67627 19.7364073030962 0.5177813200 0.2654266495
913.58116 10.8268609934318 0.5212230553 -0.0029360420
840.72870 20.1467182274454 0.5238670980 0.0000000000
595.49322 4.59309164913435 0.5238670980 -0.0331311599
854.56943 8.76940203453354 0.5238670980 0.0514395701
940.73887 19.5700696641439 0.5238670980 -0.0363327481
900.59714 6.76682040608038 0.5268309338 0.0000000000
842.59166 11.1797763754823 0.5324694528 -0.1927477840
811.61995 10.3903172586242 0.5324694528 0.0344168836
944.77017 19.9101787173837 0.5361477374 -0.1364568066
770.56943 13.7949172257704 0.5361477374 0.1731094453
811.62223 10.3901499952463 0.5438373947 0.0344127676
866.59166 11.3918812773896 0.5438373947 0.0386814576
998.81712 20.324465212769 0.5423419454 0.0167388999
811.62223 10.3901499952463 0.5438373947 0.0344127676
811.62223 10.3901499952463 0.5438373947 0.0344127676
316.24824 0.911313870521185 0.5485716297 0.0598668175
754.69192 20.1556688906248 0.5485716297 0.1602361954
864.57601 9.271659570933 0.5495662943 -0.0483309082
636.62892 17.9776998627378 0.5548364429 0.0204755233
772.51341 5.96456573024283 0.5553247878 0.3622727494
768.70757 19.8991416440939 0.5611360297 0.0344986514
814.55926 4.93970511985715 0.5611360297 0.0000000000
712.64497 19.4779248020852 0.5611360297 -0.0605920144
842.72322 19.7756649267803 0.5611360297 0.1354725341
561.41497 4.05267503384357 0.5674700264 0.0240639581
868.60731 11.2473227269963 0.5669294454 0.0036153112
944.77017 20.1130707501232 0.5674700264 -0.2765424330
806.72322 19.9441742952686 0.5674700264 0.1613164140
898.65426 14.8815554206521 0.5786490889 -0.0087125970
772.51341 6.98020684902401 0.5786490889 0.4886331090
883.53421 7.70091079716446 0.5786490889 0.0191713787
988.92667 21.1107415457453 0.5802397554 -0.0194107795
960.89537 21.0543832240577 0.5802397554 -0.0031184072
870.62296 12.2863974177693 0.5845512933 0.0650940485
920.86407 21.274428634414 0.5866747207 0.0070459876
785.65310 13.0593623394444 0.5866747207 0.1396332966
766.53573 9.20532126393346 0.5931425620 0.0201926072
796.54980 10.1020926217767 0.5964389439 0.0894535783
770.56943 13.7982120308637 0.5996428761 0.0815535852
940.83277 20.7497846482681 0.5996428761 0.0130980106
781.48726 7.15971061618098 0.6024237641 0.0000000000
894.62296 11.6446721268431 0.6024237641 -0.0466881376
804.55138 9.80440119660059 0.6127392711 0.0501757954
920.86407 21.3591606765783 0.6127392711 -0.0102562522
858.62296 14.4865074634277 0.6144737878 -0.0010848981
914.81712 20.1061089271613 0.6193345073 0.0409309960
824.58000 9.6926698481206 0.6259605268 0.0445093005
958.80695 18.8135919199941 0.6259605268 0.0395663148
792.70757 20.0128427929347 0.6259605268 -0.0335976048
808.58508 9.57275303253541 0.6259605268 -0.0252911727
880.73887 19.9132617818535 0.6259605268 -0.1491692641
968.77017 19.7574627327258 0.6326168884 -0.0094808215
976.92667 21.3071020836908 0.6326168884 0.0000174841
778.53573 10.989356969197 0.6326168884 0.0849456821
780.55138 9.79972772539102 0.6326168884 0.0372713246
859.53421 8.24101135509744 0.6388860322 0.0064738579
784.66610 16.4558181851827 0.6393031435 0.0508311174
840.70757 19.5456883292014 0.6393031435 -0.1049015401
806.56943 10.3150696441416 0.6460188364 0.0670556781
810.68175 16.368849155244 0.6527635041 -0.0148738211
912.80147 20.596400283124 0.6527635041 -0.0341401064
870.62296 13.0522604846586 0.6512427277 -0.0598544385
738.66062 19.5020359915863 0.6527635041 -0.1386199571
934.80695 18.7914005540053 0.6527635041 0.0030184078
832.54980 13.8466342636181 0.6512427277 -0.0723313185
842.59166 10.4629958197791 0.6574574692 -0.0961256595
896.77017 20.1628227835612 0.6595366763 -0.1149211717
762.66062 19.1494242182228 0.6595366763 -0.0188227752
776.52358 10.597279058561 0.6636959838 -0.1059033716
748.49228 8.77720742785254 0.6636959838 0.0312149298
279.15909 2.08814028821953 0.6663378761 0.0003054506
1004.95797 21.4395827699356 0.6731666193 -0.0750590330
770.56703 13.797233012235 0.6731666193 0.1434686928
833.51856 7.87926381918979 0.6762428342 -0.0333248596
808.58508 10.0363339847443 0.6800224151 -0.0118128967
940.83277 20.1661815948031 0.6869047660 0.0274785109
856.73887 20.0751401044702 0.6869047660 -0.0396902567
692.63401 21.041892340345 0.6869047660 -0.0033153364
942.75452 19.6028425657993 0.6938131679 -0.0453061002
936.80147 20.5558443683721 0.6938131679 0.0256515480
824.54471 7.51477064789875 0.6952319179 0.0046589726
772.58508 12.1252067023408 0.7077060754 -0.0267983237
964.83277 19.941587796613 0.7077060754 -0.0497117355
826.67666 15.9411548377082 0.7146895408 -0.0407385014
760.64497 18.3896311393913 0.7146895408 -0.0317062093
886.78582 20.5689864060295 0.7146895408 -0.0067866858
828.56312 7.70033268976266 0.7144141273 -0.0148779880
966.84842 20.8354479557231 0.7146895408 -0.0199431699
840.64768 14.7822018531406 0.7216969766 -0.0318551093
862.78582 20.0472493350856 0.7287278475 -0.0639132119
998.81712 20.5375483102129 0.7287278475 -0.0182796664
732.44573 3.9558180703373 0.7273041613 0.0000000000
768.51740 7.92862167289972 0.7287278475 0.0000000000
578.30996 4.01765601032919 0.7337785026 0.0000000000
798.68175 16.9964989272478 0.7357816120 0.0238628123
840.70757 19.2947741222214 0.7357816120 0.1608444427
836.77017 20.0263596233108 0.7357816120 -0.1913527735
800.54471 7.78684331794852 0.7402718309 -0.0166467977
968.86407 21.0233859718751 0.7428577229 0.0899164485
840.57601 9.74422867036594 0.7467837189 0.0394274400
934.78582 20.2942234800067 0.7499556273 0.0369031310
906.62296 12.2694733747612 0.7533137357 -0.0150373759
863.56551 11.1939219766798 0.7533137357 0.1127017572
898.78582 20.4625150733069 0.7642145778 0.0530375176
812.67627 18.9236297817154 0.7642145778 0.0878619357
832.60731 12.9683338889536 0.7664264119 0.0063471086
780.55378 8.62808563887929 0.7713744910 -0.0047332562
834.60073 10.0765451541135 0.7713744910 0.0916143263
786.66062 18.5270266098151 0.7713744910 0.0282899114
780.55378 7.62769635644574 0.7713744910 -0.0778950461
692.61985 17.4848633218795 0.7730081900 -0.0473264107
794.53305 5.40879971691005 0.7785539322 0.0000000000
502.37383 2.54547397014855 0.7785539322 -0.0485087351
762.66062 19.2269143263533 0.7785539322 -0.1024759353
716.63401 20.8641595968282 0.7785539322 -0.0300504093
890.81712 20.3922009142705 0.7857523222 -0.0959678445
816.70757 19.6638951849072 0.7857523222 -0.0764766477
806.56943 10.7447375430588 0.7857523222 -0.0000162879
593.47757 4.55185692542188 0.7857523222 -0.0462680933
847.53421 8.60069259165601 0.7862203957 -0.0304766444
912.80147 20.4616649087917 0.7929690769 -0.0279032804
742.53813 11.5687569218062 0.7929690769 0.0420067867
918.75452 19.7629886366507 0.8002036075 -0.1225364508
826.59675 11.3604975803528 0.8128266962 0.1091158482
812.54471 7.81306659205716 0.8128266962 -0.0011273976
840.57601 8.68447863864778 0.8195134789 0.0253930074
478.29282 2.51055646603237 0.8220078989 -0.1431700941
283.15160 0.777603382514871 0.8220078989 0.1268683992
902.81712 20.9108048706781 0.8220078989 0.0355358575
974.81712 20.261442945698 0.8220078989 -0.0194705678
980.86407 20.9952050110786 0.8220078989 -0.0557592588
740.67627 19.9589682141611 0.8220078989 0.0596747346
838.56036 8.49260297716673 0.8262134113 0.0401787732
766.69192 19.9642690390832 0.8293075556 -0.0313327593
920.77017 20.2206750068248 0.8293075556 0.0694395442
885.54986 8.41930328969624 0.8329260215 -0.1260037400
928.76000 18.1150713059698 0.8366219785 0.0000000000
958.87972 21.1887436128506 0.8439505534 0.0524420752
828.56250 7.70033268976266 0.8463873747 0.0163427487
926.81712 20.8231705070098 0.8512926627 0.0591850212
857.51856 7.51366050660253 0.8598937103 0.0482534321
858.75452 20.2874561402326 0.8660149959 0.0699754393
898.78582 20.6126099765998 0.8660149959 0.0533220081
554.34635 2.9150829282304 0.8666625394 -0.0508536723
927.81720 20.755136055392 0.8733939673 0.0009892603
894.62296 12.1688712332503 0.8870258225 0.0321988943
806.59166 12.3291959793821 0.8870258225 0.0312839049
984.89537 21.2837825292426 0.8881843658 -0.0364995535
636.35183 2.91066391919065 0.8938308785 0.0220527157
750.66062 19.303631926467 0.8955945226 -0.0005092453
787.67861 20.5205245932454 0.9104415563 0.0000000000
810.68175 16.6437867142649 0.9104415563 0.0143896524
828.56312 7.70033268976266 0.9142910034 0.0093818125
790.53923 10.8349915198868 0.9142910034 0.0404193706
710.62932 18.9236599374701 0.9178771482 0.0836210974
784.58268 14.0451754389781 0.9178771482 -0.0375123170
873.69426 19.9600399364991 0.9253199299 -0.0577950846
912.76508 19.8415631670713 0.9253199299 0.0169840770
664.66022 19.0291120692078 0.9253199299 0.0147053541
480.30957 3.80069758487822 0.9279635647 0.0578402531
807.57454 10.0418056473801 0.9327692538 0.0326075904
866.81712 21.1917113644046 0.9327692538 -0.0732884912
930.71686 17.9905511258975 0.9348080853 0.0006605832
668.65514 17.9540843972568 0.9402244705 -0.0216467237
900.80147 20.701114540079 0.9402244705 0.0934655445
862.78582 20.131039248869 0.9402244705 -0.1242449702
842.59166 10.6327775433985 0.9416574281 -0.0064507448
778.56036 10.3678682672453 0.9485110885 0.0295774341
831.50291 6.78658871939567 0.9485110885 0.2650217633
908.79130 19.1546367349306 0.9476849293 25.4829687042
784.58508 14.2519779255557 0.9476849293 0.0529085583
876.55966 7.67783157205526 0.9476849293 0.0366015213
773.65310 17.2781521674756 0.9476849293 0.0561216431
760.58508 13.6784031410833 0.9551499779 -0.0797382810
858.59833 11.798831533089 0.9551499779 0.0414981469
840.70757 19.3775205163669 0.9626189629 -0.0447067301
836.61398 14.570955316115 0.9626189629 -0.0407750704
828.57601 9.17683585111281 0.9622293380 -0.0060452781
782.65045 15.1582073084874 0.9626189629 0.0328708517
920.77017 20.0271059755271 0.9700912298 -0.0394248169
718.64966 20.7345479674261 0.9700912298 -0.0547809310
582.28375 2.16568011387043 0.9759587789 0.0702049070
986.91102 20.8580526666136 0.9850429871 -0.0342828553
