"m.z" "r.t" "p.value" "t.score"
774.66062 18.9367944515235 0.0000002509 0.0000000000
592.56632 15.263897634046 0.0000002509 0.0000000000
680.41443 3.78815629557579 0.0000001223 30.2297444323
904.79638 19.6350400633875 0.0000001870 0.0000000000
843.70723 18.4689944607603 0.0000002509 0.0000000000
862.74943 18.3761521168708 0.0000002509 -27.8350542103
864.76508 18.5487957679309 0.0000002897 0.0000000000
720.66531 20.8553086450585 0.0000002509 0.0000000000
476.27717 1.86263426161962 0.0000002509 0.0000000000
886.74943 18.4161279046149 0.0000002897 0.0000000000
912.57251 10.1489104584263 0.0000002509 0.0000000000
790.65553 16.5310349134248 0.0000002897 -28.5454824299
738.50793 10.3223454629904 0.0000000362 0.4466846141
1056.98927 21.7393811083369 0.0000002509 0.0000000000
540.49864 8.7195918250089 0.0000002509 0.0000000000
916.79638 18.7577446168061 0.0000002897 -29.2264153487
857.51856 6.78720399650259 0.0000001390 31.3199184480
650.64457 18.2046555342791 0.0000002509 -28.1605096087
580.49355 11.105666543637 0.0000000260 0.0000000000
913.74910 19.302198557412 0.0000002509 0.0000000000
911.56200 10.3169881981364 0.0000002509 0.0000000000
950.81712 20.1666057797395 0.0000002509 0.0000000000
892.60621 14.269776412408 0.0000002897 0.0000000000
914.58816 11.4549287797669 0.0000002509 0.0000000000
886.63203 14.1498379234974 0.0000002509 0.0000000000
998.91102 21.3514110167093 0.0000002509 -28.4272772646
942.84842 21.2651997878172 0.0000002897 0.0000000000
878.57531 8.00328355330391 0.0000002897 -28.6154518338
776.63988 15.4470356803124 0.0000002897 0.0000000000
935.76743 19.7157583960086 0.0000002509 0.0000000000
449.36254 4.69384636354502 0.0000002509 0.0000000000
970.87972 21.0948246984237 0.0000002509 0.0000000000
756.63480 14.9382181617438 0.0000002897 -28.5523392286
796.66610 15.453594050896 0.0000002509 0.0000000000
826.59565 6.30493958316165 0.0000002509 0.0000000000
798.56435 9.39019550686799 0.0000002509 0.0000000000
798.56435 7.40936832634803 0.0000002509 0.0000000000
826.59565 6.61402762876569 0.0000002509 0.0000000000
886.55686 9.91590302768569 0.0000002897 0.0000000000
886.55686 9.77556956966247 0.0000002509 0.0000000000
886.55686 8.74647435991662 0.0000002509 -27.9041451023
742.53573 10.0062373355179 0.0000002509 0.0000000000
690.50683 10.2633397689426 0.0000001012 -32.3763926979
842.66333 16.4569772072823 0.0000002509 -28.5525650243
838.55686 11.6489497894507 0.0000002509 0.0000000000
886.55926 8.57816991215886 0.0000002168 -28.3674886670
786.52906 9.54781366597177 0.0000001390 -29.0101882949
886.62963 14.1753157763862 0.0000002509 0.0000000000
844.51231 8.40001784466841 0.0000002509 0.0000000000
836.54361 5.56437474523934 0.0000002897 0.0000000000
836.54361 5.89059209797699 0.0000002509 0.0000000000
836.54361 6.69187420605594 0.0000002509 0.0000000000
836.54361 9.52829618383562 0.0000002509 0.0000000000
894.69463 17.26798736618 0.0000002897 0.0000000000
812.54361 10.7224346048556 0.0000002509 0.0000000000
812.54361 8.69583647723979 0.0000002509 0.0000000000
882.59833 11.2774711133797 0.0000002509 0.0000000000
648.32719 2.17865509719125 0.0000002509 0.0000000000
828.51740 8.78639476467082 0.0000002509 0.0000000000
794.56943 10.0512169828038 0.0000002509 0.0000000000
686.55655 8.93954766289255 0.0000002509 0.0000000000
904.60621 15.7121643288585 0.0000002897 0.0000000000
796.66610 15.6209886249695 0.0000002509 0.0000000000
827.66367 13.4443841781333 0.0000002897 -28.5817757792
690.50683 10.254350732483 0.0000001012 -32.3745460628
826.59565 5.41358206450525 0.0000002509 0.0000000000
804.51850 11.3263225046212 0.0000001786 -31.0595728728
782.53415 13.6397363078019 0.0000001576 -29.9873219580
890.65632 11.3010359829542 0.0000002509 0.0000000000
972.73457 15.9008881752571 0.0000002509 0.0000000000
606.28375 2.14189733332432 0.0000001390 -29.4698500139
716.52358 11.9465095907597 0.0000000108 0.6960804741
828.70757 19.682232899643 0.0000002897 -26.9582762634
734.47663 7.85423995381365 0.0000001576 -30.0550630646
970.84333 20.787414113719 0.0000002509 0.0000000000
714.50793 10.6346404336776 0.0000000201 0.5702902856
808.73887 19.6163037534519 0.0000002509 -29.8624404798
538.51937 12.6347754672218 0.0000002509 -26.9403120044
902.57531 8.40777597764156 0.0000002509 0.0000000000
774.66062 19.10110760512 0.0000002509 0.0000000000
902.57531 7.8476288981191 0.0000002897 -29.1289048947
828.70757 19.5893528903648 0.0000003338 -27.7741626458
844.51231 7.60670784244211 0.0000003338 0.0000000000
914.58816 12.1295437681812 0.0000003338 0.0000000000
888.76508 18.2461233448749 0.0000003338 0.0000000000
893.72048 18.9673373341336 0.0000003338 0.0000000000
798.56435 7.74104100674684 0.0000003338 0.0000000000
878.57531 8.33550877663642 0.0000003338 -28.8175662532
892.60621 14.1193307211879 0.0000003839 0.0000000000
743.60615 14.7694142748399 0.0000003839 0.0000000000
888.76508 18.4553307275951 0.0000003839 -28.2894288848
992.86407 20.3242270711278 0.0000003839 -29.4240444296
972.85898 20.1777156725036 0.0000004408 0.0000000000
970.87972 21.3626190675767 0.0000004408 -28.2574328249
1099.03622 22.0229615972476 0.0000005052 0.0000000000
992.77017 19.6172518313539 0.0000005052 0.0000000000
862.62502 9.24482835869706 0.0000005779 -31.4750612410
892.79638 19.2859606993813 0.0000006601 -29.3905989747
913.74910 19.0395013049888 0.0000007527 0.0000000000
794.56943 9.62792156052975 0.0000007527 -29.8420553028
794.56943 9.22258334352286 0.0000007527 0.0000000000
864.70757 19.3124897141101 0.0000007527 -29.0426638495
864.70757 19.5347191991189 0.0000007527 -28.5546768181
913.74910 19.1360211597815 0.0000007527 0.0000000000
502.29282 2.42363161790282 0.0000008570 -29.9365858811
714.60310 16.4127143615306 0.0000008570 0.0000000000
670.63440 18.5185223829866 0.0000008570 31.0387878462
806.56242 5.8302685831104 0.0000008570 30.7050563585
790.53573 8.61770766977979 0.0000008570 -28.1605703621
794.56943 9.80425172899345 0.0000009743 -27.2161579253
995.89771 21.7376585462497 0.0000009743 -29.8850609314
932.62226 10.990910959421 0.0000009743 30.5485667644
824.54471 12.6215207088815 0.0000012417 -31.1205504542
678.56672 16.2927558222061 0.0000014188 -32.5288170858
690.50683 10.2541770466429 0.0000014188 -31.6424718121
821.66296 19.9192597458782 0.0000014188 -30.0011918009
781.63166 19.5054389752395 0.0000016036 0.0000000000
678.56672 16.431549127195 0.0000016036 -32.5266857998
828.61130 11.736746831848 0.0000018101 -29.9645471583
661.52790 9.69447754506992 0.0000018101 0.0000000000
714.50683 8.93825499182348 0.0000018101 0.0000000000
608.52485 12.9131676509597 0.0000020406 0.0000000000
814.53813 12.2523247458168 0.0000020406 0.0000000000
766.50175 8.15633711614708 0.0000022975 0.0000000000
774.52906 7.87181094106 0.0000022993 0.0000000000
864.70757 19.1255593728647 0.0000022975 0.0000000000
694.59802 17.7874457901788 0.0000022975 0.0000000000
764.52248 10.0117698170554 0.0000022975 0.4682935916
876.57601 8.19824993908171 0.0000025404 -30.2410418046
974.87463 20.3029731425367 0.0000025835 0.0000000000
1002.94232 21.625995387222 0.0000025835 0.0000000000
944.82768 20.8102044715988 0.0000025835 0.0000000000
834.75452 19.8122443409182 0.0000029016 -30.7719061300
946.84333 20.3755432478324 0.0000029016 0.0000000000
1068.98927 21.7209722491142 0.0000029016 0.0000000000
854.62695 11.710716483512 0.0000029016 0.0000000000
942.81203 20.1232368911019 0.0000063354 0.0000000000
620.59762 16.7396977575606 0.0000063354 0.0000000000
936.76508 18.5186099282481 0.0000070528 28.5500880663
634.61327 17.2609706958659 0.0000063354 0.0000000000
927.61096 14.2420765502054 0.0000063354 28.4316405346
634.61327 17.046546987421 0.0000070528 28.9548799923
936.76508 19.1179883382877 0.0000070528 29.4935602073
1089.05187 22.2640553517993 0.0000063354 0.0000000000
1008.89537 21.3493391355033 0.0000070528 27.8416910153
838.69192 19.1221229252974 0.0000070528 0.0000000000
838.69192 19.2785591862241 0.0000063354 28.9666327020
774.60073 16.2362152812099 0.0000070528 29.0324750201
942.81203 19.4462315033979 0.0000063354 0.0000000000
808.66610 15.2926862036791 0.0000070528 27.8204079591
831.63745 12.3309298603856 0.0000070528 28.1748051005
750.50443 6.90835286677073 0.0000070528 28.5372452781
824.61638 11.9954974542944 0.0000070528 29.0562762667
942.81203 19.2286735879301 0.0000063354 0.0000000000
798.52556 9.96851421522603 0.0000063354 27.8940756101
818.56943 10.6752780889912 0.0000070528 29.8180253445
878.61994 8.43416308088934 0.0000063354 28.3363111640
582.50920 12.7753852773845 0.0000063354 28.7036141934
808.70248 19.53252474725 0.0000040819 0.0000000000
872.57759 11.4901192517225 0.0000063354 27.5376257917
834.71813 19.7024842141707 0.0000045634 0.0000000000
834.71813 19.5884635380838 0.0000045634 0.0000000000
754.53813 9.88018527485945 0.0000063354 0.0000000000
866.66333 16.1311032822682 0.0000070528 29.0662432609
888.64528 15.1423347059567 0.0000063354 28.8122795376
818.56703 10.0990382757739 0.0000070528 29.5160129081
645.54525 17.326768853654 0.0000050961 0.0000000000
864.64768 14.4603596661296 0.0000070528 29.0371828650
872.58000 10.9374339665835 0.0000063354 28.0019901307
768.55138 8.9843632360349 0.0000063354 27.6129161312
831.63745 12.5092239702787 0.0000063354 29.2745245512
682.64966 21.2500256419296 0.0000070528 28.1117323576
763.63876 17.9344687427686 0.0000063354 0.0000000000
803.66367 7.49280608940534 0.0000063354 28.0035069876
760.64497 17.9993307313395 0.0000070528 0.0000000000
1008.89537 21.1674514292546 0.0000063354 28.9396139544
908.73378 17.5335121646671 0.0000070528 0.0000000000
808.66610 15.0654361565242 0.0000070528 0.0000000000
838.55926 11.9920506155625 0.0000063354 29.1085378333
838.69192 18.8158373469008 0.0000063354 27.5850448116
826.71305 17.9751998039885 0.0000063354 26.6721642175
689.56906 18.965613712175 0.0000040819 30.5088184860
878.56943 7.3036778221345 0.0000063354 0.0000000000
938.78073 19.4082545818847 0.0000070528 28.7845145116
620.59762 16.4863827907993 0.0000070528 29.0124889515
808.70248 19.7207297847253 0.0000063354 0.0000000000
730.54050 11.6714273823859 0.0000070528 28.9811872537
1106.75610 13.4691689992642 0.0000063354 27.9916452259
682.64966 21.2037438795692 0.0000070528 28.1665788831
832.70248 17.6077147587415 0.0000063354 0.0000000000
780.67118 19.0957418247026 0.0000063354 28.6948949538
832.70248 17.9104454003649 0.0000063354 0.0000000000
694.63440 18.598961260615 0.0000063354 28.6892475371
694.63440 18.3553007082915 0.0000063354 28.7981623852
512.46734 6.90917724543291 0.0000063354 28.8699281066
910.74943 17.7345957013036 0.0000063354 26.6464637700
694.64966 20.9081246444429 0.0000045634 -30.2108137444
919.73613 19.1677797138039 0.0000063354 0.0000000000
838.55926 11.5171097840673 0.0000063354 28.5911386423
521.42005 4.56245991383664 0.0000070528 0.0000000000
744.66531 20.9369401257098 0.0000070528 27.0691989416
916.73887 19.687053728927 0.0000063354 28.1186694750
598.54050 15.5084030975704 0.0000063354 28.1522893366
932.73378 18.7780916692925 0.0000063354 28.9915545258
832.70248 18.9964478641512 0.0000070528 28.7942145159
832.70248 19.3221789584865 0.0000063354 29.1291310792
926.81712 19.9961071843996 0.0000056851 0.0000000000
582.50920 12.5131635258936 0.0000070528 0.0000000000
902.74435 17.6365384225453 0.0000063354 0.0000000000
740.52248 10.4417155448795 0.0000045634 0.6195284110
902.74435 17.2563816857018 0.0000063354 0.0000000000
788.52248 8.630284343459 0.0000070528 28.2602457783
1075.03622 22.2272700293582 0.0000040819 0.0000000000
946.71892 15.6794470700887 0.0000070528 27.9363644725
955.77251 20.9201143944706 0.0000063354 28.6910162760
800.52008 7.00529186720658 0.0000063354 29.2555899588
780.67118 18.9099025139418 0.0000056851 28.2185969050
884.73378 17.9493702637135 0.0000070528 0.0000000000
946.84333 20.1393152901222 0.0000063354 0.0000000000
832.70248 19.1785617031494 0.0000063354 28.7376534950
692.61875 17.6306018998363 0.0000063354 28.4948400156
798.52796 10.0199104253459 0.0000063354 28.7625290127
842.56943 9.99018256168592 0.0000070528 29.2680977591
634.61327 17.6319395883584 0.0000063354 28.6956960739
838.55926 6.97461568849113 0.0000063354 0.0000000000
838.55926 6.29566271833174 0.0000063354 0.0000000000
868.73887 19.5012183316609 0.0000040819 0.0000000000
906.71813 16.7899063087552 0.0000063354 28.5429410450
1000.92667 21.7006674697822 0.0000070528 27.3844342286
838.55926 5.90826679290631 0.0000063354 0.0000000000
838.55926 5.74322668110538 0.0000063354 0.0000000000
890.72322 19.6916151495635 0.0000070528 29.0924211273
1040.95797 21.5668988741834 0.0000063354 25.1666511384
884.73378 18.1777721222614 0.0000063354 0.0000000000
890.72322 19.4435201936027 0.0000063354 0.0000000000
838.55926 5.42834274301472 0.0000063354 0.0000000000
1040.95797 21.0951352585558 0.0000070528 27.6699370885
1071.00492 21.8021031932053 0.0000040819 0.0000000000
790.69192 18.9613743988494 0.0000070528 28.8980157656
884.73378 18.2921117320691 0.0000063354 0.0000000000
1024.67785 8.65224253047407 0.0000070528 26.7291405008
736.49118 7.95376324806415 0.0000070528 28.4971236055
593.51395 14.7986388488556 0.0000063354 28.7103214638
892.60381 14.3065056849868 0.0000070528 0.0000000000
828.55966 9.00662114892922 0.0000070528 28.2667767525
942.81203 20.5328877850625 0.0000063354 25.7447230124
890.72322 19.3382342296112 0.0000070528 0.0000000000
624.29431 3.21329177627375 0.0000072325 32.5790937773
886.78582 19.6966578494945 0.0000078437 0.0000000000
880.76000 18.8551280257099 0.0000078437 0.0000000000
678.47045 4.03781475879018 0.0000078437 0.0000000000
838.55926 5.56502084678931 0.0000078437 0.0000000000
819.58980 10.106011857773 0.0000078437 0.0000000000
764.52358 10.4697163186512 0.0000086670 0.3868639692
834.75452 19.623617780153 0.0000087145 -28.4752081852
906.75452 20.0215279646577 0.0000087145 28.0782915572
694.64966 20.9714780654114 0.0000096727 -30.7138632574
819.61093 10.7711743305582 0.0000096727 31.3737655917
874.55926 7.78244762153085 0.0000096727 0.0000000000
716.52248 10.7508630510489 0.0000107260 0.7271336241
716.52248 10.5192519460083 0.0000118829 0.7506576452
886.78582 19.9591459073843 0.0000118829 27.0248531937
664.60271 20.6638709867292 0.0000131525 0.0000000000
768.55488 13.0541579667641 0.0000134690 0.5769175581
812.54361 5.61346600504397 0.0000145446 -28.0066676116
678.56672 15.9855257875705 0.0000160698 -30.9526645093
916.73887 19.4646229304789 0.0000160698 0.0000000000
806.72322 19.2355055086854 0.0000177393 0.0000000000
812.54361 5.4848494774895 0.0000195656 0.0000000000
666.60310 16.3950706417439 0.0000195656 0.0000000000
1000.92667 21.0634287715864 0.0000195656 26.2479178709
966.84842 20.353538437359 0.0000195656 30.9248610685
764.52358 11.249843012875 0.0000206083 0.4336493377
718.53813 12.5773093985538 0.0000261202 0.8734430153
785.65310 13.0593623394444 0.0000261202 0.3885059847
956.73251 18.2063702884559 0.0000310743 0.0000000000
742.53923 13.051048931761 0.0000310743 0.4358367487
908.79130 18.9241115323477 0.0000315406 -29.0187541850
561.48883 13.1581818237378 0.0000336779 0.0000000000
906.77565 19.1793709313384 0.0000346184 0.0000000000
908.77017 20.2589387360271 0.0000379672 -27.7117582068
558.47282 19.3047972289926 0.0000379672 0.0000000000
572.48847 13.085586598735 0.0000379672 0.0000000000
874.78582 20.6551008507198 0.0000379672 0.2197988880
892.60731 10.2780298686904 0.0000394933 -0.2483430274
780.51740 7.52666946501343 0.0000416082 0.0000000000
572.48847 12.7974983020348 0.0000416082 0.0000000000
800.66101 16.0513020085876 0.0000416082 0.0000000000
816.57491 6.54104460144424 0.0000416082 -26.8582958922
918.81203 19.3009013520459 0.0000455645 0.0000000000
764.67627 18.9609767038825 0.0000455645 -31.6665487789
942.84842 20.9329945481314 0.0000455645 -29.7954854934
736.49228 7.94913734105586 0.0000462143 0.0000000000
970.78582 20.0961155933915 0.0000498600 -30.6066937016
835.66875 15.0213345601098 0.0000498600 0.3642647415
842.70796 17.4882012477371 0.0000498600 0.0000000000
641.51395 15.1740289860443 0.0000498600 29.0515838335
766.53923 12.707427916444 0.0000539664 0.3056225814
888.76508 20.0952089837461 0.0000545207 0.5538189254
938.81712 19.8425766580366 0.0000545207 28.3905899381
691.66098 19.8595490829256 0.0000582725 0.0000000000
982.68955 3.12520071322685 0.0000595746 0.0000000000
668.54598 7.98467547530437 0.0000595746 0.0000000000
670.59802 17.678965354013 0.0000595746 0.0000000000
712.64497 18.7308969181232 0.0000650507 30.9677218467
772.54870 7.78099368630519 0.0000709805 0.5074346715
866.72322 19.5272690278866 0.0000709805 -29.3643954218
906.81203 19.9086914544665 0.0000709805 0.0000000000
806.68683 17.5470926919131 0.0000773977 0.0000000000
652.55107 16.1077760555979 0.0000773977 -27.7522541109
538.48299 6.64984389580239 0.0000773977 0.0000000000
811.66875 16.5864032197892 0.0000773977 0.3427751059
796.73887 19.7977855137768 0.0000773977 -33.3613911476
670.59802 18.7985306813644 0.0000773977 0.0000000000
1054.97362 21.6374852635058 0.0000843376 0.0000000000
1097.02057 21.8577031791158 0.0000843376 0.0000000000
642.56672 17.5627122923697 0.0000843376 0.0000000000
796.70248 18.7920251571022 0.0000843376 0.0000000000
794.56943 13.8108287014337 0.0000843376 -29.9238097087
633.50646 17.0899299089191 0.0000843376 0.0000000000
1101.05187 22.1911342757731 0.0000918380 0.0000000000
940.60621 12.272387208172 0.0000918380 29.7750452479
940.60381 12.0061833729497 0.0000918380 29.7712741624
936.82260 19.8146090045997 0.0000918380 0.0000000000
972.80147 20.1841074795638 0.0000918380 -30.5108756251
566.55067 14.9770299074136 0.0000918380 0.3602024430
736.49228 8.51287416030218 0.0000983612 0.4696536265
766.53573 12.6762752449308 0.0000999394 0.6375171762
1035.00492 22.09824741533 0.0000999394 31.7481602271
754.69192 18.9316579655695 0.0000999394 0.0000000000
754.65553 17.7675590795001 0.0000999394 32.6179908161
754.69192 18.7537397440771 0.0000999394 0.0000000000
910.78582 19.5903718907248 0.0001086841 0.0000000000
778.53573 8.83688841170851 0.0001181175 0.0000000000
813.69426 20.5201278422302 0.0001282880 -32.0529718528
642.56672 17.3170901896051 0.0001282880 0.0000000000
876.80147 20.8894861974896 0.0001282880 0.3632566160
950.81712 20.688621773897 0.0001282880 -31.4370415797
768.55138 12.8482763736528 0.0001282880 0.4197519687
662.36748 3.05994006398348 0.0001409438 -0.5246578532
972.80147 20.3421750978582 0.0001637451 -30.8034967502
594.58197 16.5808252982973 0.0001920857 0.2235724752
790.53813 12.8512910956349 0.0001920857 -30.0607679379
664.38313 3.46430112791016 0.0001997050 -0.4432500516
652.55107 15.7972972243683 0.0002247956 0.0000000000
788.52008 13.188931568567 0.0002247956 0.5385449941
610.54050 15.0388247279259 0.0002247956 0.4499585956
846.52906 7.84948201325996 0.0002288804 -30.9933051177
920.77017 19.6194986597358 0.0002429703 0.0000000000
880.71774 19.7805826656054 0.0002624635 0.2777715775
642.56672 17.8943152494222 0.0002624635 0.0000000000
536.50372 10.509208423509 0.0002624635 0.0000000000
768.55378 12.8432310112672 0.0002833589 0.3024847330
780.70866 18.8798975705685 0.0002991300 1.5918156453
826.67666 15.9411548377082 0.0003057453 0.3069339343
798.52906 7.04077675779076 0.0003195038 -29.8825838717
808.66610 17.3130593589511 0.0003553713 0.0000000000
782.72322 19.5597745781931 0.0003553713 -26.2467746930
838.78582 20.3699000055068 0.0003828128 -31.0338825506
1077.05187 22.3149972740452 0.0003828128 0.0000000000
842.70796 17.694879108752 0.0004121506 0.0000000000
886.74943 19.8293334938339 0.0004121506 0.5442408575
764.52248 11.4149055732965 0.0004121506 0.5731878004
736.49228 8.97475847568944 0.0004415161 0.3262929372
856.58508 8.70629782001326 0.0004434991 0.3764952364
916.83277 21.2181831868393 0.0004434991 0.0000000000
792.55378 12.2489819937957 0.0004769793 0.3773327608
732.55378 13.7898606452611 0.0004769793 0.5910817139
638.57180 16.837530747892 0.0005127181 0.3629495991
766.53573 10.1042840974005 0.0005127181 0.5679058487
778.53573 9.27395638253587 0.0005508483 31.5726549152
864.57601 8.42552388797496 0.0005679024 -0.1677489637
612.55615 16.2959897737381 0.0005915096 0.4567265935
766.53923 11.4782118136062 0.0006042167 0.3676446131
950.68556 15.933915867878 0.0006042167 0.0000000000
766.53813 10.5906541623826 0.0006348491 0.4813968734
652.66022 18.9565300323588 0.0006348491 0.2875588068
790.65553 16.0535794870784 0.0006810200 0.0000000000
790.53923 11.3707863287423 0.0006831945 0.5652754322
770.56943 14.0563745517994 0.0007301835 0.0000000000
645.56051 18.3142285392967 0.0007301835 0.0000000000
728.52358 11.4838282938149 0.0007713565 0.3397959130
882.62296 13.2721389221678 0.0007713565 -0.2063806537
752.52008 8.38462031932374 0.0007825086 0.0000000000
666.56672 16.7917730699918 0.0007825086 30.5868030312
544.45717 10.6548749156376 0.0008381716 29.0699468225
866.81712 20.6864549321464 0.0008381716 0.0000000000
914.58816 10.9428386356678 0.0010980300 0.0000000000
767.60615 12.7337436123045 0.0010980300 0.0000000000
819.63745 13.1161312191406 0.0010980300 0.0000000000
662.57180 15.4290186726661 0.0010980300 0.0000000000
848.61638 12.4766974271809 0.0010980300 0.0000000000
644.59762 15.2198626568904 0.0010980300 0.0000000000
692.52248 12.0416949597893 0.0010980300 0.0000000000
652.58745 16.9354448595998 0.0010980300 0.0000000000
618.58197 16.8515136611189 0.0010980300 0.0000000000
568.56632 15.451306688055 0.0010980300 0.0000000000
812.66101 15.4849345277848 0.0010980300 0.0000000000
860.61398 14.0406008432365 0.0010980300 0.0000000000
805.62180 11.9884327858594 0.0010980300 0.0000000000
626.57180 16.9606438751328 0.0010980300 0.0000000000
860.61398 12.8436534231233 0.0010980300 0.0000000000
885.54635 7.7713487642378 0.0010980300 0.0000000000
812.52008 12.5446320617231 0.0010980300 0.0000000000
878.58816 12.7629630372409 0.0010980300 0.0000000000
552.53502 13.5982849335961 0.0010980300 0.0000000000
672.54090 8.20773676598412 0.0010980300 0.0000000000
742.53813 12.0213414389539 0.0010980300 0.0000000000
674.64457 17.6769971067008 0.0010980300 0.0000000000
796.54870 6.73042125074951 0.0010980300 0.0000000000
930.75452 19.5970339347887 0.0010980300 0.0000000000
557.45644 4.03606346915314 0.0010980300 0.0000000000
796.54870 7.97134259044364 0.0010980300 0.0000000000
956.77017 19.9634717117313 0.0010980300 0.0000000000
666.53033 6.64359598509578 0.0010980300 0.0000000000
1036.92667 21.2203718984661 0.0010980300 0.0000000000
1132.77175 13.3299254915796 0.0010980300 0.0000000000
1022.66220 7.16196778049472 0.0010980300 0.0000000000
650.57180 15.9704632345045 0.0010980300 0.0000000000
796.54629 7.98897680006058 0.0010980300 0.0000000000
836.67627 18.6357788846501 0.0010980300 0.0000000000
996.64655 6.94142941247537 0.0010980300 0.0000000000
1136.80305 16.5401036363083 0.0010980300 0.0000000000
1108.77175 15.1342740346312 0.0010980300 0.0000000000
592.49355 4.9402285411521 0.0010980300 0.0000000000
1134.78740 15.346940214106 0.0010980300 0.0000000000
891.70483 18.8863638533251 0.0010980300 0.0000000000
1134.78740 15.0179941635531 0.0010980300 0.0000000000
907.77251 26.3700618026339 0.0010980300 0.0000000000
779.60615 8.88831180841904 0.0010980300 0.0000000000
881.68650 17.350154695584 0.0010980300 0.0000000000
881.68650 17.4836337700889 0.0010980300 0.0000000000
953.75686 20.3308731897674 0.0010980300 0.0000000000
690.60310 16.8133125031881 0.0010980300 0.0000000000
666.63949 17.0532694771335 0.0010980300 0.0000000000
690.60310 16.9847488289727 0.0010980300 0.0000000000
564.53502 13.016760221587 0.0010980300 0.0000000000
906.60661 10.9954806200241 0.0010980300 0.0000000000
608.59762 17.1278515911952 0.0010980300 0.0000000000
628.35849 3.85206451276393 0.0010980300 0.0000000000
791.61366 12.3881898744884 0.0010980300 0.0000000000
783.45714 2.98186299648712 0.0010980300 0.0000000000
771.63745 16.0121158351908 0.0010980300 0.0000000000
1149.88206 11.9145627667086 0.0010980300 0.0000000000
753.59050 8.67537806258626 0.0010980300 0.0000000000
918.75452 19.1835581393877 0.0010980300 0.0000000000
956.79130 19.4535207201066 0.0010980300 0.0000000000
746.68096 21.2352965492086 0.0010980300 0.0000000000
622.54050 14.2298657740344 0.0010980300 0.0000000000
850.78582 21.0328132545998 0.0010980300 0.4952559492
745.62180 16.1458603866542 0.0010980300 0.0000000000
902.78073 19.570113456069 0.0010980300 0.0000000000
780.52901 7.25572502669142 0.0010980300 0.0000000000
848.61638 11.5896624503375 0.0010980300 0.0000000000
1026.94232 21.4520957667081 0.0010980300 0.0000000000
744.59254 17.5258161752218 0.0010980300 0.0000000000
770.56943 12.3151054857801 0.0010980300 0.0000000000
860.61638 10.814572123533 0.0010980300 0.0000000000
820.54870 7.51647340501577 0.0010980300 0.0000000000
818.49666 7.64414006691952 0.0010980300 0.0000000000
790.59565 10.1741571526494 0.0010980300 0.0000000000
728.60350 12.3703602829537 0.0010980300 0.0000000000
970.71892 14.152363837516 0.0010980300 0.0000000000
788.52248 10.6156606168787 0.0010980300 0.0000000000
932.79130 17.8258773830643 0.0010980300 0.0000000000
824.54361 10.7181607840464 0.0010980300 0.0000000000
776.58000 9.99120757874444 0.0010980300 0.0000000000
624.55615 15.2359536765845 0.0010980300 0.0000000000
762.50683 8.7867781831381 0.0010980300 0.0000000000
524.50372 11.3822844500956 0.0010980300 0.0000000000
814.50175 8.28706860620359 0.0010980300 0.0000000000
820.51231 9.20583662612468 0.0010980300 0.0000000000
766.53813 11.4098198392024 0.0009602597 0.4806400482
838.55926 5.06340574600331 0.0010980300 0.0000000000
826.63203 10.8441037589627 0.0010270801 0.0000000000
750.50683 8.87963413499846 0.0010980300 0.0000000000
820.54870 9.30071755361875 0.0010980300 0.0000000000
670.64966 21.4265644864745 0.0010980300 0.0000000000
971.70991 19.4800049739226 0.0010980300 0.0000000000
900.61130 13.3894818630432 0.0010980300 0.0000000000
804.61130 11.6613723077388 0.0010980300 0.0000000000
758.53305 9.56620509239456 0.0008973574 0.0000000000
684.55615 13.7310499656203 0.0010980300 0.0000000000
792.48101 7.38003461304003 0.0010980300 0.0000000000
918.68762 13.7460953575189 0.0010980300 0.0000000000
842.62695 9.03822113025416 0.0010980300 0.0000000000
754.53813 8.19847468907275 0.0010980300 0.0000000000
916.60381 13.1587670191815 0.0010980300 0.0000000000
686.57180 15.9654149812827 0.0010980300 0.0000000000
860.54361 7.08624726430884 0.0010980300 0.0000000000
822.56435 8.43735291513157 0.0010980300 0.0000000000
822.56435 6.98915339023115 0.0010980300 0.0000000000
822.56435 7.46586625635427 0.0010980300 0.0000000000
860.54121 8.65870550996592 0.0009602597 0.0000000000
762.50443 8.7639163553579 0.0010980300 0.0000000000
848.54361 10.047191338987 0.0010980300 0.0000000000
844.51341 9.89377038181134 0.0011006119 0.3884988695
805.62180 10.0358196364818 0.0011733304 0.0000000000
769.62180 14.6479309917326 0.0011733304 0.0000000000
568.36200 3.84595053331385 0.0011663481 -0.3794273941
800.54361 11.5977043071417 0.0011733304 0.0000000000
636.55615 15.2007447017287 0.0011733304 0.4177349968
770.56943 13.1877330009195 0.0011733304 0.0000000000
854.59166 10.8790042287516 0.0011663481 -0.1579920767
766.53923 11.9637099189358 0.0011663481 0.3501357237
776.52248 7.23964423955735 0.0011733304 0.0000000000
842.66333 16.0335957915798 0.0011733304 0.0000000000
626.34284 3.15904989717205 0.0011733304 0.0000000000
505.42623 9.42082750728656 0.0012355828 27.8090336214
624.32719 2.37772744078826 0.0012532108 0.0000000000
1103.06752 22.3870488232244 0.0012532108 0.0000000000
793.55889 8.66615893672386 0.0012532108 0.0000000000
660.55615 14.1730374212904 0.0012532108 0.0000000000
854.59166 10.549563876613 0.0013084775 -0.2672430652
970.78582 19.9160094318401 0.0013379119 -29.6508070765
932.77017 19.8525281248487 0.0013379119 0.0000000000
640.58745 17.3168212821192 0.0013379119 0.3954203991
624.55615 15.5823917350051 0.0013379119 0.0000000000
882.58658 6.95010110983653 0.0013851998 0.0000000000
862.63203 11.9512535006425 0.0014276846 0.0000000000
652.55107 16.4689038839025 0.0014276846 -30.1777133020
716.56711 9.64189199345199 0.0014276846 0.0000000000
539.43062 4.05616896686207 0.0014276846 0.0000000000
748.54870 7.53976224564786 0.0014276846 0.0000000000
830.56703 9.26299199256904 0.0014276846 0.0000000000
826.53573 8.05664216501058 0.0015227893 0.0000000000
1006.87972 20.9550512295005 0.0015227893 0.0000000000
892.60731 10.577662703913 0.0015508287 -0.3219045183
884.54361 8.41095632218902 0.0016234985 0.0000000000
860.54121 8.2015241960463 0.0016234985 0.0000000000
889.57765 10.2944029330796 0.0016234985 0.0000000000
884.54121 8.56678313424988 0.0016234985 0.0000000000
826.53573 7.43053805823641 0.0016234985 0.0000000000
816.55138 9.00539700019513 0.0016234985 0.0000000000
1006.87972 21.0670194722587 0.0016234985 0.0000000000
755.60615 12.6154342502388 0.0016234985 0.0000000000
617.51395 16.2934649041849 0.0016234985 0.2807654702
742.53573 12.0805817474551 0.0016234985 0.0000000000
783.63745 12.5822459095545 0.0016234985 0.0000000000
860.54361 9.05982176456638 0.0016234985 0.0000000000
860.54361 8.38474410173571 0.0016234985 0.0000000000
682.54050 12.2558316489976 0.0016234985 0.0000000000
910.55926 9.20945876592457 0.0016234985 0.0000000000
664.58745 16.9059194033 0.0016234985 0.0000000000
834.71813 18.4029145964906 0.0017300960 0.0000000000
575.46700 5.38680386869267 0.0017300960 0.0000000000
834.71813 18.4485323971623 0.0017300960 0.0000000000
848.54361 10.4299192267077 0.0017300960 0.0000000000
834.52796 7.92853126333138 0.0017300960 0.0000000000
1002.84842 20.7777363196825 0.0017300960 0.0000000000
822.56194 7.2826229910224 0.0017300960 0.0000000000
660.55615 15.3663824574461 0.0017300960 0.0000000000
684.55615 14.0212976895966 0.0017300960 0.0000000000
658.54050 14.1221329561315 0.0017300960 0.0000000000
888.70757 19.1638807447092 0.0017300960 32.2725870024
1023.92901 21.8985576701038 0.0017300960 0.0000000000
820.51231 8.44617022668243 0.0017300960 0.0000000000
953.75686 20.4907993543649 0.0017300960 0.0000000000
820.51341 5.60057732510117 0.0017339392 0.0000000000
568.36200 3.4839113258688 0.0018325389 -0.3333143597
974.75022 16.9362575111927 0.0018428762 0.0000000000
1034.91102 21.6242738234341 0.0018428762 0.0000000000
912.76508 19.8415631670713 0.0018428762 0.4581000553
738.66062 18.845843684782 0.0019621462 0.0000000000
642.61836 21.2138729018903 0.0019621462 0.0000000000
766.53813 10.6408584802938 0.0019621462 0.3947032724
688.58745 16.0393490043176 0.0020882256 0.0000000000
860.61638 10.4766470056212 0.0020882256 0.0000000000
648.62892 17.5698495820039 0.0020882256 0.2212585590
700.57220 10.2433176901315 0.0020882256 0.0000000000
1004.86407 21.0179301694015 0.0020882256 0.0000000000
752.52008 7.93427582991434 0.0020882256 0.0000000000
554.34635 2.9150829282304 0.0021590347 -0.2060448278
666.60310 17.4600631742548 0.0022214457 0.5040088118
862.63203 13.9793865361005 0.0022214457 0.0000000000
934.80695 19.1902897071621 0.0022214457 0.0000000000
784.66610 16.4558181851827 0.0022214457 0.1845939360
960.89537 21.0543832240577 0.0023621512 0.2807416441
860.54121 8.47092903531008 0.0023621512 0.0000000000
932.77017 20.0116510240289 0.0023621512 0.0000000000
890.78073 20.1930690555323 0.0023621512 0.5383955394
872.77017 20.4651812734825 0.0023621512 0.2462178000
762.50443 8.17792824107983 0.0025107008 0.0000000000
774.60073 16.239879683181 0.0025107008 0.3988351411
778.53573 10.989356969197 0.0025107008 0.4195845832
826.54401 7.42890087014012 0.0025107008 0.0000000000
852.55138 7.82364064179835 0.0025107008 0.0000000000
686.57180 14.8685647194608 0.0026674653 0.0000000000
821.62658 12.2074870089472 0.0026674653 0.0000000000
792.55378 11.5036067657378 0.0026674653 0.6246424434
862.63203 12.2833803435442 0.0026674653 0.0000000000
904.54980 8.14853124545839 0.0026745298 0.0000000000
904.54980 8.14853124545839 0.0026745298 0.0000000000
718.64966 20.9885479032109 0.0028328305 0.0000000000
884.73378 19.4554963506516 0.0028328305 0.3561598928
600.32719 2.9382701936241302 0.0028328305 0.0000000000
848.77017 20.6807771811994 0.0028328305 0.3623624985
662.57180 16.0205121754695 0.0028328305 0.0000000000
762.50683 8.17303562964144 0.0030071966 0.0000000000
748.64497 18.8205068382173 0.0030071966 0.0000000000
638.57180 16.4073643619277 0.0030071966 0.5001649232
738.50683 9.06434144561287 0.0030071966 0.6657067478
727.56599 18.2335352367007 0.0030071966 0.0000000000
566.34635 2.07466059055652 0.0031300596 0.0000000000
856.57093 5.59898090401648 0.0031300596 -29.8374131679
834.62296 14.2641245045085 0.0031300596 -29.9563975599
608.35691 3.10659482580248 0.0031300596 0.0000000000
590.34635 2.71744863036992 0.0031300596 30.5632691664
886.56036 6.96652449498132 0.0031300596 31.6747601917
746.49776 8.20006651458217 0.0031300596 -29.8247360890
810.68175 16.368849155244 0.0031909776 0.1389353599
826.53573 7.74611818368022 0.0031909776 0.0000000000
738.50683 8.6070909281738 0.0031909776 0.7014065390
790.53923 10.8349915198868 0.0032964911 0.4124721636
868.60731 12.0187943927317 0.0032964911 -0.1252558954
848.54471 7.29505914299636 0.0032964911 0.8666263266
812.65514 18.911232777149 0.0033846030 0.0000000000
900.55966 7.26078663209715 0.0033846030 0.0000000000
934.87972 20.9370845076923 0.0035885179 0.1811257405
916.60381 13.4903661896687 0.0035885179 0.0000000000
846.55019 4.92473130045344 0.0036530168 -34.0277711728
872.56584 5.14933363678303 0.0036530168 0.0000000000
872.56584 4.96633835499076 0.0036530168 0.7572301718
846.55019 4.69614526550089 0.0036530168 -34.0383511856
850.58149 6.18428849202841 0.0036530168 -33.0313425363
924.59714 6.44189087338189 0.0036530168 0.6960111538
1004.86407 20.7677610825149 0.0040290718 0.0000000000
1004.86407 20.8282943621821 0.0040290718 0.0000000000
755.60615 9.77593965244202 0.0040290718 0.0000000000
734.62932 18.7524257712838 0.0040290718 0.0000000000
860.63861 14.9034921259111 0.0042517307 -3.1181987027
610.50412 4.24553244043687 0.0042666805 0.0000000000
782.63792 9.11959454265665 0.0044696890 -0.8726393067
535.47318 12.6725741779396 0.0044696890 0.0000000000
600.29431 3.49984980830846 0.0044696890 0.0000000000
862.78582 20.7958659569877 0.0045165163 0.2188720181
822.52796 7.86313854524781 0.0045165163 0.0000000000
744.55378 13.1816891747472 0.0047791056 0.4431263803
740.63401 20.5689674938009 0.0047791056 33.2907454233
858.71813 19.1482565223238 0.0047791056 0.0000000000
298.31044 4.60763436225434 0.0047791056 -0.1515605694
790.53923 12.0710857916984 0.0049353183 0.3521438305
866.59166 9.92024020757231 0.0049353183 -0.1440813024
628.36200 2.740829679828 0.0049353183 -0.3090065005
634.54050 13.3829831408155 0.0050549923 0.2848806082
856.58268 10.7614273483348 0.0050549923 -0.1921948123
792.55488 13.6628891651468 0.0051837362 0.3019238745
878.59166 10.3264429958715 0.0051837362 -0.1498353754
638.64457 18.5261975271008 0.0053447363 0.2497762882
800.52248 7.25042467467313 0.0053447363 0.0000000000
664.58745 16.5915303155701 0.0056489168 0.0000000000
634.54050 13.2313475527551 0.0056489168 0.2972775293
844.58508 10.7854915782518 0.0056489168 0.0000000000
858.71813 19.3689287705758 0.0056489168 0.0000000000
936.80147 20.3239508673701 0.0056489168 0.0000000000
624.62892 18.080783619151 0.0056489168 0.3654717983
835.53311 7.87810370052952 0.0059681310 0.0000000000
795.63745 17.2437848228664 0.0059681310 0.0000000000
718.53813 12.6119143033882 0.0059681310 -31.3145286837
964.83277 20.746725863282 0.0059681310 0.0000000000
837.54986 10.9564082702198 0.0062906500 0.0000000000
871.53421 8.44473902873824 0.0062906500 2.9406117821
743.60615 10.5243643238476 0.0063029933 0.0000000000
742.53813 7.9032488405802 0.0063029933 0.0000000000
768.55378 12.0939846851885 0.0066541380 0.4395129217
824.54361 8.60993483439603 0.0066541380 -30.3468409482
676.66022 18.0880555919204 0.0070222186 -26.8523109853
752.52248 8.40281504295583 0.0070222186 0.0000000000
872.77017 17.4569158865644 0.0070222186 0.5991312402
782.68683 18.1693132593408 0.0070222186 0.0000000000
979.86641 21.4848472667142 0.0070222186 -28.5197132028
864.80147 20.9858952501716 0.0070222186 0.2291633223
860.77017 20.5551104196995 0.0070222186 0.3066840548
770.49666 8.7233577179488 0.0070222186 0.0000000000
768.55488 13.6632194275774 0.0072515838 0.2824757138
1010.91102 21.3809305163438 0.0074079062 0.0000000000
622.61327 17.6665487371794 0.0074079062 0.2386158881
909.54876 9.52944471960353 0.0074079062 0.0000000000
894.62296 11.1820495510885 0.0075991935 -0.2818495295
758.62932 18.0689527429452 0.0078118929 0.0000000000
866.72322 19.9644538148942 0.0078118929 -30.0764265981
810.75452 19.9849887103618 0.0078118929 27.8042127833
884.77017 19.3221372557493 0.0078118929 -30.2116427365
812.54361 4.75777593475662 0.0078118929 -0.2796140088
580.56632 15.6431414919584 0.0082348904 -1.4760819726
632.52485 12.2504468890402 0.0082348904 0.0000000000
700.48878 7.51491353390292 0.0082348904 0.0000000000
898.58149 5.60587406267922 0.0083382302 -30.5420229031
552.29431 3.93674128282783 0.0083382302 -28.9463415523
858.58658 7.25741261056723 0.0083382302 0.0000000000
898.58149 6.01125290382151 0.0083382302 0.0000000000
898.58149 7.76283948997714 0.0083382302 -28.5454488967
664.41951 3.30834380407739 0.0083382302 -0.7294926134
715.58471 19.0322109278503 0.0086776289 0.7358608695
819.64731 19.4473886504971 0.0086776289 0.0000000000
948.85898 20.3127156013115 0.0086776289 0.0000000000
664.38313 3.84527286284107 0.0087306564 -0.2268753718
910.74943 19.2548489487144 0.0091408603 0.2501491652
748.49228 8.77720742785254 0.0091390408 0.2691761105
978.84842 20.8363407855246 0.0091408603 0.1587163455
762.50793 9.88437228359852 0.0095639140 0.3428949161
746.56943 14.616686840722 0.0096253569 0.0000000000
758.62932 18.4987935386269 0.0096253569 0.0000000000
686.57180 15.4507181641884 0.0096253569 0.0000000000
964.83277 20.4689942462704 0.0096253569 0.0000000000
666.60420 16.9236782031008 0.0100058189 -33.5107983491
951.74121 20.2440568300512 0.0101319098 0.0000000000
790.50175 8.11831765233682 0.0101319098 27.4098685183
782.65045 15.1582073084874 0.0101319098 0.1849115668
896.63861 14.4323845984573 0.0104653109 -0.1953322471
996.80147 20.212933606418 0.0106613323 0.0000000000
854.72322 19.9405815392757 0.0106613323 0.0000000000
850.56036 7.46523297334516 0.0109429585 0.7890708017
888.80147 19.8628934003178 0.0112144587 -30.2426884236
846.75452 20.3996068946452 0.0112144587 0.2695588742
818.53305 10.012809250657 0.0112144587 0.0000000000
904.83277 21.1064113922071 0.0112144587 0.1825682089
794.56703 13.4993131154608 0.0117921426 0.3056294089
650.64457 18.6323604040323 0.0117921426 0.2139213687
890.81712 21.012173390491 0.0117921426 0.2668645247
734.62932 18.5910462984725 0.0117921426 0.0000000000
1010.91102 21.2903281116972 0.0117921426 0.0000000000
507.44188 10.2344286229577 0.0119550577 0.0000000000
996.80147 20.2808981984853 0.0123952603 0.0000000000
766.53813 7.65739773700549 0.0123952603 0.0000000000
836.61638 11.2458731168424 0.0123952603 -0.1731380065
1034.91102 21.1509599448459 0.0123952603 0.0000000000
928.59096 9.0351711901142 0.0123952603 0.0000000000
825.68440 14.7942929438249 0.0123952603 0.0000000000
677.64533 19.6289636219167 0.0124907101 0.0000000000
526.29392 2.86628042953785 0.0124907101 -0.2307515878
742.64966 20.5986169077755 0.0130247094 0.0000000000
866.72322 19.7874246248282 0.0130247094 -30.6965470350
778.53813 6.85727614892335 0.0130247094 0.0000000000
826.56036 8.89322465729424 0.0130469203 -0.1630150593
682.63440 19.037569606701 0.0136814069 -0.9475734402
822.60073 10.4066146224881 0.0136814069 -0.2465422265
616.36200 3.22359374491745 0.0142235583 0.0000000000
776.52358 10.597279058561 0.0142235583 0.2805319379
838.63203 13.2259585884285 0.0143662927 0.2056745056
662.57180 15.5908266441928 0.0143662927 0.0000000000
822.60073 10.8100594438517 0.0143662927 -0.1826372039
782.68683 18.6950798691491 0.0143662927 -30.1424452378
481.42514 4.04330644716952 0.0150803285 0.0000000000
774.62423 18.3132368173869 0.0158244952 -31.3963814917
960.73457 16.4040791377762 0.0158244952 0.0000000000
505.42623 8.56639182555465 0.0161589482 31.2601356629
866.59166 10.2392818144882 0.0161589482 -0.1929185309
358.29628 3.67315702398483 0.0161589482 0.1920960875
920.77017 20.2206750068248 0.0165997971 0.1941010647
598.50412 13.7863523370105 0.0165997971 0.0000000000
742.64966 20.6011187736777 0.0165997971 0.0000000000
757.62180 15.5650548262963 0.0165997971 0.0000000000
856.60731 11.3111523877457 0.0168522559 -0.1142462596
280.26349 3.19974283945907 0.0174072594 2.2209540667
840.57491 6.98302179574783 0.0174072594 29.4993960833
634.54050 13.8233926110864 0.0174072594 0.2329797794
712.60271 20.2896396465817 0.0174072594 31.1538922564
798.52796 7.58688371826229 0.0174072594 -30.3409655675
878.81712 21.2157968899821 0.0174072594 0.1136736463
840.57491 7.24425473313992 0.0174072594 29.5209001870
930.60661 9.55844054400059 0.0174072594 0.0000000000
826.59675 11.3604975803528 0.0175708274 -0.1123918957
772.58508 15.071718443991 0.0182479274 0.4222667672
878.78073 19.6686886948245 0.0182479274 0.0000000000
782.68683 19.4732445342659 0.0182479274 0.5877559726
498.26262 1.78215904919559 0.0183153878 0.0000000000
512.29940 1.8988154721447 0.0183153878 0.0000000000
907.53311 7.80151880012668 0.0191228688 0.0000000000
750.66062 19.4397721180416 0.0191228688 0.3067911068
778.56036 10.3678682672453 0.0190866752 -0.1643663019
810.71813 18.8814848582909 0.0191228688 28.5284038941
810.66062 18.5768638517623 0.0200331729 27.6294797416
778.53573 9.10865057062369 0.0200331729 0.0000000000
344.27954 1.17961021580051 0.0209799478 0.2175366127
888.80147 20.8119473955546 0.0209799478 0.2169983117
836.73378 18.2878433172025 0.0209799478 -0.1041196331
888.80147 20.0545330641803 0.0219643241 -30.8421125449
802.55926 10.6574420779 0.0229874533 0.0000000000
630.50920 10.3275777366483 0.0229874533 0.0000000000
974.91102 21.1054190039006 0.0229874533 0.2945520626
972.73457 15.5643539966878 0.0229874533 0.0000000000
794.49776 5.46257694858127 0.0233707431 -32.8138981783
832.58508 9.52978056734568 0.0251546726 0.1259248915
680.63401 21.0205391312414 0.0251546726 -0.1702884774
994.78582 19.7892142749866 0.0263011665 0.0000000000
812.69740 17.4862072751591 0.0263011665 0.1035287658
772.58508 14.8183615857382 0.0263011665 0.2486926956
832.54980 13.8466342636181 0.0273590802 -0.2108378092
914.59166 8.74099188690999 0.0273590802 0.1483281590
558.50920 14.4930865314761 0.0274912166 -29.2595333467
558.50920 14.6358506551898 0.0274912166 -29.2610613384
968.86407 21.0233859718751 0.0274912166 0.2675718043
774.52906 6.77889265692154 0.0284410338 -28.8367501256
940.83277 21.0017683424938 0.0287260736 0.0000000000
752.63988 16.3912993696017 0.0287260736 0.4927147779
786.52796 8.31755657965752 0.0300070070 0.2073400901
902.81712 20.9108048706781 0.0300070070 0.2271015353
450.26262 2.12921976162158 0.0307128681 -27.7131989979
860.60223 7.88585511404219 0.0307128681 0.0337772351
840.57601 8.68447863864778 0.0307128681 -0.2113936925
918.62296 11.4890559076187 0.0307128681 -0.1655255333
760.64497 19.1452866048731 0.0313353030 0.2837412115
914.72322 19.374899610818 0.0313353030 -0.3358127340
636.62892 18.1737697021783 0.0327122677 0.1141403167
880.59096 9.77374469016367 0.0327122677 0.3451025040
828.69231 17.2137732777944 0.0341392246 0.1805703420
396.31084 0.98204159640549 0.0341392246 0.0000000000
786.56435 11.6864428816002 0.0341392246 0.0000000000
836.77017 20.796253076464 0.0341392246 0.2821430997
904.59096 7.68094156461773 0.0341392246 0.0000000000
894.81203 19.8348260234993 0.0356175125 0.0000000000
770.65045 17.6273221834902 0.0356175125 1.9949017995
922.84333 19.9170818205574 0.0356175125 0.0000000000
756.61367 17.6770244796814 0.0356175125 0.9677538493
860.73378 19.7167902627459 0.0371484888 0.4471354604
882.60073 11.2291958892711 0.0371484888 0.3185911679
810.71813 19.0531617797204 0.0371484888 26.0422438969
930.84842 21.0342588558108 0.0387335268 0.2511918396
882.77565 19.0902499633058 0.0387335268 0.7129618195
840.57491 6.39393155746639 0.0387335268 27.5124291136
840.57491 6.07030481037946 0.0387335268 27.6703522679
840.57491 6.56318676086745 0.0387335268 26.8060953428
591.49590 16.2122872123923 0.0387335268 0.2088541888
610.33618 1.00581372339599 0.0384570139 32.4372505436
864.57491 7.16949664425744 0.0387335268 0.0000000000
902.61279 7.52701308865099 0.0384570139 -3.8147583100
612.33070 2.13505952074836 0.0384570139 0.0000000000
752.63988 17.8127702102955 0.0387335268 25.5963537668
934.80695 18.7914005540053 0.0387335268 0.0000000000
831.50291 6.78658871939567 0.0384570139 0.0000000000
870.62296 13.0522604846586 0.0398929236 -0.0920079903
832.73887 20.2421245068439 0.0403740134 0.1932475476
842.59056 6.97840730105147 0.0403740134 1.1053023810
828.55138 8.70478008207161 0.0438269594 0.0000000000
754.53573 10.1538623908481 0.0438269594 2.7688823560
750.54432 13.8459072743801 0.0444688425 -0.1547878721
838.56036 8.02647337930021 0.0444688425 -0.1581316937
834.75452 20.5419295597483 0.0456422658 0.1396472140
912.57601 7.65674305910021 0.0460868352 0.1894678211
740.52248 9.29037375530442 0.0475187142 0.0000000000
658.40544 3.61046134045157 0.0475187142 0.0000000000
880.73887 19.154743256211 0.0475187142 0.0000000000
796.58508 14.4598345498102 0.0475187142 0.2056154878
830.55528 7.71586559912584 0.0477528366 0.1469140318
806.59166 12.3291959793821 0.0477528366 -0.2214987202
798.59833 12.2436626760011 0.0494577605 0.0000000000
893.66296 18.9258016594971 0.0494577605 0.0000000000
908.79130 19.1546367349306 0.0514608691 -0.2245387800
852.76508 19.5195850782149 0.0514608691 0.0000000000
844.64370 15.9871121200936 0.0530490307 -0.0810600236
680.63401 20.9741333105279 0.0535295170 -0.1644742514
912.80147 20.4616649087917 0.0535295170 0.0000000000
866.59166 11.3918812773896 0.0549172381 -0.1561087264
886.78582 20.5689864060295 0.0578693828 0.2016135525
316.24824 0.911313870521185 0.0578693828 0.1755402274
589.48025 14.6938891025669 0.0601435957 0.0000000000
646.61327 16.6655881288927 0.0601435957 0.0417238546
535.47318 12.3276548719111 0.0608447825 0.0000000000
614.53542 5.02286815760841 0.0624893384 0.0000000000
796.51231 6.39891832833015 0.0624893384 -30.9305135774
808.73887 19.4789433221002 0.0649081231 -0.9845428499
600.55615 16.6047355297481 0.0649081231 0.3819028549
854.56943 9.30511668582244 0.0649081231 0.1095776116
678.39878 3.38303720394832 0.0650760397 0.0000000000
768.55378 11.5990952444136 0.0674014689 0.4623895692
669.56051 17.9790592463352 0.0674014689 0.1544291345
848.56584 4.59011008861944 0.0695407735 -33.1250387621
804.51740 9.11919690134941 0.0699708983 -0.3858261074
780.70757 18.8977527335424 0.0699708983 0.0000000000
932.86407 21.2841935441372 0.0699708983 0.2436058010
838.55926 4.81403846069614 0.0726179339 -29.2279613005
674.43915 3.99701216912249 0.0726179339 0.0000000000
594.37655 3.63708330876173 0.0726179339 -0.1531300379
858.75452 20.2874561402326 0.0726179339 0.2428901473
994.78582 19.9427527160353 0.0726179339 0.0000000000
1006.87972 20.4391355232986 0.0753441015 0.0000000000
656.58237 18.1953468075651 0.0753441015 0.1805714246
665.51395 14.8451470102648 0.0753441015 0.0000000000
636.35183 2.91066391919065 0.0766941705 -0.1529101466
654.61836 21.0416689520848 0.0781509274 -0.2668077255
610.50412 4.10610576732975 0.0781509274 0.0000000000
687.55341 17.9772641607232 0.0781509274 0.0000000000
687.55341 17.9907817872888 0.0781509274 0.0000000000
868.60731 11.2473227269963 0.0792045575 -0.0897816991
415.22550 2.2971871782529 0.0792045575 -0.3002789786
906.62296 12.2694733747612 0.0792045575 -0.1433786750
820.73887 20.4635039794541 0.0810399341 0.2386451221
840.57251 6.99006307663248 0.0810399341 0.2681295437
870.75452 20.2184890366306 0.0810399341 0.1901243362
615.49830 14.7970414634254 0.0810399341 0.0000000000
820.73887 20.3870925868491 0.0810399341 0.2386429693
840.57251 6.5611544030305 0.0840126440 0.2446624108
642.60310 18.4937055413521 0.0840126440 -0.1784763971
750.62423 18.9794039360553 0.0840126440 0.5210868451
766.53573 12.2186684930661 0.0840126440 0.0952510337
766.65553 17.2361887475667 0.0840126440 0.1427033817
668.63401 21.1877234383072 0.0840126440 0.1067894033
933.71780 17.4551530890066 0.0870705762 -0.0646441493
926.74435 17.5858811997927 0.0870705762 0.0000000000
854.53305 8.8617910459713 0.0870705762 0.0000000000
900.59714 6.12023959738057 0.0871283155 -2.5403367244
658.54050 12.8856863424462 0.0870705762 0.0000000000
811.62223 10.3901499952463 0.0899039535 -0.1166668281
811.62223 10.3901499952463 0.0899039535 -0.1166668281
811.62223 10.3901499952463 0.0899039535 -0.1166668281
811.61995 10.3903172586242 0.0899039535 -0.1166619599
605.47516 15.2824436412883 0.0902152419 0.0000000000
942.75452 19.8410686516691 0.0902152419 0.0000000000
638.36748 2.87184771456332 0.0927485364 0.0000000000
786.60073 11.535491056944 0.0934481489 0.1583406268
654.56672 17.08224639763 0.0934481489 0.3537842727
654.56672 17.0491844284422 0.0934481489 0.3564356580
768.51740 7.92862167289972 0.0934481489 0.0000000000
870.75452 20.1676760525226 0.0934481489 0.2030000242
828.57601 9.5650283442539 0.0956631095 -0.0956020572
848.77017 18.1875551675254 0.0967707973 0.0000000000
682.59802 18.1858372139026 0.0967707973 0.2919955774
802.69192 19.5474843364263 0.1001846757 0.2277507756
798.68175 16.9964989272478 0.1001846757 0.0532832504
910.55686 9.90662773587235 0.1001846757 0.0000000000
770.57053 14.9447183623338 0.1017063800 0.1316834169
844.73887 20.1003227634172 0.1036912650 0.2471776400
970.78345 19.5917473672994 0.1036912650 0.0000000000
591.49830 16.2051605704834 0.1036912650 0.1669846552
710.62932 18.9236599374701 0.1036912650 0.0298095100
935.73345 18.2582126927483 0.1036912650 0.0000000000
820.51341 10.3338103400281 0.1048371397 0.1777734727
650.40386 3.11774402177906 0.1048371397 0.0000000000
898.78582 20.4625150733069 0.1072920343 0.2486002322
956.79130 18.2809158884653 0.1072920343 0.0000000000
862.69192 18.8890142787847 0.1072920343 0.0000000000
940.73887 19.2568685978849 0.1072920343 0.0000000000
606.50920 11.3664559785921 0.1072920343 0.0000000000
860.54361 5.9976161847069 0.1072920343 24.8981724015
850.55926 9.97313958271886 0.1109884370 0.0000000000
642.60310 18.4860728535768 0.1147819141 -0.1582424189
936.57601 6.96630602871089 0.1146781312 0.5516414759
747.51816 9.49434090209419 0.1181113754 0.1284241844
802.55926 10.3202341629118 0.1186738912 0.0000000000
822.75452 20.6626827325744 0.1186738912 0.1786439133
940.83277 20.7497846482681 0.1186738912 0.0000000000
958.87972 21.1887436128506 0.1226657733 0.3665937141
633.50887 8.41454721275307 0.1226657733 -0.2893552603
840.57491 5.17233813631043 0.1226657733 0.0097044560
814.63203 12.6613429025469 0.1226657733 0.0000000000
934.78582 20.2942234800067 0.1226657733 0.0000000000
864.76508 19.4686000531756 0.1226657733 0.2363265673
933.71780 17.6915891918748 0.1226657733 -0.0409906143
816.64768 14.1567685630827 0.1226657733 0.0000000000
890.59166 8.8999990423556 0.1252131459 -0.1005192652
926.74435 16.8933009556608 0.1267589487 0.0000000000
904.59096 9.65470530168122 0.1267589487 0.2793997926
907.70215 17.7316289680842 0.1267589487 0.1270141430
890.78073 19.4456108316391 0.1267589487 0.3701790522
892.60731 11.4788278968874 0.1288836025 -0.0943034201
676.55107 15.1931824760204 0.1309547858 0.0000000000
854.57531 9.23324022612519 0.1309547858 0.1739309291
926.74435 17.7968690197008 0.1309547858 0.0000000000
639.49830 13.3423273390183 0.1309547858 0.0000000000
778.53813 11.0364371463682 0.1309547858 -0.0066913844
844.60621 7.61999523216409 0.1309547858 0.0000000000
988.92667 21.1107415457453 0.1309547858 0.2038929455
898.78582 20.6126099765998 0.1352546277 0.2452421776
820.51231 7.22694746136388 0.1396597967 -29.1309416285
904.59096 9.52193022737572 0.1396597967 0.2984526585
794.57053 14.3596110292374 0.1403845670 0.0981817976
790.53813 9.86387168759099 0.1441715902 0.0000000000
840.57601 9.74422867036594 0.1443844772 -0.0370133271
594.34126 2.51071489736444 0.1484690048 34.5088388831
944.77017 19.9101787173837 0.1487912755 0.0000000000
790.53813 10.1376915294494 0.1535200948 0.0000000000
808.58508 12.0302760705724 0.1535200948 0.0467355460
814.55926 6.37993733446262 0.1535200948 0.0785259551
840.70757 19.3775205163669 0.1535200948 0.0000000000
810.68175 16.6437867142649 0.1535200948 0.0357175398
968.77017 19.9537432075493 0.1583592605 0.0000000000
779.60615 11.941578065939 0.1583592605 0.0597591953
690.61836 20.7653896034918 0.1583592605 -0.1829652237
819.64731 19.2645504718872 0.1633099507 0.0000000000
615.49830 15.0490793396637 0.1683733132 0.0000000000
996.80147 20.0499702842408 0.1683733132 0.0000000000
814.56036 8.70784836086253 0.1701906298 0.2323338467
587.40593 3.02881482781673 0.1701906298 -0.0583421433
696.61367 18.4863938934817 0.1735504615 0.2419122736
696.61367 18.5094407700841 0.1735504615 0.2419122736
808.58508 9.57275303253541 0.1735504615 -0.1303981517
906.84842 21.2989558922693 0.1735504615 0.0226787832
478.29282 2.51055646603237 0.1735504615 -0.2420324825
764.52248 9.05626457131515 0.1735504615 0.2183166658
830.62695 9.47081111978543 0.1788424700 0.0000000000
986.91102 20.8580526666136 0.1788424700 0.0513759077
732.61367 17.526794006018 0.1788424700 0.3634711942
866.59056 8.48356825144931 0.1788424700 -0.0203433408
770.65045 15.744097481983 0.1788424700 0.1178646529
417.24115 3.00222020015042 0.1842915901 -0.2273226434
738.50793 9.3891293478669 0.1842915901 0.2154521564
926.81712 20.8472913641354 0.1842503782 0.1020104035
792.57491 6.25706140767907 0.1842503782 -0.0016070232
848.54471 12.7158979315603 0.1891743809 0.1442382603
934.74943 19.0842250857724 0.1897751868 0.1454700920
838.74943 19.2308373135313 0.1897751868 0.2875549108
972.89537 21.2939994107217 0.1954178527 0.1421092610
370.29519 1.38490071583004 0.1954178527 0.1587874598
764.52248 9.08166283994999 0.1954178527 0.3401558481
593.47757 4.55185692542188 0.1954178527 -0.0916960361
980.86407 20.9952050110786 0.1954178527 0.0000000000
828.57601 9.17683585111281 0.1992177487 -0.0481586230
580.32561 4.70399939122124 0.1992177487 0.0000000000
899.76983 19.5192648001211 0.2011792932 0.0079392751
936.80147 20.5558443683721 0.2011792932 0.0000000000
907.70215 17.2735716599763 0.2011792932 0.2730090464
918.75452 19.7211827315918 0.2011792932 0.0000000000
816.57601 9.98910138246181 0.2043795960 0.0954538298
582.28375 2.16568011387043 0.2043795960 -0.1859486992
920.86407 21.274428634414 0.2070603822 0.1261260415
810.75452 20.803038640365 0.2070603822 0.1544500028
907.70215 17.5619717156372 0.2070603822 0.0690821987
814.55926 5.97949093240209 0.2070603822 0.1119036934
860.77017 20.7904013020572 0.2070603822 0.1413494360
796.58508 10.5598451276684 0.2130619455 -0.1639390719
784.58508 14.2519779255557 0.2130619455 -0.1429990938
922.78582 20.3539450232585 0.2130619455 0.0693495406
900.80147 20.701114540079 0.2130619455 0.1152362756
910.80695 19.639266776861 0.2130619455 0.0000000000
926.81712 20.8231705070098 0.2130619455 0.0902942283
924.80147 20.5899344752001 0.2191847648 0.1101620870
739.63876 16.900312756479 0.2191847648 0.0000000000
816.57491 5.88522899420606 0.2254295740 0.0058915112
783.61093 11.7380588391728 0.2254295740 0.0000000000
752.67627 19.7364073030962 0.2254295740 0.1547182686
998.81712 20.324465212769 0.2317970542 0.0000000000
419.25680 3.70931000022401 0.2316133619 -0.2880683590
832.60731 12.9683338889536 0.2373485658 -0.1073458717
734.62932 18.3386039538541 0.2382878386 0.0000000000
342.26389 1.0117714934768 0.2382878386 0.1161622633
833.51856 7.87926381918979 0.2431809566 0.0998324843
802.53573 8.15660751544341 0.2449025082 0.0000000000
788.54361 5.03673171860434 0.2449025082 0.0861853092
1000.83277 20.5569187697393 0.2449025082 0.0000000000
578.30996 4.01765601032919 0.2491109144 0.0000000000
680.58237 17.21947713271 0.2516415869 0.1783010096
927.81720 20.755136055392 0.2516415869 0.0843751808
842.72322 19.7756649267803 0.2516415869 0.1725268368
312.32609 6.04525990208375 0.2516415869 0.0249002871
772.58508 12.1252067023408 0.2516415869 0.1060879436
736.44064 3.69118304403745 0.2551387856 0.0000000000
804.55138 9.80440119660059 0.2654948047 -0.0099759493
884.77017 20.2962955262457 0.2654948047 0.2192645618
946.87972 21.3465143213717 0.2654948047 0.1491122705
788.67627 19.1019091305746 0.2726097147 0.1821011662
856.64260 13.9341442612362 0.2726097147 0.0000000000
802.53573 8.8072254871286 0.2726097147 0.0000000000
750.66062 19.303631926467 0.2726097147 0.2777536469
474.30615 1.53272052921968 0.2726097147 -0.1678684026
1051.96031 22.0699268190539 0.2726097147 0.0000000000
734.49776 6.15760990380038 0.2738128184 0.0000000000
858.62296 14.4865074634277 0.2738128184 -0.1911946825
314.23259 0.858734122982426 0.2798505767 0.1253694273
662.64457 17.870110823799 0.2798505767 0.1182029564
920.86407 21.3591606765783 0.2798505767 0.0700444588
762.66062 18.9031009536148 0.2798505767 0.2372345798
818.72322 20.0338848425105 0.2872176307 -0.0364353903
858.75452 20.5596565742527 0.2872176307 0.1671068099
814.59675 11.1910876235275 0.2867565060 -0.1395118086
870.75452 20.3412563136878 0.2872176307 0.1100221131
732.61367 17.6182328647394 0.2872176307 0.3825403757
772.51341 5.96456573024283 0.2933771514 1.4683942541
766.69192 19.5151673166915 0.2947110520 0.0000000000
900.66991 16.2834845684093 0.3000971322 -0.1610864506
832.64260 12.320496784545 0.3023309571 0.0465801730
998.81712 20.5375483102129 0.3023309571 0.0000000000
279.15909 2.08814028821953 0.3023309571 -0.1391111265
892.73887 19.5021780171159 0.3100773995 0.0000000000
810.60073 10.6539352456157 0.3100773995 -0.0698067726
864.80147 20.3671931500569 0.3100773995 0.0000000000
460.36327 5.97311485141087 0.3100773995 -0.0720924083
966.84842 20.8354479557231 0.3100773995 -0.0133959609
587.40822 3.02760195502158 0.3138352722 -0.0656810583
587.40822 3.02760195502158 0.3138352722 -0.0656810583
587.40822 3.02760195502158 0.3138352722 -0.0656810583
758.46138 3.8462541015738 0.3138352722 0.0000000000
594.37655 2.99198249115227 0.3179503651 -0.0765990199
890.81712 20.3922009142705 0.3179503651 -29.5056970680
818.72322 19.9347146472392 0.3179503651 -0.0469415288
954.77565 19.2538908230624 0.3259497780 0.0393757277
804.55378 8.81059673369339 0.3259497780 -0.0542110378
962.91102 21.1182268551194 0.3259497780 -0.0022160389
894.62296 12.1688712332503 0.3279708705 -0.0778132584
764.54471 9.32333773598623 0.3279708705 -0.1586334293
692.65514 17.5342247435258 0.3340754965 0.0000000000
480.30847 3.32203324393808 0.3340754965 -0.0218194417
834.60073 10.0765451541135 0.3340754965 -0.0297420457
684.61367 18.8156612971124 0.3340754965 0.1603038843
844.60731 12.3088040433833 0.3351875231 -0.0204494309
732.44573 3.9558180703373 0.3351875231 0.7619988899
866.59056 6.64467757590123 0.3423273086 -0.0690417886
734.62932 18.0313215530983 0.3423273086 0.0000000000
794.53415 9.89714753220415 0.3499177863 0.2740123641
930.71686 17.9905511258975 0.3499177863 -0.0402308991
812.54471 7.81306659205716 0.3499177863 -0.0115979918
762.58785 18.9646196899545 0.3507049379 0.0000000000
718.64966 20.7345479674261 0.3507049379 0.0000000000
692.41443 3.7976868451019 0.3574309724 -0.0061527412
528.30847 2.75739817509036 0.3592080399 -27.6943663658
752.55887 13.9768290065122 0.3592080399 -0.0776599019
840.70757 19.4793375238574 0.3592080399 0.0000000000
846.62296 14.1480869236257 0.3650425071 -0.0269041559
451.45205 17.3397220101266 0.3650425071 0.0528120890
887.56200 9.03211311526418 0.3678361978 0.1525881487
666.61836 20.9163576335506 0.3678361978 -0.0137404640
854.72322 19.7196279872418 0.3678361978 0.0000000000
806.56703 10.7532530230852 0.3678361978 0.0385000699
742.53813 11.3931641140085 0.3678361978 0.0000000000
807.57454 10.0418056473801 0.3678361978 0.1009750692
540.33070 1.84850309373919 0.3727520714 -0.1195209070
798.52906 8.27524659245033 0.3727520714 0.1862374932
857.67533 14.8225245983435 0.3727520714 -0.0513926269
754.53813 7.21731266224712 0.3765889282 0.0000000000
784.58508 10.3233036038536 0.3765889282 0.0814694505
900.59714 6.76682040608038 0.3805593031 0.0227931317
664.66022 19.0291120692078 0.3854656778 0.0062254855
640.60271 20.8730521925162 0.3854656778 0.0000000000
804.55138 8.77656548044588 0.3854656778 0.0229008989
794.72322 20.3548455367529 0.3854656778 -0.0077814080
804.55378 8.34116613876049 0.3944658193 0.1116642207
876.55138 7.51800595058321 0.3943641235 0.0000000000
838.78582 21.0177456000067 0.3944658193 0.1375930499
688.60271 20.4871782455611 0.3944658193 0.0000000000
883.53421 7.70091079716446 0.3964651002 -0.1278572921
818.55528 6.92229191705089 0.4045627223 0.3435469263
796.73887 20.6695718689207 0.4128334260 0.1491014942
660.55615 14.7983884212096 0.4128334260 0.0000000000
822.60073 11.6133237959531 0.4128334260 -0.0385055770
942.75452 19.6028425657993 0.4128334260 0.0000000000
694.63550 18.5406403840492 0.4210447224 0.1210356834
892.60731 10.8208545468372 0.4210447224 -0.0470940000
1052.70915 10.6948651490635 0.4221992833 -0.1413317495
784.58268 14.0451754389781 0.4221992833 -0.1244437173
873.69426 20.1698019502014 0.4221992833 0.0000000000
678.61836 20.6683180146395 0.4221992833 0.0000000000
708.40934 2.72117811946089 0.4294278915 -0.0967962106
907.69974 17.5044412299098 0.4316853190 0.1080199510
282.27914 4.05225055027731 0.4316853190 0.0483533794
984.89537 21.2837825292426 0.4316853190 0.2049520493
832.58268 11.1712248907127 0.4316853190 -0.0715717676
326.34174 5.72823548083821 0.4316853190 -0.0161878740
828.75921 21.4075115003261 0.4412905510 -0.6839856866
776.52248 7.68767677248695 0.4412905510 0.0000000000
863.56551 11.1939219766798 0.4464752087 -0.1806767576
830.59166 11.2053244385669 0.4464752087 -0.0032959331
738.50793 9.18889688125833 0.4551378803 0.2125029902
558.28375 2.49449716638524 0.4551378803 -0.1022039252
474.30615 1.6451602143514 0.4608543039 -0.1523451247
648.62892 17.7893797949017 0.4608543039 0.0664660779
773.65310 17.2781521674756 0.4608543039 0.1651800597
454.29282 3.10399841091146 0.4608543039 0.2243149660
726.66062 19.5659650583043 0.4608543039 0.2062804108
836.54361 4.80313582363978 0.4608543039 -0.0079865758
796.54980 8.69745924566983 0.4638921674 0.2463206664
756.55138 11.9555150360957 0.4708104996 0.0000000000
794.53305 5.40879971691005 0.4708104996 0.5938490852
898.65426 14.8815554206521 0.4727372200 -0.0341639311
948.80147 20.0720898335975 0.4808812340 -30.2580154606
882.62296 13.7517202717092 0.4816721435 -0.0819253556
832.54870 11.3722044632676 0.4808812340 0.0000000000
576.29431 3.59203282784882 0.4816721435 -0.2979526584
776.52008 7.4031156410416 0.4808812340 0.0000000000
856.73887 20.0751401044702 0.4808812340 0.2796848489
828.56250 7.70033268976266 0.4816721435 0.0468157991
948.89537 21.406196054594 0.4910651647 0.0574026921
839.74630 19.5302285560416 0.4910651647 0.8076961540
1016.77017 19.4037236732008 0.4910651647 0.0000000000
678.67587 19.3487219475599 0.4910651647 0.0992386664
297.24352 3.67371959514229 0.4906959981 -0.0505410352
908.62226 11.6883948918954 0.4910651647 0.6407770867
838.56036 8.49260297716673 0.4906959981 -0.0584626628
297.24352 3.67371959514229 0.4906959981 -0.0505410352
754.69192 20.1556688906248 0.5013608778 0.1474184813
860.60937 7.69006025387614 0.5013608778 -0.0725354639
1010.91102 20.8292256386248 0.5013608778 0.0000000000
614.57180 17.3938530870431 0.5013608778 -0.0349846786
482.32412 3.95183895239711 0.5013608778 0.1178012445
400.34214 2.75683372821921 0.5013608778 -0.0345821876
885.54986 9.39242550148017 0.5090065231 -0.0123011663
806.72322 19.9441742952686 0.5117668842 0.3358906825
854.56943 8.76940203453354 0.5117668842 -0.1253215760
786.66062 18.5270266098151 0.5117668842 0.3493901206
781.59528 11.9242255849815 0.5117668842 -0.0563130769
913.58116 10.8268609934318 0.5182910938 -0.0465285199
937.74669 18.1964243961727 0.5222816279 0.5913988984
768.70757 19.8991416440939 0.5222816279 -0.0029134597
806.56943 10.7447375430588 0.5222816279 0.0332922926
703.58471 19.034943597028 0.5222816279 0.0000000000
876.72870 17.4887805084043 0.5329034826 0.0600493398
424.34214 2.23884645680796 0.5329034826 -0.0194403003
918.75452 19.7629886366507 0.5329034826 0.0000000000
960.82260 18.8231641035878 0.5329034826 0.6181554736
810.59833 14.2968601810478 0.5329034826 0.0517929992
640.62384 16.8566078083224 0.5329034826 -0.0191927883
940.83277 20.1661815948031 0.5329034826 0.0000000000
859.53421 7.92057324881927 0.5371132759 -0.1675178754
866.81712 21.1917113644046 0.5436307483 0.0453943022
704.63401 20.8362749700071 0.5436307483 -0.0409806626
882.75452 19.2639297982881 0.5436307483 0.0000000000
766.69192 19.9642690390832 0.5436307483 -0.1509918853
842.59166 10.4629958197791 0.5466485266 0.0816965941
870.62296 12.2863974177693 0.5466485266 -0.0156567224
862.78582 20.131039248869 0.5544616601 -0.0460938653
749.62311 18.2614813650962 0.5544616601 -0.0276626578
976.83277 20.5932494912448 0.5544616601 0.0000000000
792.70757 20.0128427929347 0.5653943842 -0.1672756598
840.70757 19.2947741222214 0.5653943842 0.0000000000
760.64497 18.5930055205169 0.5653943842 0.1857138072
911.56551 9.50308592837286 0.5659611265 0.0351003877
832.58508 10.2907777895735 0.5653943842 0.1479633237
904.76000 17.7429242930023 0.5653943842 0.0000000000
912.76508 17.8787071922527 0.5653943842 0.3689138124
760.58508 13.6784031410833 0.5653943842 0.0341955956
842.59166 11.1797763754823 0.5659611265 0.0481281253
846.60073 10.2250847957101 0.5764270160 -0.0249258780
780.55138 9.79972772539102 0.5764270160 -0.0627021162
814.55926 5.68613653091241 0.5764270160 -0.0475312578
502.37383 2.54547397014855 0.5764270160 0.0362925436
807.50291 7.43071866250971 0.5855877374 -0.0168151229
790.56036 9.58067464557815 0.5855877374 0.0296080845
766.53573 9.20532126393346 0.5875575871 -0.0657127714
764.67627 19.5727436936319 0.5875575871 -0.0736410763
595.49322 4.59309164913435 0.5875575871 0.0005567780
786.66062 18.7552834757157 0.5987840641 -0.0038222000
847.53421 8.60069259165601 0.6055172385 -0.0668984686
391.22550 1.95022124283357 0.6055172385 -0.1614805279
820.58508 10.0547049703842 0.6101043444 -0.0010682878
974.81712 20.384280103872 0.6101043444 0.0000000000
842.59166 10.6327775433985 0.6155919205 -0.0559592217
894.62296 11.6446721268431 0.6155919205 0.0135463230
859.53421 8.24101135509744 0.6155919205 0.0397693117
369.35158 21.1707662960087 0.6215162658 0.0466468047
810.60073 11.843308732296 0.6215162658 -0.0147855007
910.78582 20.5091294842484 0.6215162658 0.0112425542
818.72322 19.5139440914823 0.6215162658 0.0000000000
885.54986 8.41930328969624 0.6257378637 -0.0937573623
860.60937 7.92503841474245 0.6330176034 -0.0902077869
940.73887 19.5700696641439 0.6330176034 -0.0070656206
742.53813 11.5687569218062 0.6330176034 0.0000000000
896.77017 20.1628227835612 0.6330176034 0.2299994841
862.55926 6.14886646467297 0.6330176034 0.0391579149
836.61398 14.570955316115 0.6330176034 0.0593098071
279.23295 3.97452791301577 0.6359534989 -0.0647883874
845.72288 18.8317151343534 0.6446060669 0.0000000000
760.64497 18.3896311393913 0.6446060669 0.1331035704
890.57531 8.56170672772429 0.6446060669 -0.1686968820
881.51746 7.67061403001131 0.6446060669 -0.0784527097
738.66062 19.5020359915863 0.6446060669 -0.0473827871
876.55966 7.67783157205526 0.6446060669 0.0853855269
857.51856 7.51366050660253 0.6462372204 -0.0384789131
864.57601 9.271659570933 0.6462372204 0.0149511836
808.70248 18.1216121349425 0.6562793097 -0.0680623718
664.66022 18.8590914128475 0.6562793097 0.0726185220
890.59166 9.44134340764166 0.6565873850 -0.0150477890
696.57728 15.8457917899866 0.6562793097 -0.3534201772
480.30957 3.80069758487822 0.6670023124 0.0106929215
800.54471 7.78684331794852 0.6670023124 -0.0734692106
770.56943 13.7949172257704 0.6680349265 0.0000000000
770.56703 13.797233012235 0.6798704508 0.0000000000
974.81712 20.261442945698 0.6798704508 0.0000000000
832.58508 8.63191998538658 0.6798704508 -0.0506826271
439.22550 2.19356720458965 0.6880195610 0.0000000000
834.59833 13.1038855851378 0.6917833641 -0.0235555043
858.60073 9.63352025319336 0.6917833641 -0.0199160309
852.57601 9.13167035851157 0.6986183478 -0.0751289084
780.55378 8.62808563887929 0.7037710932 -0.1050570501
792.51740 8.51720523089222 0.7037710932 0.1472018503
830.51889 5.79259261034692 0.7092748312 0.0000000000
852.57601 9.1575747483828 0.7092748312 -0.0523123276
796.54980 10.1020926217767 0.7092748312 0.1897309155
283.15160 0.777603382514871 0.7158310085 0.1087919732
816.70757 19.6638951849072 0.7158310085 0.0290800084
840.72870 20.1467182274454 0.7158310085 0.0000000000
714.61836 20.4773139342567 0.7158310085 -0.0598424930
806.56943 8.24593676582157 0.7158310085 0.0255491597
536.50482 11.9927273865675 0.7199871622 -0.0363252763
812.67627 19.2339459476073 0.7279604332 -0.0146083989
368.27954 1.11949597398012 0.7279604332 0.0069318914
712.64497 19.4779248020852 0.7279604332 0.1537229023
835.53421 9.07165114702388 0.7307534597 -0.1345548128
660.62892 16.8651646243239 0.7401566409 -0.4889805695
866.78073 19.4648205694529 0.7401566409 -0.0270864177
938.81712 20.7857558021573 0.7401566409 0.1789368163
882.75452 20.1657219730558 0.7401566409 -0.1675031440
770.56943 13.7982120308637 0.7401566409 0.0000000000
882.75452 19.9974779552551 0.7401566409 0.0862248696
914.81712 20.8205031467714 0.7524168540 0.0000000000
780.55378 7.62769635644574 0.7524168540 0.0348158297
920.82768 20.1359677045881 0.7524168540 0.2029672051
572.52485 15.3794694053575 0.7524168540 1.0599784864
842.59056 6.44734556710153 0.7524168540 -0.1450242491
752.52008 8.13585410742861 0.7524168540 0.0000000000
794.56943 10.9076942958864 0.7524168540 0.1098662508
940.73887 19.3919776691838 0.7524168540 -0.1048908439
834.58658 9.37576488646634 0.7524402828 -0.0083063570
858.60073 9.39929989853473 0.7647382524 0.0020961559
914.81712 20.1061089271613 0.7647382524 0.0000000000
920.82768 20.6273148520773 0.7647382524 0.2729853529
912.80147 19.786720202544 0.7647382524 0.0000000000
762.66062 19.2269143263533 0.7647382524 -0.0122271992
909.54986 8.85308910423651 0.7743196677 0.0216280771
946.78582 19.8770708820694 0.7771179728 0.0000000000
920.82768 20.4830579070842 0.7771179728 0.2838820477
818.59166 11.746784880334 0.7853265661 -0.0017809827
828.56312 7.70033268976266 0.7853265661 0.0317684713
241.14453 0.751799644535705 0.7853265661 -0.0274799682
740.67627 19.9589682141611 0.7895531055 -0.0644818278
873.69426 19.9600399364991 0.7895531055 0.0000000000
964.83277 19.941587796613 0.7895531055 0.0000000000
764.55646 11.1847196551103 0.7895531055 -0.0175131087
787.67861 20.5205245932454 0.7895531055 0.0000000000
856.58268 11.9721737527777 0.7895531055 -0.0030359743
903.74121 26.4223197218448 0.8020407049 0.3166062367
889.58116 11.4035752748231 0.8074645392 0.0045413518
792.57601 11.5524762918147 0.8074645392 0.0082087808
1122.78740 15.8363295455154 0.8145777874 -0.0066163562
426.35779 2.96213578956672 0.8271613296 0.0560458787
758.62932 17.6912907215723 0.8271613296 0.2687043371
920.77017 20.0271059755271 0.8271613296 0.0319174639
892.73887 19.9859357963146 0.8271613296 -0.0067876459
736.44064 3.63035858141885 0.8297541616 0.0000000000
840.64768 14.7822018531406 0.8397882780 -0.0057848153
928.76000 18.1150713059698 0.8397882780 0.0316033253
636.62892 17.9776998627378 0.8397882780 0.1018880362
824.58000 9.6926698481206 0.8397882780 0.0491769571
888.57251 10.3234294327613 0.8397882780 0.0076433744
781.48726 7.15971061618098 0.8409505394 0.0000000000
742.53813 10.460452919561 0.8524555478 0.0000000000
980.86407 20.3334856839622 0.8524555478 0.0000000000
860.77017 19.5521233850854 0.8651600207 0.0000000000
824.54471 7.51477064789875 0.8634356520 -0.0307103656
878.74435 18.7662066812243 0.8651600207 0.1183855267
765.60036 18.7723689624469 0.8651600207 0.4259317746
778.69192 17.9411885302442 0.8651600207 1.7114531592
968.77017 19.7574627327258 0.8778985551 0.0000000000
848.60937 8.31997001575712 0.8778985551 0.0294966865
692.63401 20.9725110038892 0.8778985551 0.0000000000
878.78073 19.5099114299722 0.8778985551 0.2712227862
862.78582 20.0472493350856 0.8778985551 -0.2625360776
814.55926 4.93970511985715 0.8778985551 0.3682511493
500.27717 1.80526225662231 0.8778985551 0.0000000000
762.50793 8.91601757017107 0.8860293315 0.1120020484
281.24860 4.55722166813514 0.8860293315 -0.0513571393
914.64918 13.7230281777726 0.8860293315 0.0174487666
976.83277 20.7679484889391 0.8906679842 0.0000000000
812.67627 18.9236297817154 0.8906679842 0.0655161745
858.59833 11.798831533089 0.8906679842 -0.0133948158
916.79638 19.7921841218105 0.8906679842 -0.0900682135
810.56435 9.73288587403672 0.8906679842 -0.0909382447
861.54986 9.64228640547383 0.8973613592 -0.1292653039
887.56551 10.1732158611296 0.8973613592 0.0012934841
954.77565 18.8474141098594 0.9034651151 0.0950441421
690.47045 4.05779859626465 0.9034651151 -0.2897897535
890.81712 20.2140279003404 0.9034651151 0.0000000000
1002.94232 21.263914453612 0.9034651151 -0.1580481729
692.61985 17.4848633218795 0.9087138712 -0.0836008579
828.56312 7.70033268976266 0.9087138712 0.0351703925
794.60582 13.239657597937 0.9162867379 0.0461558129
828.55138 8.50758787087697 0.9162867379 0.0000000000
944.77017 20.1130707501232 0.9162867379 0.0000000000
944.77017 19.7557496249126 0.9162867379 0.0000000000
776.54471 8.56905255440471 0.9200846219 0.0697800957
917.72048 18.7076729355266 0.9291296252 0.5052922213
526.29282 2.29104696651524 0.9291296252 0.0000000000
834.60073 13.9094896302591 0.9291296252 -0.0952650299
757.62180 10.582432341997 0.9291296252 0.0157348257
762.66062 19.1494242182228 0.9291296252 -0.0958978447
255.23295 4.44104822206778 0.9314713543 -0.0344758721
772.51341 6.98020684902401 0.9314713543 0.7180278686
894.75452 19.8568965973651 0.9419905297 0.0836916881
692.63401 21.041892340345 0.9419905297 0.0000000000
668.65514 17.9540843972568 0.9419905297 0.0132782021
716.63401 20.8641595968282 0.9419905297 0.0000000000
742.53813 10.9538884115265 0.9419905297 0.0000000000
976.92667 21.3071020836908 0.9548661947 0.0171419714
808.58508 10.0363339847443 0.9548661947 0.0112809734
822.55019 8.15084487162761 0.9657047468 -0.0042314738
1004.95797 21.4395827699356 0.9677533527 -0.2387118281
784.64497 18.5061961041781 0.9677533527 0.1248223905
784.64497 18.4519098295377 0.9677533527 0.1133540176
856.54980 13.2285364361674 0.9657047468 -0.0403106367
713.56906 18.0533920310098 0.9677533527 0.0918647456
958.80695 18.8135919199941 0.9677533527 0.0272949542
283.26425 5.54413522518662 0.9657047468 0.0253448940
952.83277 20.458637392069 0.9677533527 0.0000000000
561.41497 4.05267503384357 0.9677533527 -0.0536946080
860.61398 13.3799551707263 0.9677533527 0.0000000000
822.55019 8.15084487162761 0.9657047468 -0.0042314738
784.64497 18.1130067841994 0.9806487238 0.1267130474
752.55887 14.0124081160384 0.9806487238 0.0318433351
800.61638 13.1279830128862 0.9806487238 0.0000000000
742.53813 11.1492621359779 0.9806487238 0.0000000000
836.54121 9.66111197969298 0.9806487238 -0.0710159146
836.77017 20.0263596233108 0.9806487238 -0.2401890667
806.56943 10.3150696441416 0.9806487238 0.0111210775
886.61788 11.5219161262171 0.9885651910 0.1208471490
827.55963 7.71119040490319 0.9885651910 -0.0155634405
827.55963 7.71119040490319 0.9885651910 -0.0155634405
827.55963 7.71119040490319 0.9885651910 -0.0155634405
880.73887 19.9132617818535 0.9935490261 0.0314634027
840.70757 19.5456883292014 0.9935490261 0.0000000000
881.51856 6.846961686859 1.0000000000 -0.0730723760
912.80147 20.596400283124 1.0000000000 0.0000000000
