"m.z" "r.t" "p.value" "t.score"
884.77017 19.3221372557493 0.0039062500 0.0000000000
572.48847 13.085586598735 0.0039062500 0.0000000000
804.61130 11.6613723077388 0.0039062500 0.0000000000
598.50412 13.7863523370105 0.0039062500 0.0000000000
544.45717 10.6548749156376 0.0039062500 0.6934012826
838.55926 11.9920506155625 0.0039062500 0.9290344520
838.55926 11.5171097840673 0.0039062500 0.9913044816
838.55926 6.97461568849113 0.0039062500 0.8730739372
838.55926 6.29566271833174 0.0039062500 1.0164353576
838.55926 5.90826679290631 0.0039062500 0.9768859948
572.48847 12.7974983020348 0.0039062500 0.4753517892
838.55926 5.74322668110538 0.0039062500 1.0568344657
838.55926 5.06340574600331 0.0039062500 0.0000000000
862.69192 18.8890142787847 0.0039062500 0.0000000000
842.56943 9.99018256168592 0.0039062500 0.8742519287
776.58000 9.99120757874444 0.0039062500 0.0000000000
826.59565 6.30493958316165 0.0039062500 0.0000000000
826.59565 5.41358206450525 0.0039062500 0.0000000000
912.57251 10.1489104584263 0.0039062500 0.0000000000
798.56435 9.39019550686799 0.0039062500 0.0000000000
798.56435 7.74104100674684 0.0039062500 0.0000000000
838.55926 5.42834274301472 0.0039062500 1.0316796523
1071.00492 21.8021031932053 0.0039062500 0.0000000000
972.85898 20.1777156725036 0.0039062500 0.0000000000
1103.06752 22.3870488232244 0.0039062500 0.0000000000
974.87463 20.3029731425367 0.0039062500 0.0000000000
820.54870 7.51647340501577 0.0039062500 0.0000000000
736.49228 7.94913734105586 0.0039062500 0.0000000000
648.32719 2.17865509719125 0.0039062500 0.0000000000
944.82768 20.8102044715988 0.0039062500 0.0000000000
1068.98927 21.7209722491142 0.0039062500 0.0000000000
866.66333 16.1311032822682 0.0039062500 0.8119435659
888.64528 15.1423347059567 0.0039062500 0.9055499128
1099.03622 22.0229615972476 0.0039062500 0.0000000000
854.62695 11.710716483512 0.0039062500 0.0000000000
666.56672 16.7917730699918 0.0039062500 0.0000000000
818.56943 10.6752780889912 0.0039062500 0.7124547821
816.64768 14.1567685630827 0.0039062500 0.0000000000
836.54361 6.69187420605594 0.0039062500 0.0000000000
836.54361 5.89059209797699 0.0039062500 0.0000000000
836.54361 5.56437474523934 0.0039062500 0.0000000000
558.47282 19.3047972289926 0.0039062500 0.0000000000
948.89537 21.406196054594 0.0039062500 -0.2641322034
790.65553 16.0535794870784 0.0039062500 0.2476156980
790.65553 16.5310349134248 0.0039062500 0.0000000000
886.55926 8.57816991215886 0.0039062500 0.0000000000
798.52796 10.0199104253459 0.0039062500 0.8021221297
814.50175 8.28706860620359 0.0039062500 0.0000000000
906.71813 16.7899063087552 0.0039062500 0.8802547418
886.55686 9.77556956966247 0.0039062500 0.0000000000
936.76508 19.1179883382877 0.0039062500 1.1708650391
668.54598 7.98467547530437 0.0039062500 0.0000000000
626.34284 3.15904989717205 0.0039062500 0.0000000000
796.70248 18.7920251571022 0.0039062500 0.0000000000
904.79638 19.6350400633875 0.0039062500 0.0000000000
620.59762 16.4863827907993 0.0039062500 0.7631523860
852.76508 19.5195850782149 0.0039062500 0.0000000000
1035.00492 22.09824741533 0.0039062500 0.5588371414
1077.05187 22.3149972740452 0.0039062500 1.6675052536
936.76508 18.5186099282481 0.0039062500 0.8476329832
1089.05187 22.2640553517993 0.0039062500 0.0000000000
827.66367 13.4443841781333 0.0039062500 0.0000000000
803.66367 7.49280608940534 0.0039062500 0.9216787536
831.63745 12.3309298603856 0.0039062500 0.6399909513
769.62180 14.6479309917326 0.0039062500 0.5474605003
449.36254 4.69384636354502 0.0039062500 0.0000000000
927.61096 14.2420765502054 0.0039062500 0.8834769138
908.62226 11.6883948918954 0.0039062500 0.0922060280
536.50372 10.509208423509 0.0039062500 1.1658328792
606.28375 2.14189733332432 0.0019531250 0.0000000000
1149.88206 11.9145627667086 0.0039062500 0.0000000000
808.66610 17.3130593589511 0.0039062500 0.0000000000
624.32719 2.37772744078826 0.0039062500 0.0000000000
828.51740 8.78639476467082 0.0039062500 0.0000000000
886.55686 8.74647435991662 0.0039062500 0.0000000000
666.53033 6.64359598509578 0.0039062500 0.0000000000
956.77017 19.9634717117313 0.0039062500 0.0000000000
906.81203 19.9086914544665 0.0039062500 0.0000000000
734.47663 7.85423995381365 0.0039062500 0.0000000000
826.53573 7.43053805823641 0.0039062500 0.0000000000
864.64768 14.4603596661296 0.0039062500 1.1242757044
886.62963 14.1753157763862 0.0039062500 0.0000000000
862.63203 12.2833803435442 0.0039062500 0.0000000000
1097.02057 21.8577031791158 0.0039062500 0.0000000000
1101.05187 22.1911342757731 0.0039062500 0.0000000000
818.56703 10.0990382757739 0.0039062500 0.8651982196
982.68955 3.12520071322685 0.0039062500 0.0000000000
824.54471 12.6215207088815 0.0019531250 0.0000000000
881.68650 17.350154695584 0.0039062500 0.0000000000
754.53813 8.19847468907275 0.0039062500 0.0000000000
881.68650 17.4836337700889 0.0039062500 0.0000000000
902.78073 19.570113456069 0.0039062500 0.0000000000
872.57759 11.4901192517225 0.0039062500 0.8136704594
882.59833 11.2774711133797 0.0039062500 0.0000000000
936.82260 19.8146090045997 0.0039062500 0.4337367960
800.52008 7.00529186720658 0.0039062500 1.1507857837
780.51740 7.52666946501343 0.0039062500 0.0000000000
940.60381 12.0061833729497 0.0039062500 0.5657102548
798.52556 9.96851421522603 0.0039062500 0.7863030720
970.84333 20.787414113719 0.0039062500 0.0000000000
650.64457 18.2046555342791 0.0039062500 0.0000000000
916.73887 19.687053728927 0.0039062500 2.0219653571
916.73887 19.4646229304789 0.0039062500 2.1666764315
910.74943 17.7345957013036 0.0039062500 1.0339485381
512.46734 6.90917724543291 0.0039062500 0.8673595006
540.49864 8.7195918250089 0.0039062500 0.0000000000
774.66062 18.9367944515235 0.0039062500 0.0000000000
884.73378 17.9493702637135 0.0039062500 0.9372887445
971.70991 19.4800049739226 0.0039062500 0.0000000000
884.73378 18.1777721222614 0.0039062500 0.7979439664
906.77565 19.1793709313384 0.0039062500 0.0000000000
781.63166 19.5054389752395 0.0039062500 0.0000000000
593.51395 14.7986388488556 0.0039062500 0.9058887674
888.76508 18.2461233448749 0.0039062500 0.0000000000
886.78582 19.9591459073843 0.0039062500 2.3047169876
876.57601 8.19824993908171 0.0019531250 0.0000000000
880.73887 19.154743256211 0.0039062500 0.0000000000
808.70248 19.7207297847253 0.0039062500 0.7703219093
832.70248 17.6077147587415 0.0039062500 0.8434215186
884.73378 18.2921117320691 0.0039062500 0.8495777762
940.73887 19.2568685978849 0.0039062500 0.0000000000
838.69192 19.2785591862241 0.0039062500 1.3036549633
838.69192 19.1221229252974 0.0039062500 1.9811921427
774.52906 7.87181094106 0.0019531250 0.0000000000
994.78582 19.7892142749866 0.0039062500 0.0000000000
677.64533 19.6289636219167 0.0019531250 0.0000000000
538.48299 6.64984389580239 0.0039062500 0.0000000000
678.56672 15.9855257875705 0.0039062500 0.0000000000
678.56672 16.2927558222061 0.0039062500 0.0000000000
956.73251 18.2063702884559 0.0019531250 28.5332273896
970.87972 21.0948246984237 0.0039062500 0.0000000000
908.73378 17.5335121646671 0.0039062500 0.7302811218
910.78582 19.5903718907248 0.0039062500 0.0000000000
890.72322 19.6916151495635 0.0039062500 1.0298703360
890.72322 19.4435201936027 0.0039062500 2.0752352450
890.72322 19.3382342296112 0.0039062500 2.4120307824
691.66098 19.8595490829256 0.0019531250 0.0000000000
670.59802 17.678965354013 0.0039062500 0.0000000000
670.59802 18.7985306813644 0.0039062500 0.0000000000
955.77251 20.9201143944706 0.0039062500 0.6972659184
950.81712 20.1666057797395 0.0039062500 0.0000000000
938.78073 19.4082545818847 0.0039062500 0.7888605314
624.55615 15.2359536765845 0.0039062500 0.0000000000
838.69192 18.8158373469008 0.0039062500 1.1335288787
832.70248 17.9104454003649 0.0039062500 0.7729313529
634.61327 17.6319395883584 0.0039062500 0.9831882383
832.70248 18.9964478641512 0.0039062500 0.9008603157
832.70248 19.1785617031494 0.0039062500 0.9089240193
1075.03622 22.2272700293582 0.0039062500 0.0000000000
940.60621 12.272387208172 0.0039062500 0.5664797255
878.56943 7.3036778221345 0.0039062500 0.8519836378
878.58816 12.7629630372409 0.0039062500 0.0000000000
902.74435 17.2563816857018 0.0039062500 1.0251721086
902.74435 17.6365384225453 0.0039062500 0.9358718865
768.55138 8.9843632360349 0.0039062500 0.8570616049
908.79130 18.9241115323477 0.0039062500 0.0000000000
872.58000 10.9374339665835 0.0039062500 0.8086427509
848.61638 11.5896624503375 0.0039062500 0.0000000000
913.74910 19.0395013049888 0.0039062500 0.0000000000
830.62695 9.47081111978543 0.0039062500 0.0000000000
750.50443 6.90835286677073 0.0039062500 0.9406227097
913.74910 19.1360211597815 0.0039062500 0.0000000000
848.54361 10.047191338987 0.0039062500 0.0000000000
678.47045 4.03781475879018 0.0039062500 0.0000000000
913.74910 19.302198557412 0.0039062500 0.0000000000
860.54361 7.08624726430884 0.0039062500 0.0000000000
860.54361 5.9976161847069 0.0039062500 0.2673423856
854.53305 8.8617910459713 0.0039062500 3.0414176650
824.61638 11.9954974542944 0.0039062500 0.8624120053
814.53813 12.2523247458168 0.0039062500 0.0000000000
740.63401 20.5689674938009 0.0039062500 0.2621806686
904.76000 17.7429242930023 0.0039062500 0.0000000000
946.84333 20.3755432478324 0.0039062500 0.0000000000
832.70248 19.3221789584865 0.0039062500 1.1182804248
843.70723 18.4689944607603 0.0039062500 0.0000000000
634.61327 17.2609706958659 0.0039062500 0.9914058430
634.61327 17.046546987421 0.0039062500 0.6698349817
605.47516 15.2824436412883 0.0039062500 0.0000000000
524.50372 11.3822844500956 0.0039062500 0.0000000000
642.56672 17.8943152494222 0.0039062500 0.0000000000
780.67118 18.9099025139418 0.0039062500 1.0272622417
780.67118 19.0957418247026 0.0039062500 0.9173202170
932.79130 17.8258773830643 0.0039062500 31.2108053327
948.85898 20.3127156013115 0.0039062500 0.0000000000
942.81203 19.4462315033979 0.0039062500 1.2250745119
942.81203 20.1232368911019 0.0039062500 0.8236611971
942.81203 20.5328877850625 0.0039062500 1.0461562563
935.76743 19.7157583960086 0.0039062500 0.0000000000
652.55107 15.7972972243683 0.0039062500 0.0000000000
806.72322 19.2355055086854 0.0039062500 0.0000000000
754.65553 17.7675590795001 0.0039062500 2.0258099135
932.73378 18.7780916692925 0.0039062500 1.0027985952
760.64497 17.9993307313395 0.0039062500 1.5185496658
946.84333 20.1393152901222 0.0039062500 0.0000000000
998.91102 21.3514110167093 0.0039062500 0.0000000000
661.52790 9.69447754506992 0.0039062500 0.0000000000
844.51231 8.40001784466841 0.0039062500 0.0000000000
742.53813 10.9538884115265 0.0039062500 -30.0235298094
788.52248 8.630284343459 0.0039062500 0.8719604558
911.56200 10.3169881981364 0.0039062500 0.0000000000
826.71305 17.9751998039885 0.0039062500 0.8569292041
580.49355 11.105666543637 0.0039062500 0.0000000000
746.68096 21.2352965492086 0.0039062500 0.0000000000
808.66610 15.2926862036791 0.0039062500 0.9533389137
744.66531 20.9369401257098 0.0039062500 0.9754593584
521.42005 4.56245991383664 0.0039062500 0.7345890807
682.64966 21.2037438795692 0.0039062500 0.9155226211
622.54050 14.2298657740344 0.0039062500 0.0000000000
808.66610 15.0654361565242 0.0039062500 0.8259108419
800.66101 16.0513020085876 0.0039062500 0.0000000000
694.63440 18.3553007082915 0.0039062500 0.9395466600
796.66610 15.453594050896 0.0039062500 0.0000000000
766.53573 12.2186684930661 0.0039062500 -0.2179323914
763.63876 17.9344687427686 0.0039062500 1.1943203112
682.64966 21.2500256419296 0.0039062500 0.9098294706
798.52906 7.04077675779076 0.0019531250 0.0000000000
568.56632 15.451306688055 0.0039062500 0.0000000000
1024.67785 8.65224253047407 0.0039062500 0.5099903209
782.53415 13.6397363078019 0.0019531250 0.0000000000
616.36200 3.22359374491745 0.0019531250 0.0000000000
552.53502 13.5982849335961 0.0039062500 0.0000000000
996.64655 6.94142941247537 0.0039062500 0.0000000000
796.66610 15.6209886249695 0.0039062500 0.0000000000
1022.66220 7.16196778049472 0.0039062500 0.0000000000
886.63203 14.1498379234974 0.0039062500 0.0000000000
842.70796 17.4882012477371 0.0039062500 0.0000000000
946.71892 15.6794470700887 0.0039062500 0.6981545011
688.60271 20.4871782455611 0.0039062500 0.0000000000
972.73457 15.9008881752571 0.0039062500 0.0000000000
507.44188 10.2344286229577 0.0039062500 0.0000000000
582.50920 12.7753852773845 0.0039062500 1.4029138326
878.61994 8.43416308088934 0.0039062500 0.9432029465
890.65632 11.3010359829542 0.0039062500 0.0000000000
758.46138 3.8462541015738 0.0019531250 0.0000000000
358.29628 3.67315702398483 0.0019531250 0.0602213472
850.56036 7.46523297334516 0.0019531250 0.5875541020
684.55615 13.7310499656203 0.0039062500 0.0000000000
672.54090 8.20773676598412 0.0039062500 0.0000000000
686.57180 15.9654149812827 0.0039062500 0.0000000000
812.54361 10.7224346048556 0.0039062500 0.0000000000
812.54361 8.69583647723979 0.0039062500 0.0000000000
812.54361 5.61346600504397 0.0039062500 0.0000000000
736.49118 7.95376324806415 0.0039062500 0.9664821130
812.54361 5.4848494774895 0.0039062500 0.0000000000
814.63203 12.6613429025469 0.0039062500 0.0000000000
686.55655 8.93954766289255 0.0039062500 0.0000000000
692.61875 17.6306018998363 0.0039062500 0.9390555189
812.66101 15.4849345277848 0.0039062500 1.1394469576
598.54050 15.5084030975704 0.0039062500 0.8309627756
842.70796 17.694879108752 0.0039062500 0.0000000000
666.60310 16.3950706417439 0.0039062500 0.0000000000
743.60615 14.7694142748399 0.0039062500 0.0000000000
813.69426 20.5201278422302 0.0039062500 0.0000000000
795.63745 17.2437848228664 0.0039062500 0.0000000000
839.74630 19.5302285560416 0.0039062500 0.0000000000
674.64457 17.6769971067008 0.0039062500 0.0000000000
564.53502 13.016760221587 0.0039062500 0.0000000000
1106.75610 13.4691689992642 0.0039062500 0.9716693488
774.60073 16.2362152812099 0.0039062500 0.8506287240
644.59762 15.2198626568904 0.0039062500 0.0000000000
561.48883 13.1581818237378 0.0019531250 0.0000000000
720.66531 20.8553086450585 0.0039062500 0.0000000000
742.53813 10.460452919561 0.0039062500 -29.6128269689
730.54050 11.6714273823859 0.0039062500 0.8241427815
871.53421 8.44473902873824 0.0058593750 0.6228713128
690.50683 10.2633397689426 0.0078125000 0.0000000000
774.66062 19.10110760512 0.0078125000 0.0000000000
694.63440 18.598961260615 0.0078125000 1.0072453928
645.56051 18.3142285392967 0.0078125000 0.0000000000
956.79130 19.4535207201066 0.0078125000 0.0000000000
956.79130 18.2809158884653 0.0078125000 0.0000000000
922.84333 19.9170818205574 0.0078125000 0.0000000000
1040.95797 21.0951352585558 0.0078125000 0.9896468065
1040.95797 21.5668988741834 0.0078125000 0.9688333595
712.64497 18.7308969181232 0.0078125000 0.9038238950
826.59565 6.61402762876569 0.0078125000 0.0000000000
690.60310 16.8133125031881 0.0078125000 0.0000000000
902.57531 8.40777597764156 0.0078125000 0.0000000000
907.77251 26.3700618026339 0.0078125000 0.0000000000
714.60310 16.4127143615306 0.0078125000 0.0000000000
942.81203 19.2286735879301 0.0078125000 0.9629027172
790.53813 12.8512910956349 0.0078125000 0.0000000000
796.54870 6.73042125074951 0.0078125000 0.0000000000
888.76508 18.4553307275951 0.0078125000 0.0000000000
690.60310 16.9847488289727 0.0078125000 0.0000000000
862.74943 18.3761521168708 0.0078125000 0.0000000000
892.60621 14.1193307211879 0.0078125000 0.0000000000
690.50683 10.2541770466429 0.0078125000 0.0000000000
628.35849 3.85206451276393 0.0078125000 0.0000000000
878.78073 19.6686886948245 0.0078125000 0.0000000000
1008.89537 21.3493391355033 0.0078125000 1.2942272963
744.59254 17.5258161752218 0.0078125000 0.0000000000
476.27717 1.86263426161962 0.0078125000 0.0000000000
840.70757 19.3775205163669 0.0078125000 0.0000000000
780.52901 7.25572502669142 0.0078125000 0.0000000000
558.50920 14.4930865314761 0.0078125000 0.0000000000
558.50920 14.6358506551898 0.0078125000 0.0000000000
838.55686 11.6489497894507 0.0078125000 0.0000000000
790.59565 10.1741571526494 0.0078125000 0.0000000000
714.50683 8.93825499182348 0.0078125000 0.0000000000
842.66333 16.4569772072823 0.0078125000 0.0000000000
830.56703 9.26299199256904 0.0078125000 0.0000000000
828.61130 11.736746831848 0.0078125000 0.0000000000
606.50920 11.3664559785921 0.0078125000 1.1000464027
820.54870 9.30071755361875 0.0078125000 0.0000000000
798.56435 7.40936832634803 0.0078125000 0.0000000000
914.58816 11.4549287797669 0.0078125000 0.0000000000
919.73613 19.1677797138039 0.0078125000 1.1147107879
864.70757 19.1255593728647 0.0078125000 0.0000000000
860.61638 10.814572123533 0.0078125000 0.0000000000
754.69192 18.9316579655695 0.0078125000 1.1486730939
1132.77175 13.3299254915796 0.0078125000 0.0000000000
754.69192 18.7537397440771 0.0078125000 0.9583303918
930.75452 19.5970339347887 0.0078125000 0.0000000000
592.56632 15.263897634046 0.0078125000 0.0000000000
650.57180 15.9704632345045 0.0078125000 0.0000000000
918.75452 19.1835581393877 0.0078125000 0.0000000000
678.56672 16.431549127195 0.0078125000 0.0000000000
694.59802 17.7874457901788 0.0078125000 0.0000000000
690.50683 10.254350732483 0.0078125000 0.0000000000
618.58197 16.8515136611189 0.0078125000 0.0000000000
794.56943 10.0512169828038 0.0078125000 0.0000000000
1134.78740 15.346940214106 0.0078125000 0.0000000000
904.60621 15.7121643288585 0.0078125000 0.0000000000
828.55966 9.00662114892922 0.0078125000 1.1107604417
892.60381 14.3065056849868 0.0078125000 0.9743925636
880.76000 18.8551280257099 0.0078125000 0.9987870732
754.53813 9.88018527485945 0.0078125000 1.1177906460
505.42623 8.56639182555465 0.0097656250 0.0000000000
836.67627 18.6357788846501 0.0117187500 0.0000000000
742.53573 10.0062373355179 0.0117187500 0.0000000000
654.61836 21.0416689520848 0.0117187500 0.2920276352
878.57531 8.00328355330391 0.0117187500 0.0000000000
886.78582 20.5689864060295 0.0117187500 -0.4476781618
783.45714 2.98186299648712 0.0117187500 0.0000000000
918.68762 13.7460953575189 0.0117187500 0.0000000000
894.69463 17.26798736618 0.0117187500 0.0000000000
970.87972 21.3626190675767 0.0117187500 0.0000000000
660.55615 15.3663824574461 0.0117187500 0.0000000000
762.50443 8.7639163553579 0.0117187500 0.0000000000
255.23295 4.44104822206778 0.0136718750 0.4620348829
834.71813 18.4029145964906 0.0195312500 0.0000000000
756.63480 14.9382181617438 0.0195312500 0.0000000000
892.60621 14.269776412408 0.0195312500 0.0000000000
816.55138 9.00539700019513 0.0195312500 0.0000000000
670.63440 18.5185223829866 0.0195312500 1.0094492415
742.53813 11.1492621359779 0.0195312500 -28.8065632972
1136.80305 16.5401036363083 0.0195312500 0.0000000000
834.71813 19.7024842141707 0.0195312500 1.9285788356
790.53573 8.61770766977979 0.0195312500 0.0000000000
864.70757 19.5347191991189 0.0195312500 0.0000000000
727.56599 18.2335352367007 0.0195312500 0.0000000000
1008.89537 21.1674514292546 0.0195312500 0.7526100418
860.61638 10.4766470056212 0.0195312500 0.0000000000
752.52008 8.38462031932374 0.0195312500 0.0000000000
834.52796 7.92853126333138 0.0195312500 0.0000000000
914.58816 12.1295437681812 0.0195312500 0.0000000000
886.78582 19.6966578494945 0.0195312500 1.9658235867
907.53311 7.80151880012668 0.0195312500 4.8929518109
806.68683 17.5470926919131 0.0195312500 0.0000000000
914.81712 20.8205031467714 0.0195312500 -31.5957276803
886.55686 9.91590302768569 0.0195312500 0.0000000000
652.55107 16.4689038839025 0.0195312500 0.0000000000
906.75452 20.0215279646577 0.0195312500 1.6387975122
652.55107 16.1077760555979 0.0195312500 0.0000000000
1036.92667 21.2203718984661 0.0195312500 0.0000000000
658.40544 3.61046134045157 0.0195312500 0.0000000000
718.64966 20.9885479032109 0.0195312500 0.0000000000
995.89771 21.7376585462497 0.0195312500 0.0000000000
792.48101 7.38003461304003 0.0195312500 0.0000000000
842.62695 9.03822113025416 0.0195312500 0.0000000000
898.78582 20.6126099765998 0.0195312500 -0.2035961502
834.71813 18.4485323971623 0.0195312500 0.0000000000
878.57531 8.33550877663642 0.0195312500 0.0000000000
806.56943 10.3150696441416 0.0195312500 -0.1912561494
742.53813 12.0213414389539 0.0195312500 0.0000000000
891.70483 18.8863638533251 0.0195312500 0.0000000000
888.80147 20.8119473955546 0.0195312500 -0.4358535064
986.91102 20.8580526666136 0.0195312500 -1.2134232929
904.59096 7.68094156461773 0.0195312500 0.0000000000
988.92667 21.1107415457453 0.0195312500 -0.5221041896
838.55926 5.56502084678931 0.0195312500 1.0934571192
822.56435 7.46586625635427 0.0273437500 0.0000000000
900.61130 13.3894818630432 0.0273437500 0.0000000000
628.36200 2.740829679828 0.0273437500 0.2440469678
752.52248 8.40281504295583 0.0273437500 0.0000000000
718.53813 12.6119143033882 0.0273437500 0.0000000000
796.73887 19.7977855137768 0.0273437500 -28.4371422020
776.63988 15.4470356803124 0.0273437500 0.0000000000
857.51856 6.78720399650259 0.0273437500 0.5296869685
632.52485 12.2504468890402 0.0273437500 0.0000000000
860.54361 9.05982176456638 0.0273437500 0.0000000000
762.50683 8.7867781831381 0.0273437500 0.0000000000
914.58816 10.9428386356678 0.0273437500 0.0000000000
831.63745 12.5092239702787 0.0273437500 1.1289018670
652.58745 16.9354448595998 0.0273437500 0.0000000000
942.84842 21.2651997878172 0.0273437500 0.0000000000
642.56672 17.5627122923697 0.0273437500 0.0000000000
481.42514 4.04330644716952 0.0273437500 1.2989755722
916.79638 18.7577446168061 0.0273437500 0.0000000000
888.70757 19.1638807447092 0.0273437500 3.6906935656
757.62180 15.5650548262963 0.0273437500 1.0114113953
806.56242 5.8302685831104 0.0273437500 0.6984394361
950.81712 20.688621773897 0.0273437500 0.0000000000
557.45644 4.03606346915314 0.0273437500 0.0000000000
884.77017 20.2962955262457 0.0273437500 -0.4154055475
505.42623 9.42082750728656 0.0273437500 29.4889694305
794.56943 13.8108287014337 0.0273437500 0.0000000000
582.50920 12.5131635258936 0.0273437500 1.8728720393
918.81203 19.3009013520459 0.0273437500 1.1749209139
826.53573 8.05664216501058 0.0273437500 0.0000000000
824.54361 8.60993483439603 0.0273437500 0.0000000000
960.73457 16.4040791377762 0.0273437500 0.9458417161
844.51231 7.60670784244211 0.0273437500 0.0000000000
770.65045 17.6273221834902 0.0273437500 0.6752409545
868.73887 19.5012183316609 0.0273437500 1.6611188868
979.86641 21.4848472667142 0.0273437500 0.0000000000
902.81712 20.9108048706781 0.0273437500 -0.4846098270
700.48878 7.51491353390292 0.0273437500 0.0000000000
396.31084 0.98204159640549 0.0273437500 0.0000000000
885.54635 7.7713487642378 0.0390625000 0.0000000000
992.86407 20.3242270711278 0.0390625000 0.0000000000
996.80147 20.212933606418 0.0390625000 0.0000000000
932.77017 19.8525281248487 0.0390625000 0.0000000000
864.76508 18.5487957679309 0.0390625000 0.0000000000
692.52248 12.0416949597893 0.0390625000 0.0000000000
1108.77175 15.1342740346312 0.0390625000 0.0000000000
916.60381 13.4903661896687 0.0390625000 0.0000000000
930.84842 21.0342588558108 0.0390625000 -0.3802862322
670.64966 21.4265644864745 0.0390625000 0.0000000000
738.66062 18.845843684782 0.0390625000 0.0000000000
787.67861 20.5205245932454 0.0390625000 0.0000000000
848.54361 10.4299192267077 0.0390625000 0.0000000000
888.57251 10.3234294327613 0.0390625000 -0.3799093603
793.55889 8.66615893672386 0.0390625000 0.0000000000
664.60271 20.6638709867292 0.0390625000 0.5921493636
892.79638 19.2859606993813 0.0390625000 0.0000000000
742.53573 12.0805817474551 0.0390625000 0.0000000000
784.58508 10.3233036038536 0.0390625000 -0.3259309505
934.80695 19.1902897071621 0.0390625000 0.0000000000
914.59166 8.74099188690999 0.0371093750 0.1145123362
658.54050 14.1221329561315 0.0390625000 0.0000000000
900.80147 20.701114540079 0.0390625000 -0.2327477793
666.63949 17.0532694771335 0.0390625000 0.0000000000
1026.94232 21.4520957667081 0.0390625000 0.0000000000
898.78582 20.4625150733069 0.0390625000 -0.1830748975
808.70248 18.1216121349425 0.0390625000 0.3026585302
822.55019 8.15084487162761 0.0488281250 0.2034334787
680.41443 3.78815629557579 0.0488281250 0.3885087300
281.24860 4.55722166813514 0.0488281250 0.4378106344
624.29431 3.21329177627375 0.0488281250 0.4242599453
822.55019 8.15084487162761 0.0488281250 0.2034334787
830.59166 11.2053244385669 0.0488281250 -0.1011976931
297.24352 3.67371959514229 0.0488281250 0.1013791718
781.48726 7.15971061618098 0.0488281250 0.0000000000
297.24352 3.67371959514229 0.0488281250 0.1013791718
872.77017 20.4651812734825 0.0546875000 -0.2418727609
782.72322 19.5597745781931 0.0546875000 0.0000000000
626.57180 16.9606438751328 0.0546875000 0.0000000000
666.60310 17.4600631742548 0.0546875000 -0.2379993603
862.62502 9.24482835869706 0.0546875000 0.0000000000
664.58745 16.9059194033 0.0546875000 0.0000000000
810.75452 19.9849887103618 0.0546875000 31.5259135938
810.60073 10.6539352456157 0.0546875000 -0.3698012031
902.57531 7.8476288981191 0.0546875000 0.0000000000
639.49830 13.3423273390183 0.0546875000 -1.0106666232
926.81712 19.9961071843996 0.0546875000 1.7200808328
912.80147 20.596400283124 0.0546875000 0.0000000000
942.84842 20.9329945481314 0.0546875000 0.0000000000
930.60661 9.55844054400059 0.0546875000 1.1095343084
614.57180 17.3938530870431 0.0546875000 0.6064350360
766.65553 17.2361887475667 0.0546875000 -0.3531044824
828.70757 19.5893528903648 0.0546875000 0.0000000000
715.58471 19.0322109278503 0.0546875000 2.3699372633
634.54050 13.3829831408155 0.0546875000 -0.4857785830
645.54525 17.326768853654 0.0546875000 0.6548752826
932.62226 10.990910959421 0.0546875000 0.4764784513
856.64260 13.9341442612362 0.0546875000 0.6996256644
805.62180 10.0358196364818 0.0546875000 0.0000000000
694.64966 20.9714780654114 0.0546875000 0.0000000000
620.59762 16.7396977575606 0.0546875000 0.9478061104
836.61638 11.2458731168424 0.0546875000 -0.1494843744
860.54361 8.38474410173571 0.0546875000 0.0000000000
906.60661 10.9954806200241 0.0546875000 0.0000000000
836.54361 9.52829618383562 0.0546875000 0.0000000000
766.53573 12.6762752449308 0.0546875000 -0.2344686588
694.64966 20.9081246444429 0.0546875000 0.0000000000
634.54050 13.2313475527551 0.0546875000 -0.4848384594
766.53573 9.20532126393346 0.0546875000 -0.1620221509
776.52248 7.23964423955735 0.0546875000 0.0000000000
780.70866 18.8798975705685 0.0644531250 0.0701828000
279.23295 3.97452791301577 0.0644531250 0.4578480744
786.52906 9.54781366597177 0.0644531250 0.0000000000
764.52358 11.249843012875 0.0644531250 0.2719785596
807.50291 7.43071866250971 0.0644531250 1.0062090835
778.53573 9.10865057062369 0.0742187500 1.8206653805
818.53305 10.012809250657 0.0742187500 0.0000000000
790.50175 8.11831765233682 0.0742187500 27.8240317262
770.56943 12.3151054857801 0.0742187500 0.0000000000
591.49830 16.2051605704834 0.0742187500 0.3558278263
970.78582 19.9160094318401 0.0742187500 0.0000000000
818.49666 7.64414006691952 0.0742187500 0.0000000000
806.72322 19.9441742952686 0.0742187500 1.3436667219
758.53305 9.56620509239456 0.0742187500 0.0000000000
772.58508 14.8183615857382 0.0742187500 -0.5012041214
926.81712 20.8472913641354 0.0742187500 -0.3866698448
926.81712 20.8231705070098 0.0742187500 -0.3909322830
792.57491 6.25706140767907 0.0742187500 -0.0039148220
538.51937 12.6347754672218 0.0742187500 0.0000000000
850.55926 9.97313958271886 0.0742187500 0.0000000000
802.55926 10.3202341629118 0.0742187500 0.0000000000
822.56435 8.43735291513157 0.0742187500 0.0000000000
788.52008 13.188931568567 0.0742187500 -0.3517829810
800.54361 11.5977043071417 0.0742187500 0.0000000000
808.70248 19.53252474725 0.0742187500 1.3917154965
689.56906 18.965613712175 0.0742187500 0.5197648743
842.66333 16.0335957915798 0.0742187500 0.0000000000
633.50646 17.0899299089191 0.0742187500 0.0000000000
834.71813 19.5884635380838 0.0742187500 1.2713963323
826.63203 10.8441037589627 0.0742187500 0.0000000000
608.52485 12.9131676509597 0.0742187500 0.0000000000
886.74943 19.8293334938339 0.0742187500 -0.0381917150
780.55378 7.62769635644574 0.0742187500 -0.2767646881
772.58508 12.1252067023408 0.0742187500 -0.3397322748
664.66022 18.8590914128475 0.0742187500 -0.2561188842
958.87972 21.1887436128506 0.0742187500 -0.5320869719
684.55615 14.0212976895966 0.0742187500 0.0000000000
932.86407 21.2841935441372 0.0742187500 -0.3559965493
860.54121 8.2015241960463 0.0742187500 0.0000000000
580.56632 15.6431414919584 0.0742187500 -0.5396503836
893.72048 18.9673373341336 0.0742187500 0.0000000000
779.60615 11.941578065939 0.0742187500 -0.1400791271
940.83277 20.7497846482681 0.0742187500 -27.5599827363
828.70757 19.682232899643 0.0742187500 0.0000000000
822.56435 6.98915339023115 0.0742187500 0.0000000000
890.59166 9.44134340764166 0.0839843750 -0.0549328589
857.51856 7.51366050660253 0.0839843750 0.7175009913
828.56312 7.70033268976266 0.0839843750 0.3823257320
283.26425 5.54413522518662 0.0839843750 0.3129700044
766.53923 11.9637099189358 0.0839843750 0.2838117828
451.45205 17.3397220101266 0.0839843750 0.2095367486
796.54980 8.69745924566983 0.0839843750 -0.1676447642
634.54050 13.8233926110864 0.0976562500 -0.5048553104
774.60073 16.239879683181 0.0976562500 -0.2963832568
1034.91102 21.1509599448459 0.0976562500 0.0000000000
940.83277 20.1661815948031 0.0976562500 -3.4047195027
890.81712 20.2140279003404 0.0976562500 0.0000000000
858.75452 20.2874561402326 0.0976562500 -0.1670873620
828.75921 21.4075115003261 0.0976562500 0.0000000000
970.71892 14.152363837516 0.0976562500 0.0000000000
636.55615 15.2007447017287 0.0976562500 -0.1224909478
974.91102 21.1054190039006 0.0976562500 -0.3169641367
794.56943 9.62792156052975 0.0976562500 0.0000000000
862.78582 20.131039248869 0.0976562500 0.7562754601
864.76508 19.4686000531756 0.0976562500 0.6207416469
1002.94232 21.263914453612 0.0976562500 -0.4710005181
1134.78740 15.0179941635531 0.0976562500 0.0000000000
890.78073 20.1930690555323 0.0976562500 -0.2343903526
890.81712 21.012173390491 0.0976562500 -0.2927092245
660.55615 14.1730374212904 0.0976562500 0.0000000000
768.70757 19.8991416440939 0.0976562500 1.4765071592
894.75452 19.8568965973651 0.0976562500 -0.6159079775
1056.98927 21.7393811083369 0.0976562500 0.0000000000
804.55138 8.77656548044588 0.0976562500 -0.0988977830
790.69192 18.9613743988494 0.0976562500 1.0109780405
1034.91102 21.6242738234341 0.0976562500 0.0000000000
786.60073 11.535491056944 0.0976562500 -0.3640816447
802.55926 10.6574420779 0.0976562500 0.0000000000
782.63792 9.11959454265665 0.1054687500 0.0000000000
882.75452 19.2639297982881 0.1289062500 0.0000000000
807.57454 10.0418056473801 0.1289062500 -0.2357855732
852.55138 7.82364064179835 0.1289062500 0.0000000000
998.81712 20.5375483102129 0.1289062500 0.0000000000
1002.94232 21.625995387222 0.1289062500 0.0000000000
916.79638 19.7921841218105 0.1289062500 -0.1401325880
884.54361 8.41095632218902 0.1289062500 0.0000000000
994.78582 19.9427527160353 0.1289062500 0.0000000000
1000.92667 21.7006674697822 0.1289062500 0.3160042767
792.70757 20.0128427929347 0.1289062500 0.7729598085
860.54121 8.65870550996592 0.1289062500 0.0000000000
960.89537 21.0543832240577 0.1289062500 -0.2925042467
904.83277 21.1064113922071 0.1289062500 -0.2440927532
502.29282 2.42363161790282 0.1289062500 0.0000000000
922.78582 20.3539450232585 0.1289062500 -0.3231327760
804.55378 8.81059673369339 0.1289062500 -0.1557051143
460.36327 5.97311485141087 0.1289062500 -0.1075540529
888.80147 19.8628934003178 0.1289062500 0.0000000000
832.58508 9.52978056734568 0.1289062500 -0.3128438190
862.63203 11.9512535006425 0.1289062500 0.0000000000
1054.97362 21.6374852635058 0.1289062500 0.0000000000
884.54121 8.56678313424988 0.1289062500 0.0000000000
860.61398 14.0406008432365 0.1289062500 0.0000000000
726.66062 19.5659650583043 0.1289062500 1.3166377170
782.68683 19.4732445342659 0.1289062500 0.0483267668
812.65514 18.911232777149 0.1289062500 0.0000000000
836.77017 20.0263596233108 0.1289062500 1.5135529775
762.50683 8.17303562964144 0.1289062500 0.0000000000
662.57180 16.0205121754695 0.1289062500 0.0000000000
964.83277 19.941587796613 0.1289062500 -26.8274171805
821.66296 19.9192597458782 0.1289062500 0.0000000000
1016.77017 19.4037236732008 0.1289062500 0.0000000000
740.67627 19.9589682141611 0.1289062500 0.9595527967
791.61366 12.3881898744884 0.1289062500 0.0000000000
834.60073 13.9094896302591 0.1289062500 0.3474979517
754.69192 20.1556688906248 0.1289062500 1.0720255160
862.78582 20.0472493350856 0.1289062500 0.9516466834
766.50175 8.15633711614708 0.1289062500 0.0000000000
881.51856 6.846961686859 0.1308593750 0.6996675217
859.53421 8.24101135509744 0.1308593750 0.3198886910
764.54471 9.32333773598623 0.1308593750 0.2389947282
535.47318 12.6725741779396 0.1308593750 0.0000000000
526.29392 2.86628042953785 0.1308593750 0.1296424850
924.80147 20.5899344752001 0.1640625000 -0.1856289564
920.77017 20.0271059755271 0.1640625000 -0.3312081850
822.75452 20.6626827325744 0.1640625000 0.3753853109
800.52248 7.25042467467313 0.1640625000 0.0000000000
826.53573 7.74611818368022 0.1640625000 0.0000000000
996.80147 20.2808981984853 0.1640625000 0.0000000000
312.32609 6.04525990208375 0.1640625000 -0.0446728660
912.76508 19.8415631670713 0.1640625000 -0.1638988373
774.62423 18.3132368173869 0.1640625000 -34.3891203953
970.78345 19.5917473672994 0.1640625000 0.0000000000
862.63203 13.9793865361005 0.1640625000 0.0000000000
820.51231 9.20583662612468 0.1640625000 0.0000000000
342.26389 1.0117714934768 0.1640625000 -0.1063709053
773.65310 17.2781521674756 0.1640625000 -0.2652661820
750.54432 13.8459072743801 0.1601562500 0.1593879570
752.52008 7.93427582991434 0.1640625000 0.0000000000
696.61367 18.4863938934817 0.1640625000 1.5256837588
762.50443 8.17792824107983 0.1640625000 0.0000000000
696.61367 18.5094407700841 0.1640625000 1.5256837588
798.59833 12.2436626760011 0.1640625000 0.0000000000
794.56943 10.9076942958864 0.1640625000 -0.1217168269
748.64497 18.8205068382173 0.1640625000 0.0000000000
593.47757 4.55185692542188 0.1640625000 -0.2085393940
804.55138 9.80440119660059 0.1640625000 -0.4283082268
766.69192 19.9642690390832 0.1640625000 1.2007076428
932.77017 20.0116510240289 0.1640625000 0.0000000000
764.67627 18.9609767038825 0.1640625000 0.0000000000
764.67627 19.5727436936319 0.1640625000 1.7652588124
474.30615 1.6451602143514 0.1640625000 -0.2334819174
738.50793 9.18889688125833 0.1601562500 -0.2620533804
819.63745 13.1161312191406 0.1640625000 0.0000000000
934.80695 18.7914005540053 0.1640625000 0.0000000000
766.53813 7.65739773700549 0.1640625000 0.0000000000
796.54870 7.97134259044364 0.1640625000 0.0000000000
940.73887 19.3919776691838 0.1640625000 0.0282228247
852.57601 9.1575747483828 0.1601562500 -0.0697887427
840.57601 8.68447863864778 0.1601562500 -0.1391950844
326.34174 5.72823548083821 0.1640625000 0.7211441310
638.64457 18.5261975271008 0.1640625000 0.2120786535
790.56036 9.58067464557815 0.1601562500 0.2349133022
755.60615 12.6154342502388 0.1640625000 0.0000000000
860.77017 20.5551104196995 0.1640625000 -0.1421607934
864.70757 19.3124897141101 0.1640625000 0.0000000000
1004.95797 21.4395827699356 0.1640625000 -0.5908756904
890.59166 8.8999990423556 0.1601562500 -0.1570949938
840.70757 19.4793375238574 0.1640625000 0.0000000000
736.49228 8.97475847568944 0.1601562500 0.2372110920
638.57180 16.4073643619277 0.2031250000 -0.3444909496
474.30615 1.53272052921968 0.2031250000 -0.5557769308
804.51850 11.3263225046212 0.1933593750 0.0000000000
940.83277 21.0017683424938 0.2031250000 0.0000000000
927.81720 20.755136055392 0.2031250000 -0.2100283895
874.55926 7.78244762153085 0.2031250000 0.0000000000
624.55615 15.5823917350051 0.2031250000 0.0000000000
858.62296 14.4865074634277 0.1933593750 -0.0718418301
592.49355 4.9402285411521 0.2031250000 0.0000000000
860.54121 8.47092903531008 0.2031250000 0.0000000000
758.62932 18.4987935386269 0.2031250000 0.0000000000
758.62932 18.0689527429452 0.2031250000 0.0000000000
854.56943 9.30511668582244 0.2031250000 -0.1107684794
833.51856 7.87926381918979 0.1933593750 0.4582451698
642.60310 18.4937055413521 0.2031250000 0.4989905587
870.75452 20.1676760525226 0.2031250000 -0.1062430759
870.75452 20.2184890366306 0.2031250000 -0.1064631998
864.80147 20.3671931500569 0.2031250000 2.2330335534
794.56943 9.80425172899345 0.2031250000 0.0000000000
816.57491 6.54104460144424 0.2031250000 0.0000000000
692.41443 3.7976868451019 0.1933593750 -0.0019078188
836.73378 18.2878433172025 0.2031250000 -0.0343548113
738.66062 19.5020359915863 0.2031250000 0.7653808506
796.54629 7.98897680006058 0.2031250000 0.0000000000
856.58268 11.9721737527777 0.2031250000 -0.1761281535
591.49590 16.2122872123923 0.2031250000 0.5262496255
934.74943 19.0842250857724 0.2031250000 0.1654580516
848.61638 12.4766974271809 0.2031250000 0.0000000000
900.66991 16.2834845684093 0.1933593750 -0.1339337623
916.60381 13.1587670191815 0.2031250000 0.0000000000
819.64731 19.4473886504971 0.2031250000 0.0000000000
894.62296 12.1688712332503 0.1933593750 0.1490296275
782.68683 18.1693132593408 0.2031250000 0.0000000000
753.59050 8.67537806258626 0.2031250000 0.0000000000
778.53813 6.85727614892335 0.2031250000 0.0000000000
832.58508 10.2907777895735 0.2031250000 -0.5058306413
972.89537 21.2939994107217 0.2031250000 -0.6454738102
642.56672 17.3170901896051 0.2031250000 0.0000000000
964.83277 20.746725863282 0.2031250000 0.0000000000
840.70757 19.2947741222214 0.2031250000 0.0000000000
692.63401 21.041892340345 0.2031250000 30.9784426053
676.55107 15.1931824760204 0.2031250000 -0.3810886205
885.54986 8.41930328969624 0.2324218750 0.8767697470
828.56312 7.70033268976266 0.2324218750 0.1898926718
828.57601 9.17683585111281 0.2324218750 -0.1150394385
909.54986 8.85308910423651 0.2324218750 0.3779597111
736.49228 8.51287416030218 0.2324218750 0.2124106862
578.30996 4.01765601032919 0.2324218750 0.0000000000
872.56584 5.14933363678303 0.2324218750 -0.0260414376
974.81712 20.384280103872 0.2500000000 31.8755245432
561.41497 4.05267503384357 0.2500000000 -0.2362570198
805.62180 11.9884327858594 0.2500000000 0.0000000000
772.54870 7.78099368630519 0.2500000000 -0.0786793798
824.54361 10.7181607840464 0.2500000000 0.0000000000
910.74943 19.2548489487144 0.2500000000 -0.1987326344
914.72322 19.374899610818 0.2500000000 1.4486584680
992.77017 19.6172518313539 0.2500000000 0.0000000000
876.55966 7.67783157205526 0.2500000000 0.6587619441
783.61093 11.7380588391728 0.2500000000 0.0000000000
860.61398 12.8436534231233 0.2500000000 0.0000000000
641.51395 15.1740289860443 0.2500000000 -0.8038427458
666.61836 20.9163576335506 0.2500000000 0.1553917274
526.29282 2.29104696651524 0.2500000000 0.0000000000
920.86407 21.274428634414 0.2500000000 -0.3159901117
874.78582 20.6551008507198 0.2500000000 -0.1415608044
834.60073 10.0765451541135 0.2500000000 0.1937783392
710.62932 18.9236599374701 0.2500000000 0.8638682456
834.59833 13.1038855851378 0.2500000000 -0.1653693553
642.60310 18.4860728535768 0.2500000000 0.4715199819
889.57765 10.2944029330796 0.2500000000 0.0000000000
794.72322 20.3548455367529 0.2500000000 0.5515234474
976.92667 21.3071020836908 0.2500000000 -0.2169478045
858.75452 20.5596565742527 0.2500000000 0.2994218362
804.51740 9.11919690134941 0.2500000000 -0.3619393050
820.58508 10.0547049703842 0.2500000000 -0.4466848245
984.89537 21.2837825292426 0.2500000000 -0.2059354632
938.81712 19.8425766580366 0.2500000000 1.2002864037
662.64457 17.870110823799 0.2500000000 -0.1995021617
820.51231 8.44617022668243 0.2500000000 0.0000000000
796.58508 10.5598451276684 0.2500000000 -0.3901566517
810.59833 14.2968601810478 0.2500000000 0.3380937340
832.58508 8.63191998538658 0.2500000000 -0.1890993914
906.84842 21.2989558922693 0.2500000000 -0.1777860825
908.79130 19.1546367349306 0.2500000000 0.0000000000
762.58785 18.9646196899545 0.2500000000 -0.0021420421
910.55686 9.90662773587235 0.2500000000 0.0000000000
796.73887 20.6695718689207 0.2500000000 0.7772131308
658.54050 12.8856863424462 0.2500000000 0.0000000000
930.71686 17.9905511258975 0.2753906250 -0.0315717844
734.49776 6.15760990380038 0.2753906250 0.7904478946
738.50793 10.3223454629904 0.2753906250 0.1721974992
792.55488 13.6628891651468 0.2753906250 0.1163127659
883.53421 7.70091079716446 0.2753906250 0.2965855838
864.57601 9.271659570933 0.2753906250 -0.0442696884
600.29431 3.49984980830846 0.2753906250 0.0000000000
768.55488 13.0541579667641 0.2753906250 -0.1408492006
716.52358 11.9465095907597 0.2753906250 0.2044231726
1004.86407 21.0179301694015 0.3007812500 0.0000000000
866.78073 19.4648205694529 0.3007812500 0.4561179482
966.84842 20.8354479557231 0.3007812500 -0.3465024368
712.64497 19.4779248020852 0.3007812500 0.3324973271
928.76000 18.1150713059698 0.3007812500 -0.0071401601
728.60350 12.3703602829537 0.3007812500 0.0000000000
1000.92667 21.0634287715864 0.3007812500 0.8999545005
1006.87972 20.9550512295005 0.3007812500 0.0000000000
840.72870 20.1467182274454 0.3007812500 0.0000000000
821.62658 12.2074870089472 0.3007812500 0.0000000000
972.80147 20.1841074795638 0.3007812500 0.0000000000
816.57491 5.88522899420606 0.3007812500 0.2331440539
916.83277 21.2181831868393 0.3007812500 0.0000000000
914.81712 20.1061089271613 0.3007812500 -29.5365336000
600.32719 2.9382701936241302 0.3007812500 0.0000000000
814.55926 5.97949093240209 0.3007812500 0.3140680362
944.77017 19.7557496249126 0.3007812500 0.2052393370
783.63745 12.5822459095545 0.3007812500 0.0000000000
888.80147 20.0545330641803 0.3007812500 0.0000000000
886.74943 18.4161279046149 0.3007812500 0.0000000000
953.75686 20.4907993543649 0.3007812500 0.0000000000
876.80147 20.8894861974896 0.3007812500 -0.0840984519
732.55378 13.7898606452611 0.3007812500 -0.2796847987
776.52248 7.68767677248695 0.3007812500 0.0000000000
748.54870 7.53976224564786 0.3007812500 0.0000000000
589.48025 14.6938891025669 0.3007812500 0.0000000000
794.56943 9.22258334352286 0.3007812500 0.0000000000
844.58508 10.7854915782518 0.3007812500 0.0000000000
819.64731 19.2645504718872 0.3007812500 0.0000000000
974.75022 16.9362575111927 0.3007812500 0.0000000000
838.74943 19.2308373135313 0.3007812500 0.2735492737
950.68556 15.933915867878 0.3222656250 0.0000000000
792.57601 11.5524762918147 0.3222656250 0.1111934939
900.59714 6.12023959738057 0.3222656250 0.0116836916
566.34635 2.07466059055652 0.3222656250 -0.0823582178
776.54471 8.56905255440471 0.3222656250 0.1675445124
678.39878 3.38303720394832 0.3222656250 -0.0726283250
835.53421 9.07165114702388 0.3222656250 0.6243679983
576.29431 3.59203282784882 0.3222656250 -0.1452910199
772.51341 5.96456573024283 0.3222656250 0.1054580230
887.56551 10.1732158611296 0.3222656250 0.2895644456
832.60731 12.9683338889536 0.3222656250 -0.1066887508
828.56250 7.70033268976266 0.3222656250 0.1913447612
846.52906 7.84948201325996 0.3222656250 0.0000000000
1004.86407 20.7677610825149 0.3593750000 0.0000000000
656.58237 18.1953468075651 0.3593750000 0.0307001170
866.81712 21.1917113644046 0.3593750000 -0.4949088950
819.58980 10.106011857773 0.3593750000 0.7533998078
854.57531 9.23324022612519 0.3593750000 0.5485851424
820.73887 20.3870925868491 0.3593750000 0.1556790865
648.62892 17.7893797949017 0.3593750000 -0.3587991670
818.72322 20.0338848425105 0.3593750000 0.0629576693
1051.96031 22.0699268190539 0.3593750000 0.0000000000
820.73887 20.4635039794541 0.3593750000 0.1556817841
1004.86407 20.8282943621821 0.3593750000 0.0000000000
838.63203 13.2259585884285 0.3593750000 -0.1472892234
757.62180 10.582432341997 0.3593750000 -0.1373074961
743.60615 10.5243643238476 0.3593750000 0.0000000000
780.55138 9.79972772539102 0.3593750000 -0.1987348993
870.75452 20.3412563136878 0.3593750000 -0.0817525585
745.62180 16.1458603866542 0.3593750000 0.0000000000
968.86407 21.0233859718751 0.3593750000 -0.0606321800
819.61093 10.7711743305582 0.3593750000 0.1721448976
822.60073 10.4066146224881 0.3593750000 -0.2979329038
1002.84842 20.7777363196825 0.3593750000 0.0000000000
860.77017 20.7904013020572 0.3593750000 -0.2755841813
854.72322 19.9405815392757 0.3593750000 0.0000000000
910.55926 9.20945876592457 0.3593750000 0.0000000000
820.51231 7.22694746136388 0.3593750000 0.0000000000
734.62932 18.5910462984725 0.3593750000 0.0000000000
976.83277 20.7679484889391 0.3593750000 0.0000000000
762.66062 19.2269143263533 0.3593750000 0.1428699596
808.58508 12.0302760705724 0.3593750000 -0.2187117294
664.58745 16.5915303155701 0.3593750000 0.0000000000
880.71774 19.7805826656054 0.3593750000 0.0807162888
686.57180 15.4507181641884 0.3593750000 0.0000000000
978.84842 20.8363407855246 0.3593750000 -0.0993010688
806.56943 10.7447375430588 0.3593750000 -0.1298621399
686.57180 14.8685647194608 0.3593750000 0.0000000000
946.87972 21.3465143213717 0.3593750000 -0.1648154397
912.80147 20.4616649087917 0.3593750000 0.0000000000
690.61836 20.7653896034918 0.3593750000 0.0960998851
662.57180 15.5908266441928 0.3593750000 0.0000000000
692.63401 20.9725110038892 0.3593750000 30.0015390879
682.54050 12.2558316489976 0.3593750000 0.0000000000
688.58745 16.0393490043176 0.3593750000 0.0000000000
1023.92901 21.8985576701038 0.3593750000 0.0000000000
900.55966 7.26078663209715 0.3593750000 0.0000000000
714.61836 20.4773139342567 0.3593750000 -0.1073861005
768.55378 12.8432310112672 0.3593750000 -0.3667476386
866.72322 19.5272690278866 0.3593750000 0.0000000000
826.67666 15.9411548377082 0.3593750000 -0.2312334961
866.72322 19.7874246248282 0.3593750000 0.0000000000
665.51395 14.8451470102648 0.3593750000 0.0000000000
535.47318 12.3276548719111 0.3750000000 0.0000000000
812.54471 7.81306659205716 0.3750000000 0.2107133379
857.67533 14.8225245983435 0.3750000000 -0.0497837640
900.59714 6.76682040608038 0.3750000000 0.0176506920
816.57601 9.98910138246181 0.3750000000 -0.0573918516
904.54980 8.14853124545839 0.3750000000 0.0000000000
904.54980 8.14853124545839 0.3750000000 0.0000000000
674.43915 3.99701216912249 0.4257812500 -27.3269208795
856.60731 11.3111523877457 0.4316406250 -0.0547035873
820.51341 10.3338103400281 0.4316406250 0.0677694677
885.54986 9.39242550148017 0.4316406250 0.2488202055
856.58508 8.70629782001326 0.4257812500 -0.0744472793
774.52906 6.77889265692154 0.4316406250 0.1477816737
866.59166 10.2392818144882 0.4316406250 -0.1236249454
684.61367 18.8156612971124 0.4257812500 -0.0588051580
852.57601 9.13167035851157 0.4316406250 0.0565028615
794.53415 9.89714753220415 0.4316406250 -0.4248327261
762.50793 8.91601757017107 0.4316406250 -0.1715364376
498.26262 1.78215904919559 0.4316406250 -0.0478718169
752.67627 19.7364073030962 0.4257812500 -0.0636962198
856.57093 5.59898090401648 0.4316406250 0.0989599249
760.64497 18.3896311393913 0.4257812500 -2.0911176873
830.55528 7.71586559912584 0.4316406250 -0.0615105601
794.57053 14.3596110292374 0.4316406250 0.0456513527
954.77565 19.2538908230624 0.4257812500 0.0072039922
954.77565 18.8474141098594 0.4257812500 0.0131047259
800.61638 13.1279830128862 0.4257812500 0.0000000000
747.51816 9.49434090209419 0.4316406250 -0.1171393903
776.52008 7.4031156410416 0.4257812500 0.0000000000
898.58149 5.60587406267922 0.4316406250 0.0000000000
806.56703 10.7532530230852 0.4257812500 -0.2759538376
778.53573 10.989356969197 0.4257812500 -0.0439766174
728.52358 11.4838282938149 0.4316406250 -0.0657006016
814.55926 6.37993733446262 0.4257812500 0.3680935692
692.65514 17.5342247435258 0.4257812500 0.0048503835
826.54401 7.42890087014012 0.4257812500 0.0000000000
770.57053 14.9447183623338 0.4316406250 -0.0154312339
762.66062 19.1494242182228 0.4257812500 -0.1037331777
608.35691 3.10659482580248 0.4316406250 -0.0366179788
612.33070 2.13505952074836 0.4316406250 -0.0729301082
572.52485 15.3794694053575 0.4257812500 0.0545247171
712.60271 20.2896396465817 0.4257812500 0.0000000000
794.49776 5.46257694858127 0.4316406250 0.0273593822
902.61279 7.52701308865099 0.4316406250 0.0381541512
716.56711 9.64189199345199 0.4257812500 0.0000000000
856.58268 10.7614273483348 0.4257812500 0.0283814866
391.22550 1.95022124283357 0.4316406250 0.0000000000
858.60073 9.63352025319336 0.4257812500 -0.0948711501
858.60073 9.39929989853473 0.4257812500 -0.1864981324
822.56194 7.2826229910224 0.4257812500 0.0000000000
754.53573 10.1538623908481 0.4257812500 1.1739775188
898.58149 6.01125290382151 0.4316406250 0.8711782308
898.58149 7.76283948997714 0.4316406250 0.0727184954
850.58149 6.18428849202841 0.4316406250 0.0508375972
770.56943 14.0563745517994 0.4257812500 0.0000000000
708.40934 2.72117811946089 0.4316406250 0.0149621128
778.53813 11.0364371463682 0.4257812500 -0.2030164355
770.56943 13.7982120308637 0.4257812500 0.0000000000
633.50887 8.41454721275307 0.4257812500 -0.0449688454
742.53813 11.5687569218062 0.4257812500 0.0000000000
590.34635 2.71744863036992 0.4316406250 -0.0608316512
858.58658 7.25741261056723 0.4316406250 0.0000000000
802.53573 8.15660751544341 0.4257812500 0.0000000000
911.56551 9.50308592837286 0.4316406250 0.2866086176
953.75686 20.3308731897674 0.4257812500 0.0000000000
896.77017 20.1628227835612 0.4257812500 -0.1475879246
937.74669 18.1964243961727 0.4257812500 0.0461046272
610.50412 4.10610576732975 0.4257812500 0.0000000000
778.53573 8.83688841170851 0.4257812500 0.5501973659
940.73887 19.5700696641439 0.4257812500 -0.0114729106
936.57601 6.96630602871089 0.4316406250 0.1729617666
818.72322 19.5139440914823 0.4257812500 0.0000000000
872.77017 17.4569158865644 0.4257812500 -0.0686592408
980.86407 20.9952050110786 0.4257812500 0.0000000000
893.66296 18.9258016594971 0.4257812500 0.0000000000
552.29431 3.93674128282783 0.4316406250 0.1358435571
908.77017 20.2589387360271 0.4257812500 0.0000000000
920.77017 19.6194986597358 0.4257812500 0.5118527615
972.80147 20.3421750978582 0.4257812500 0.0000000000
890.78073 19.4456108316391 0.4257812500 -0.2089835607
540.33070 1.84850309373919 0.4316406250 -0.0170558351
687.55341 17.9907817872888 0.4257812500 0.0000000000
942.75452 19.6028425657993 0.4257812500 0.0000000000
636.62892 17.9776998627378 0.4257812500 -0.3698504292
863.56551 11.1939219766798 0.4316406250 0.5912590082
687.55341 17.9772641607232 0.4257812500 0.0000000000
859.53421 7.92057324881927 0.4316406250 0.3143428805
866.72322 19.9644538148942 0.4257812500 0.0000000000
831.50291 6.78658871939567 0.4316406250 0.0000000000
913.58116 10.8268609934318 0.4316406250 0.3481715449
888.76508 20.0952089837461 0.4257812500 -0.0323631843
316.24824 0.911313870521185 0.4960937500 -0.2983543525
314.23259 0.858734122982426 0.4960937500 -0.0742402356
878.59166 10.3264429958715 0.4921875000 -0.0638774191
814.56036 8.70784836086253 0.4921875000 0.0704918098
998.81712 20.324465212769 0.4960937500 0.0000000000
750.50683 8.87963413499846 0.4960937500 0.0000000000
810.60073 11.843308732296 0.4960937500 -0.1079521561
610.54050 15.0388247279259 0.4960937500 0.1067352807
842.72322 19.7756649267803 0.4960937500 -0.1028122750
854.56943 8.76940203453354 0.4960937500 -0.1467273357
864.57601 8.42552388797496 0.4921875000 -0.0386820855
906.62296 12.2694733747612 0.4921875000 0.0792527428
882.75452 20.1657219730558 0.4960937500 0.2444741773
742.53813 7.9032488405802 0.4960937500 0.0000000000
792.55378 11.5036067657378 0.4960937500 -0.0807875385
766.53813 10.5906541623826 0.4960937500 -0.1926907490
664.66022 19.0291120692078 0.4960937500 -0.1753544544
1010.91102 20.8292256386248 0.4960937500 -2.0576522286
808.58508 10.0363339847443 0.4960937500 -0.1510045681
832.58268 11.1712248907127 0.4960937500 -0.1457328125
788.52248 10.6156606168787 0.4960937500 0.0000000000
873.69426 19.9600399364991 0.4960937500 0.0000000000
782.65045 15.1582073084874 0.4960937500 -0.2586987921
624.62892 18.080783619151 0.4960937500 0.1234047063
746.49776 8.20006651458217 0.4921875000 0.0000000000
810.68175 16.368849155244 0.4960937500 -0.1773398447
920.86407 21.3591606765783 0.4960937500 -0.1873016814
854.59166 10.549563876613 0.4921875000 -0.0343184531
898.65426 14.8815554206521 0.4921875000 -0.0099573398
512.29940 1.8988154721447 0.4921875000 -0.0273723391
810.75452 20.803038640365 0.4960937500 0.1684708056
814.59675 11.1910876235275 0.4921875000 -0.3499918743
818.72322 19.9347146472392 0.4960937500 0.0589290361
828.55138 8.50758787087697 0.4960937500 0.0000000000
713.56906 18.0533920310098 0.4960937500 -0.0357079183
818.55528 6.92229191705089 0.4921875000 0.0307211346
964.83277 20.4689942462704 0.4960937500 0.0000000000
694.63550 18.5406403840492 0.4921875000 -0.1294387280
780.70757 18.8977527335424 0.4960937500 0.0000000000
766.53573 10.1042840974005 0.4960937500 -0.2503144150
650.64457 18.6323604040323 0.5703125000 -0.2135346017
648.62892 17.5698495820039 0.5703125000 -0.2309476849
842.59056 6.44734556710153 0.5703125000 -0.0181292849
842.59056 6.97840730105147 0.5703125000 0.0509553165
704.63401 20.8362749700071 0.5703125000 -0.0124776945
1006.87972 21.0670194722587 0.5703125000 0.0000000000
866.59056 8.48356825144931 0.5703125000 0.0188965166
996.80147 20.0499702842408 0.5703125000 0.0000000000
770.56943 13.1877330009195 0.5703125000 0.0000000000
858.59833 11.798831533089 0.5703125000 -0.1295081675
814.55926 4.93970511985715 0.5703125000 0.0392906778
732.44573 3.9558180703373 0.5566406250 0.0048409078
500.27717 1.80526225662231 0.5703125000 0.0000000000
866.59056 6.64467757590123 0.5703125000 0.0121055736
646.61327 16.6655881288927 0.5703125000 -0.1617906880
1052.70915 10.6948651490635 0.5703125000 -0.0201428615
738.50683 9.06434144561287 0.5703125000 0.1599988313
718.53813 12.5773093985538 0.5703125000 -0.1831653904
739.63876 16.900312756479 0.5703125000 0.0000000000
742.53813 11.3931641140085 0.5703125000 0.0000000000
790.53813 9.86387168759099 0.5703125000 0.0000000000
884.73378 19.4554963506516 0.5703125000 -0.0740008690
962.91102 21.1182268551194 0.5703125000 -0.2017633035
970.78582 20.0961155933915 0.5703125000 0.0000000000
890.81712 20.3922009142705 0.5703125000 2.7976668620
812.54361 4.75777593475662 0.5703125000 0.0215033224
776.52358 10.597279058561 0.5566406250 -0.0842780183
784.66610 16.4558181851827 0.5703125000 -0.0942203079
642.61836 21.2138729018903 0.5703125000 0.0000000000
866.81712 20.6864549321464 0.5703125000 0.0000000000
770.56703 13.797233012235 0.5703125000 0.0000000000
771.63745 16.0121158351908 0.5703125000 0.0000000000
828.69231 17.2137732777944 0.5703125000 -0.2074699549
738.50793 9.3891293478669 0.5566406250 -0.1602874469
936.80147 20.3239508673701 0.5703125000 0.0000000000
660.62892 16.8651646243239 0.5703125000 -0.0227575489
280.26349 3.19974283945907 0.5703125000 -0.1882733376
798.52906 8.27524659245033 0.5566406250 -0.2202523122
610.33618 1.00581372339599 0.5566406250 -0.0714490951
682.63440 19.037569606701 0.5703125000 0.0587427539
283.15160 0.777603382514871 0.5703125000 0.1892721626
840.57491 6.98302179574783 0.5703125000 0.0477544185
876.72870 17.4887805084043 0.5703125000 0.0036005893
650.40386 3.11774402177906 0.5566406250 0.0000000000
878.74435 18.7662066812243 0.5703125000 0.0133633047
840.70757 19.5456883292014 0.5703125000 0.0000000000
882.77565 19.0902499633058 0.5703125000 0.0631270941
824.58000 9.6926698481206 0.5703125000 0.0097009444
796.51231 6.39891832833015 0.5703125000 0.1689055567
790.53923 12.0710857916984 0.5566406250 -0.1752056758
860.60937 7.92503841474245 0.5703125000 -0.7919257394
933.71780 17.6915891918748 0.5703125000 0.0050227588
848.77017 18.1875551675254 0.5703125000 -0.0124778727
828.55138 8.70478008207161 0.5703125000 0.0000000000
834.62296 14.2641245045085 0.5566406250 0.0697598779
837.54986 10.9564082702198 0.5566406250 0.0000000000
854.72322 19.7196279872418 0.5703125000 0.0000000000
933.71780 17.4551530890066 0.5703125000 0.0050084867
716.52248 10.5192519460083 0.5703125000 -0.2160556809
834.75452 19.8122443409182 0.5703125000 0.0000000000
872.56584 4.96633835499076 0.5566406250 -0.0090424988
750.62423 18.9794039360553 0.5703125000 0.0461204595
810.71813 18.8814848582909 0.5703125000 0.0000000000
676.66022 18.0880555919204 0.5703125000 0.0000000000
810.71813 19.0531617797204 0.5703125000 0.0000000000
450.26262 2.12921976162158 0.5566406250 0.1412563858
765.60036 18.7723689624469 0.5703125000 0.0323699510
860.60937 7.69006025387614 0.5703125000 -0.0594104382
926.74435 17.5858811997927 0.5703125000 0.0073194133
812.67627 19.2339459476073 0.5703125000 0.3068867771
758.62932 17.6912907215723 0.5703125000 0.0273341918
828.57601 9.5650283442539 0.5566406250 -0.0424789771
816.70757 19.6638951849072 0.5703125000 -0.0290895746
836.77017 20.796253076464 0.5703125000 0.3119339290
595.49322 4.59309164913435 0.5703125000 -0.0639357911
926.74435 17.7968690197008 0.5703125000 0.0112328688
768.55378 11.5990952444136 0.5703125000 -0.1534863935
790.53813 10.1376915294494 0.5703125000 0.0000000000
894.62296 11.6446721268431 0.5566406250 -0.0560043062
810.66062 18.5768638517623 0.5703125000 0.1256033622
870.62296 12.2863974177693 0.5566406250 -0.0590588651
840.57491 7.24425473313992 0.5703125000 0.0476608371
600.55615 16.6047355297481 0.5703125000 0.0000000000
840.57491 6.56318676086745 0.5703125000 0.0434555080
840.57491 6.39393155746639 0.5703125000 0.0476355603
862.55926 6.14886646467297 0.5703125000 0.0058157384
840.57491 6.07030481037946 0.5703125000 0.0454815062
798.52796 7.58688371826229 0.5703125000 0.2032758415
832.54870 11.3722044632676 0.5703125000 0.0000000000
786.56435 11.6864428816002 0.5703125000 0.0000000000
788.54361 5.03673171860434 0.5703125000 0.0136102617
1010.91102 21.3809305163438 0.5703125000 0.0000000000
804.55378 8.34116613876049 0.5703125000 -0.1771563872
974.81712 20.261442945698 0.5703125000 0.0000000000
786.52796 8.31755657965752 0.5703125000 0.0165311775
832.64260 12.320496784545 0.5703125000 -0.0519181417
782.68683 18.6950798691491 0.5703125000 0.0447854428
892.60731 10.577662703913 0.5566406250 0.0937980477
778.69192 17.9411885302442 0.5703125000 0.0438753652
840.57251 6.5611544030305 0.5703125000 0.0255540717
840.57251 6.99006307663248 0.5703125000 0.0282889775
752.63988 16.3912993696017 0.5703125000 0.0356250078
844.60621 7.61999523216409 0.5703125000 0.0000000000
808.73887 19.6163037534519 0.5703125000 0.0000000000
766.53813 10.6408584802938 0.5703125000 -0.2288259067
756.61367 17.6770244796814 0.5703125000 0.0549758468
768.51740 7.92862167289972 0.5703125000 0.0000000000
796.54980 10.1020926217767 0.6250000000 -0.0827048314
826.59675 11.3604975803528 0.6250000000 0.0298565209
882.62296 13.2721389221678 0.6250000000 -0.0183753262
866.59166 11.3918812773896 0.6250000000 0.0062606188
419.25680 3.70931000022401 0.6250000000 -0.2916030071
866.59166 9.92024020757231 0.6250000000 0.1153903546
664.41951 3.30834380407739 0.6250000000 0.0289955224
854.59166 10.8790042287516 0.6250000000 0.0103400267
896.63861 14.4323845984573 0.6250000000 -0.0520249050
241.14453 0.751799644535705 0.6250000000 -0.0329246239
692.61985 17.4848633218795 0.6250000000 -0.0946240474
480.30957 3.80069758487822 0.6250000000 0.1737765975
662.36748 3.05994006398348 0.6250000000 0.1048801506
580.32561 4.70399939122124 0.6250000000 0.0000000000
749.62311 18.2614813650962 0.6523437500 -0.0114341685
912.76508 17.8787071922527 0.6523437500 0.0363818739
844.73887 20.1003227634172 0.6523437500 -0.0374738717
848.77017 20.6807771811994 0.6523437500 0.0467207417
678.61836 20.6683180146395 0.6523437500 0.0000000000
952.83277 20.458637392069 0.6523437500 -1.2384975336
892.73887 19.5021780171159 0.6523437500 -0.1116880558
669.56051 17.9790592463352 0.6523437500 -0.0089498116
835.53311 7.87810370052952 0.6523437500 0.0000000000
716.52248 10.7508630510489 0.6523437500 -0.0460457921
282.27914 4.05225055027731 0.6523437500 -0.1123384382
836.54361 4.80313582363978 0.6523437500 -0.0043977368
528.30847 2.75739817509036 0.6523437500 0.0000000000
654.56672 17.0491844284422 0.6523437500 -0.2588983334
703.58471 19.034943597028 0.6523437500 0.0000000000
696.57728 15.8457917899866 0.6523437500 -0.0137558610
750.66062 19.303631926467 0.6523437500 -0.0564005490
770.56943 13.7949172257704 0.6523437500 0.0000000000
678.67587 19.3487219475599 0.6523437500 -0.1901161557
760.58508 13.6784031410833 0.6523437500 -0.1137083919
862.78582 20.7958659569877 0.6523437500 -0.3284984258
920.82768 20.1359677045881 0.6523437500 -0.0330516901
738.50683 8.6070909281738 0.6523437500 0.1017063948
976.83277 20.5932494912448 0.6523437500 0.0000000000
784.58508 14.2519779255557 0.6523437500 -0.0114407113
903.74121 26.4223197218448 0.6523437500 0.0276018800
760.64497 19.1452866048731 0.6523437500 -0.1376147836
848.60937 8.31997001575712 0.6523437500 0.1046540405
742.64966 20.6011187736777 0.6523437500 0.0000000000
926.74435 16.8933009556608 0.6523437500 0.0066996350
424.34214 2.23884645680796 0.6523437500 0.0170622354
802.69192 19.5474843364263 0.6523437500 0.0355860190
766.69192 19.5151673166915 0.6523437500 0.0000000000
780.55378 8.62808563887929 0.6523437500 -0.4354141506
400.34214 2.75683372821921 0.6523437500 0.0410948000
980.86407 20.3334856839622 0.6523437500 -0.8363808464
744.55378 13.1816891747472 0.6523437500 -0.2334782459
966.84842 20.353538437359 0.6523437500 0.3792842526
781.59528 11.9242255849815 0.6523437500 0.0408071881
935.73345 18.2582126927483 0.6523437500 0.0273521345
812.52008 12.5446320617231 0.6523437500 0.0000000000
768.55138 12.8482763736528 0.6523437500 -0.0474011717
918.62296 11.4890559076187 0.6953125000 -0.0413136843
842.59166 11.1797763754823 0.6953125000 0.0202001832
826.56036 8.89322465729424 0.6953125000 -0.0222064253
842.59166 10.4629958197791 0.6953125000 -0.0070752238
827.55963 7.71119040490319 0.6953125000 0.0832616281
820.51341 5.60057732510117 0.6953125000 0.0000000000
892.60731 11.4788278968874 0.6953125000 -0.1032274423
790.53923 10.8349915198868 0.6953125000 0.1150075069
844.51341 9.89377038181134 0.6953125000 0.0508286185
827.55963 7.71119040490319 0.6953125000 0.0832616281
764.52358 10.4697163186512 0.6953125000 -0.0462017737
714.50793 10.6346404336776 0.6953125000 0.0066055803
415.22550 2.2971871782529 0.6953125000 -0.1715677006
827.55963 7.71119040490319 0.6953125000 0.0832616281
934.87972 20.9370845076923 0.7343750000 -0.0016081425
615.49830 15.0490793396637 0.7343750000 0.0000000000
946.78582 19.8770708820694 0.7343750000 0.0000000000
1122.78740 15.8363295455154 0.7343750000 -0.0043817830
566.55067 14.9770299074136 0.7343750000 0.0570024368
806.56943 8.24593676582157 0.7343750000 -0.6186217441
948.80147 20.0720898335975 0.7343750000 0.0000000000
788.67627 19.1019091305746 0.7343750000 -0.8058329813
614.53542 5.02286815760841 0.7343750000 0.0000000000
732.61367 17.6182328647394 0.7343750000 0.1605548391
734.62932 18.7524257712838 0.7343750000 0.0000000000
764.52248 10.0117698170554 0.7343750000 -0.0786157117
752.55887 14.0124081160384 0.7343750000 0.0168559902
680.63401 20.9741333105279 0.7343750000 -0.0088965403
575.46700 5.38680386869267 0.7343750000 0.0000000000
802.53573 8.8072254871286 0.7343750000 0.0000000000
938.81712 20.7857558021573 0.7343750000 0.0549828069
660.55615 14.7983884212096 0.7343750000 0.0000000000
742.64966 20.5986169077755 0.7343750000 0.0000000000
680.63401 21.0205391312414 0.7343750000 -0.0077431781
810.68175 16.6437867142649 0.7343750000 -0.1180883482
762.66062 18.9031009536148 0.7343750000 -0.5022049943
812.69740 17.4862072751591 0.7343750000 -0.0407580535
928.59096 9.0351711901142 0.7343750000 0.0000000000
808.73887 19.4789433221002 0.7343750000 -0.4078571098
794.56703 13.4993131154608 0.7343750000 -0.0513259325
772.58508 15.071718443991 0.7343750000 0.0341695847
860.77017 19.5521233850854 0.7343750000 0.0000000000
539.43062 4.05616896686207 0.7343750000 0.0000000000
636.62892 18.1737697021783 0.7343750000 -0.2544649791
786.66062 18.5270266098151 0.7343750000 -1.5243948763
752.55887 13.9768290065122 0.7343750000 0.1224773720
873.69426 20.1698019502014 0.7343750000 0.0000000000
638.57180 16.837530747892 0.7343750000 0.0556069851
279.15909 2.08814028821953 0.7343750000 -0.0165429919
876.55138 7.51800595058321 0.7343750000 0.0000000000
752.63988 17.8127702102955 0.7343750000 0.0000000000
890.57531 8.56170672772429 0.7343750000 -0.0236446556
951.74121 20.2440568300512 0.7343750000 0.0000000000
784.58268 14.0451754389781 0.7343750000 -0.0642258153
846.60073 10.2250847957101 0.7343750000 -0.0535327156
370.29519 1.38490071583004 0.7343750000 -0.4229205319
767.60615 12.7337436123045 0.7343750000 0.0000000000
1006.87972 20.4391355232986 0.7343750000 0.0000000000
920.82768 20.4830579070842 0.7343750000 0.0401072203
746.56943 14.616686840722 0.7343750000 -2.0771217703
822.52796 7.86313854524781 0.7343750000 0.0000000000
810.56435 9.73288587403672 0.7343750000 -0.0024019082
752.52008 8.13585410742861 0.7343750000 0.0000000000
754.53813 7.21731266224712 0.7343750000 0.0000000000
892.73887 19.9859357963146 0.7343750000 -0.1587311736
822.60073 10.8100594438517 0.7343750000 -0.0183351591
912.80147 19.786720202544 0.7343750000 0.0000000000
778.56036 10.3678682672453 0.7695312500 0.1374725260
846.62296 14.1480869236257 0.7695312500 0.0355034993
894.62296 11.1820495510885 0.7695312500 -0.0101214223
886.61788 11.5219161262171 0.7695312500 -0.0028864085
554.34635 2.9150829282304 0.7695312500 0.0142672843
824.54471 7.51477064789875 0.7695312500 0.2789322577
664.38313 3.46430112791016 0.7695312500 0.1448892873
844.64370 15.9871121200936 0.7695312500 0.0506583825
536.50482 11.9927273865675 0.7695312500 -0.1596257159
638.36748 2.87184771456332 0.7695312500 0.0000000000
666.60420 16.9236782031008 0.7695312500 0.0312748325
842.59166 10.6327775433985 0.7695312500 0.0624707769
748.49228 8.77720742785254 0.7695312500 -0.0767694199
924.59714 6.44189087338189 0.7695312500 -0.0058905922
668.63401 21.1877234383072 0.8203125000 0.0858942559
615.49830 14.7970414634254 0.8203125000 0.0000000000
838.78582 21.0177456000067 0.8203125000 -0.1359258878
617.51395 16.2934649041849 0.8203125000 -0.0025798798
608.59762 17.1278515911952 0.8203125000 0.0000000000
920.82768 20.6273148520773 0.8203125000 0.0236425122
834.75452 19.623617780153 0.8203125000 0.0000000000
834.75452 20.5419295597483 0.8203125000 0.1467908400
968.77017 19.9537432075493 0.8203125000 0.0000000000
764.55646 11.1847196551103 0.8203125000 -0.0664331184
796.58508 14.4598345498102 0.8203125000 -0.1358378898
478.29282 2.51055646603237 0.8203125000 -0.2384146346
369.35158 21.1707662960087 0.8203125000 0.0746023156
640.58745 17.3168212821192 0.8203125000 0.0417787327
680.58237 17.21947713271 0.8203125000 -0.2674005906
944.77017 19.9101787173837 0.8203125000 -0.1851039299
860.73378 19.7167902627459 0.8203125000 0.0481554919
784.64497 18.1130067841994 0.8203125000 -0.0040697523
942.75452 19.8410686516691 0.8203125000 0.0000000000
368.27954 1.11949597398012 0.8203125000 0.1405924493
814.55926 5.68613653091241 0.8203125000 0.2034655635
718.64966 20.7345479674261 0.8203125000 0.0000000000
298.31044 4.60763436225434 0.8203125000 -0.0044110974
770.65045 15.744097481983 0.8203125000 -0.2390217355
640.60271 20.8730521925162 0.8203125000 0.0000000000
798.68175 16.9964989272478 0.8203125000 -0.0938464185
838.78582 20.3699000055068 0.8203125000 0.0000000000
480.30847 3.32203324393808 0.8203125000 0.0029001070
972.73457 15.5643539966878 0.8203125000 0.0000000000
482.32412 3.95183895239711 0.8203125000 0.0682726699
750.66062 19.4397721180416 0.8203125000 -0.2237337090
792.51740 8.51720523089222 0.8203125000 0.0063951490
622.61327 17.6665487371794 0.8203125000 -0.1808937473
732.61367 17.526794006018 0.8203125000 0.0036529963
934.78582 20.2942234800067 0.8203125000 0.0000000000
899.76983 19.5192648001211 0.8203125000 0.0041116575
640.62384 16.8566078083224 0.8203125000 -0.1196235869
917.72048 18.7076729355266 0.8203125000 0.0444554003
785.65310 13.0593623394444 0.8203125000 0.0081157270
808.58508 9.57275303253541 0.8203125000 0.1602545810
630.50920 10.3275777366483 0.8203125000 -0.0103814079
426.35779 2.96213578956672 0.8203125000 0.0284753954
832.73887 20.2421245068439 0.8203125000 0.1864924796
792.55378 12.2489819937957 0.8203125000 -0.0437343973
700.57220 10.2433176901315 0.8203125000 0.0000000000
766.53813 11.4098198392024 0.8203125000 -0.0152313108
880.73887 19.9132617818535 0.8203125000 -0.2392783362
811.62223 10.3901499952463 0.8457031250 -0.0013540574
811.62223 10.3901499952463 0.8457031250 -0.0013540574
834.58658 9.37576488646634 0.8457031250 -0.0383069513
790.53923 11.3707863287423 0.8457031250 0.0486563537
882.58658 6.95010110983653 0.8457031250 0.0000000000
886.56036 6.96652449498132 0.8457031250 -0.0619083592
800.54471 7.78684331794852 0.8457031250 0.0377146348
742.53923 13.051048931761 0.8457031250 0.0209274489
844.60731 12.3088040433833 0.8457031250 -0.0019823261
870.62296 13.0522604846586 0.8457031250 0.0174502369
848.54471 7.29505914299636 0.8457031250 0.0103079776
417.24115 3.00222020015042 0.8457031250 0.0117648469
811.61995 10.3903172586242 0.8457031250 -0.0013541786
811.62223 10.3901499952463 0.8457031250 -0.0013540574
868.60731 11.2473227269963 0.8457031250 0.0246629915
636.35183 2.91066391919065 0.8457031250 0.1530945711
587.40593 3.02881482781673 0.8457031250 0.0429717385
768.55488 13.6632194275774 0.8457031250 -0.0040686494
838.55926 4.81403846069614 0.9101562500 0.0115213794
764.52248 9.08166283994999 0.9101562500 0.1656835646
882.75452 19.9974779552551 0.9101562500 -0.0447575136
612.55615 16.2959897737381 0.9101562500 -0.0534938324
594.37655 3.63708330876173 0.9101562500 0.0000000000
882.60073 11.2291958892711 0.9101562500 0.6063532917
864.80147 20.9858952501716 0.9101562500 0.0297898988
845.72288 18.8317151343534 0.9101562500 0.2577261543
850.78582 21.0328132545998 0.9101562500 0.0172371099
734.62932 18.0313215530983 0.9101562500 0.0000000000
812.67627 18.9236297817154 0.9101562500 -0.2051569195
794.53305 5.40879971691005 0.9101562500 0.0133502673
840.57491 5.17233813631043 0.9101562500 0.0010414423
835.66875 15.0213345601098 0.9101562500 0.0500365347
652.66022 18.9565300323588 0.9101562500 0.1621691987
864.57491 7.16949664425744 0.9101562500 0.0000000000
960.82260 18.8231641035878 0.9101562500 0.0498682868
910.80695 19.639266776861 0.9101562500 0.0000000000
836.61398 14.570955316115 0.9101562500 -0.0527038076
907.70215 17.2735716599763 0.9101562500 0.0134711416
907.70215 17.5619717156372 0.9101562500 0.0099568500
502.37383 2.54547397014855 0.9101562500 0.0292848621
907.70215 17.7316289680842 0.9101562500 0.0159398931
662.57180 15.4290186726661 0.9101562500 0.0000000000
454.29282 3.10399841091146 0.9101562500 -0.1280759765
904.59096 9.65470530168122 0.9101562500 0.4531646906
904.59096 9.52193022737572 0.9101562500 0.4513194005
764.52248 9.05626457131515 0.9101562500 -0.1324581795
740.52248 10.4417155448795 0.9101562500 -0.1638565739
668.65514 17.9540843972568 0.9101562500 -0.1622559001
894.81203 19.8348260234993 0.9101562500 0.0000000000
907.69974 17.5044412299098 0.9101562500 0.0144819332
784.64497 18.5061961041781 0.9101562500 -0.0044856239
344.27954 1.17961021580051 0.9101562500 0.3936145029
968.77017 19.7574627327258 0.9101562500 0.0000000000
768.55378 12.0939846851885 0.9101562500 -0.0982099259
856.73887 20.0751401044702 0.9101562500 -0.0793017013
716.63401 20.8641595968282 0.9101562500 0.0000000000
858.71813 19.3689287705758 0.9101562500 0.0000000000
1000.83277 20.5569187697393 0.9101562500 0.0000000000
858.71813 19.1482565223238 0.9101562500 0.0000000000
734.62932 18.3386039538541 0.9101562500 0.0000000000
779.60615 8.88831180841904 0.9101562500 0.0000000000
887.56200 9.03211311526418 0.9101562500 -0.0417917795
784.64497 18.4519098295377 0.9101562500 -0.0175152443
755.60615 9.77593965244202 0.9101562500 0.0000000000
760.64497 18.5930055205169 0.9101562500 -0.1100740835
832.54980 13.8466342636181 0.9218750000 0.0390568816
818.59166 11.746784880334 0.9218750000 -0.0631471659
587.40822 3.02760195502158 0.9218750000 -0.0184603776
806.59166 12.3291959793821 0.9218750000 0.1281185388
558.28375 2.49449716638524 0.9218750000 0.1094658647
762.50793 9.88437228359852 0.9218750000 0.0393267021
856.54980 13.2285364361674 0.9218750000 0.0190005159
889.58116 11.4035752748231 0.9218750000 0.0299995603
912.57601 7.65674305910021 0.9218750000 -0.0013586840
664.38313 3.84527286284107 0.9218750000 0.0744384332
882.62296 13.7517202717092 0.9218750000 0.0204773047
587.40822 3.02760195502158 0.9218750000 -0.0184603776
766.53923 12.707427916444 0.9218750000 0.0068031347
587.40822 3.02760195502158 0.9218750000 -0.0184603776
838.56036 8.02647337930021 0.9218750000 -0.1176701047
778.53573 9.27395638253587 1.0000000000 -0.0546156570
846.55019 4.92473130045344 1.0000000000 0.0209836486
846.55019 4.69614526550089 1.0000000000 0.0210484784
836.54121 9.66111197969298 1.0000000000 -0.1296001817
736.44064 3.69118304403745 1.0000000000 0.0000000000
909.54876 9.52944471960353 1.0000000000 0.0000000000
1010.91102 21.2903281116972 1.0000000000 0.0000000000
880.59096 9.77374469016367 1.0000000000 0.1692633653
878.78073 19.5099114299722 1.0000000000 0.0096580282
914.64918 13.7230281777726 1.0000000000 -0.0015995187
860.60223 7.88585511404219 1.0000000000 -0.0016320593
958.80695 18.8135919199941 1.0000000000 0.0054971989
838.56036 8.49260297716673 1.0000000000 -0.0186300917
846.75452 20.3996068946452 1.0000000000 -0.0635068926
840.57601 9.74422867036594 1.0000000000 0.0054079398
439.22550 2.19356720458965 1.0000000000 -0.1101369831
892.60731 10.2780298686904 1.0000000000 0.0014504161
892.60731 10.8208545468372 1.0000000000 0.0152342301
756.55138 11.9555150360957 1.0000000000 0.0000000000
772.51341 6.98020684902401 1.0000000000 0.0890710860
868.60731 12.0187943927317 1.0000000000 0.0123976745
764.52248 11.4149055732965 1.0000000000 -0.1103977448
847.53421 8.60069259165601 1.0000000000 0.1146102220
848.56584 4.59011008861944 1.0000000000 0.0304268790
568.36200 3.4839113258688 1.0000000000 0.0333969014
740.52248 9.29037375530442 1.0000000000 0.0000000000
860.63861 14.9034921259111 1.0000000000 0.0527796247
690.47045 4.05779859626465 1.0000000000 -0.0323532940
610.50412 4.24553244043687 1.0000000000 0.0000000000
654.56672 17.08224639763 1.0000000000 -0.2601600876
594.37655 2.99198249115227 1.0000000000 0.0000000000
840.64768 14.7822018531406 1.0000000000 -0.1805504362
848.54471 12.7158979315603 1.0000000000 0.0575354327
918.75452 19.7211827315918 1.0000000000 -32.5026943986
918.75452 19.7629886366507 1.0000000000 0.0000000000
920.77017 20.2206750068248 1.0000000000 -0.0096917304
822.60073 11.6133237959531 1.0000000000 -0.0903538107
770.49666 8.7233577179488 1.0000000000 -0.0013812758
936.80147 20.5558443683721 1.0000000000 0.0000000000
861.54986 9.64228640547383 1.0000000000 0.1959217223
944.77017 20.1130707501232 1.0000000000 0.0000000000
878.81712 21.2157968899821 1.0000000000 -0.0198319367
910.78582 20.5091294842484 1.0000000000 -0.2961809072
594.58197 16.5808252982973 1.0000000000 -0.1295554008
766.53923 11.4782118136062 1.0000000000 0.0686774345
794.60582 13.239657597937 1.0000000000 0.1253112661
682.59802 18.1858372139026 1.0000000000 -0.2476181132
860.61398 13.3799551707263 1.0000000000 0.0000000000
786.66062 18.7552834757157 1.0000000000 -0.3839771217
736.44064 3.63035858141885 1.0000000000 0.0000000000
825.68440 14.7942929438249 1.0000000000 0.0000000000
594.34126 2.51071489736444 1.0000000000 -0.0908131945
881.51746 7.67061403001131 1.0000000000 -0.0006423531
568.36200 3.84595053331385 1.0000000000 0.0543721161
811.66875 16.5864032197892 1.0000000000 -0.0341862655
830.51889 5.79259261034692 1.0000000000 2.2379627462
582.28375 2.16568011387043 1.0000000000 0.0630715985
