"m.z" "r.t" "p.value" "t.score"
820.54870 7.51647340501577 0.0000025630 0.0000000000
774.60073 16.2362152812099 0.0000025630 32.4578138546
582.50920 12.5131635258936 0.0000025630 32.3497132289
740.63401 20.5689674938009 0.0000019670 4.0282876874
932.73378 18.7780916692925 0.0000025630 32.3990815590
927.61096 14.2420765502054 0.0000025630 32.3777732597
831.63745 12.3309298603856 0.0000025630 32.4921950648
803.66367 7.49280608940534 0.0000025630 32.3375603271
919.73613 19.1677797138039 0.0000025630 32.2929690098
910.74943 17.7345957013036 0.0000025630 32.3218595397
512.46734 6.90917724543291 0.0000025630 32.3449689338
620.59762 16.4863827907993 0.0000025630 32.5041066843
902.74435 17.6365384225453 0.0000008345 32.0919204236
770.56943 13.1877330009195 0.0000025630 0.0000000000
956.79130 19.4535207201066 0.0000008345 0.0000000000
872.57759 11.4901192517225 0.0000025630 32.4399298187
593.51395 14.7986388488556 0.0000025630 32.3297848737
891.70483 18.8863638533251 0.0000025630 0.0000000000
864.64768 14.4603596661296 0.0000025630 32.3677584982
620.59762 16.7396977575606 0.0000025630 32.2157667843
826.53573 8.05664216501058 0.0000025630 0.0000000000
796.54629 7.98897680006058 0.0000025630 0.0000000000
790.65553 16.0535794870784 0.0000008345 0.0000000000
1026.94232 21.4520957667081 0.0000025630 0.0000000000
880.76000 18.8551280257099 0.0000008345 31.0655576882
730.54050 11.6714273823859 0.0000025630 32.4842590544
956.73251 18.2063702884559 0.0000010207 0.0000000000
955.77251 20.9201143944706 0.0000025630 32.3652492544
832.70248 19.1785617031494 0.0000025630 32.1800740241
832.70248 19.3221789584865 0.0000025630 32.3559518535
744.66531 20.9369401257098 0.0000025630 32.2534372543
521.42005 4.56245991383664 0.0000025630 32.6669475870
682.64966 21.2037438795692 0.0000025630 32.2957972503
622.54050 14.2298657740344 0.0000025630 0.0000000000
694.63440 18.3553007082915 0.0000025630 32.3199730127
694.63440 18.598961260615 0.0000025630 32.3258226101
645.56051 18.3142285392967 0.0000004172 0.0000000000
796.54870 6.73042125074951 0.0000025630 0.0000000000
524.50372 11.3822844500956 0.0000025630 0.0000000000
572.48847 12.7974983020348 0.0000025630 34.3906699516
780.67118 18.9099025139418 0.0000025630 32.1793722872
650.57180 15.9704632345045 0.0000025630 0.0000000000
1024.67785 8.65224253047407 0.0000025630 32.5117994928
932.79130 17.8258773830643 0.0000025630 0.0000000000
828.55966 9.00662114892922 0.0000025630 32.3502888026
1134.78740 15.346940214106 0.0000025630 0.0000000000
942.81203 19.2286735879301 0.0000025630 32.2414197458
996.64655 6.94142941247537 0.0000025630 0.0000000000
942.81203 19.4462315033979 0.0000025630 32.3333739918
942.81203 20.1232368911019 0.0000025630 32.6417456447
942.81203 20.5328877850625 0.0000025630 32.4624747222
1106.75610 13.4691689992642 0.0000025630 32.3950137535
780.67118 19.0957418247026 0.0000025630 32.2663030417
800.52008 7.00529186720658 0.0000025630 31.9670794994
572.48847 13.085586598735 0.0000025630 0.0000000000
798.52796 10.0199104253459 0.0000025630 32.3614955376
745.62180 16.1458603866542 0.0000025630 0.0000000000
936.76508 18.5186099282481 0.0000025630 32.3153605571
936.76508 19.1179883382877 0.0000025630 32.6295393622
814.50175 8.28706860620359 0.0000025630 0.0000000000
1035.00492 22.09824741533 0.0000025630 1.8162332121
798.52556 9.96851421522603 0.0000025630 32.3739559095
824.61638 11.9954974542944 0.0000025630 32.2457027715
860.54361 7.08624726430884 0.0000014901 0.0000000000
750.50443 6.90835286677073 0.0000025630 32.2978820095
822.56435 7.46586625635427 0.0000014901 0.0000000000
796.73887 19.7977855137768 0.0000025630 -34.0080983388
790.59565 10.1741571526494 0.0000025630 0.0000000000
872.58000 10.9374339665835 0.0000025630 32.4121914990
826.71305 17.9751998039885 0.0000025630 32.3379262791
878.58816 12.7629630372409 0.0000025630 0.0000000000
878.56943 7.3036778221345 0.0000025630 32.3279595661
564.53502 13.016760221587 0.0000025630 0.0000000000
808.66610 15.2926862036791 0.0000025630 32.4074909227
808.66610 15.0654361565242 0.0000025630 32.6627888842
674.64457 17.6769971067008 0.0000025630 0.0000000000
760.64497 17.9993307313395 0.0000025630 32.3031492817
644.59762 15.2198626568904 0.0000025630 0.0000000000
763.63876 17.9344687427686 0.0000014901 32.5411874142
682.64966 21.2500256419296 0.0000025630 32.3041984008
768.55138 8.9843632360349 0.0000025630 32.4128231269
832.70248 18.9964478641512 0.0000025630 32.2220164128
812.66101 15.4849345277848 0.0000025630 0.0000000000
866.66333 16.1311032822682 0.0000025630 32.2677659700
634.61327 17.6319395883584 0.0000025630 32.3762498977
1040.95797 21.0951352585558 0.0000025630 32.2033514036
634.61327 17.2609706958659 0.0000025630 32.3060078520
776.58000 9.99120757874444 0.0000025630 0.0000000000
842.56943 9.99018256168592 0.0000025630 32.4199841504
634.61327 17.046546987421 0.0000025630 32.5008091925
1040.95797 21.5668988741834 0.0000025630 32.2997459822
838.55926 5.06340574600331 0.0000008345 0.0000000000
838.55926 5.42834274301472 0.0000008345 31.9047519135
838.55926 5.56502084678931 0.0000008345 31.7938024829
838.55926 5.74322668110538 0.0000025630 32.3643588132
936.82260 19.8146090045997 0.0000025630 32.2119236998
838.55926 5.90826679290631 0.0000014901 32.2870827549
838.55926 6.97461568849113 0.0000008345 32.2551281710
838.55926 11.5171097840673 0.0000025630 32.3632329371
838.55926 11.9920506155625 0.0000025630 32.3795551403
906.71813 16.7899063087552 0.0000025630 32.3807867916
804.61130 11.6613723077388 0.0000025630 0.0000000000
822.56194 7.2826229910224 0.0000011325 0.0000000000
666.53033 6.64359598509578 0.0000019670 0.0000000000
664.58745 16.9059194033 0.0000014901 0.0000000000
881.68650 17.350154695584 0.0000014901 0.0000000000
881.68650 17.4836337700889 0.0000014901 0.0000000000
888.64528 15.1423347059567 0.0000025630 32.3495072954
838.55926 6.29566271833174 0.0000019670 32.3619670986
832.70248 17.9104454003649 0.0000025630 32.2939044064
902.74435 17.2563816857018 0.0000025630 32.4619137616
754.69192 18.9316579655695 0.0000025630 30.9446501822
918.68762 13.7460953575189 0.0000025630 0.0000000000
878.61994 8.43416308088934 0.0000025630 32.3812365497
970.71892 14.152363837516 0.0000025630 0.0000000000
832.70248 17.6077147587415 0.0000025630 32.3278500574
838.69192 18.8158373469008 0.0000025630 32.3307287133
1000.92667 21.7006674697822 0.0000025630 32.2595144671
633.50646 17.0899299089191 0.0000025630 0.0000000000
938.78073 19.4082545818847 0.0000025630 32.6030775245
1008.89537 21.3493391355033 0.0000025630 32.0309026464
813.69426 20.5201278422302 0.0000025630 0.0000000000
692.52248 12.0416949597893 0.0000025630 0.0000000000
598.54050 15.5084030975704 0.0000025630 32.3148355089
692.61875 17.6306018998363 0.0000025630 32.3242296873
1008.89537 21.1674514292546 0.0000025630 32.1077304130
808.70248 19.7207297847253 0.0000025630 32.0964714507
538.48299 6.64984389580239 0.0000025630 0.0000000000
582.50920 12.7753852773845 0.0000025630 32.3664178087
908.73378 17.5335121646671 0.0000025630 32.3371566151
736.49118 7.95376324806415 0.0000025630 32.3685537872
690.60310 16.9847488289727 0.0000025630 0.0000000000
690.60310 16.8133125031881 0.0000025630 0.0000000000
788.52248 8.630284343459 0.0000025630 32.3927198034
884.73378 18.2921117320691 0.0000025630 32.3153797284
686.57180 15.9654149812827 0.0000025630 0.0000000000
884.73378 18.1777721222614 0.0000025630 32.3002145881
782.72322 19.5597745781931 0.0000025630 0.0000000000
884.73378 17.9493702637135 0.0000025630 32.3454078239
946.71892 15.6794470700887 0.0000025630 32.3929693578
971.70991 19.4800049739226 0.0000025630 0.0000000000
940.60381 12.0061833729497 0.0000032783 2.1222318209
940.60621 12.272387208172 0.0000032783 2.1263404423
660.55615 14.1730374212904 0.0000032783 0.0000000000
754.65553 17.7675590795001 0.0000032783 0.8166249391
848.61638 11.5896624503375 0.0000032783 0.0000000000
752.52008 8.38462031932374 0.0000032783 0.0000000000
842.62695 9.03822113025416 0.0000041723 0.0000000000
796.54870 7.97134259044364 0.0000041723 0.0000000000
826.63203 10.8441037589627 0.0000041723 0.0000000000
1149.88206 11.9145627667086 0.0000041723 0.0000000000
1132.77175 13.3299254915796 0.0000041723 0.0000000000
672.54090 8.20773676598412 0.0000052452 0.0000000000
1004.86407 21.0179301694015 0.0000052452 0.0000000000
1034.91102 21.6242738234341 0.0000052452 0.0000000000
624.55615 15.2359536765845 0.0000052452 0.0000000000
796.70248 18.7920251571022 0.0000052452 0.0000000000
762.50683 8.7867781831381 0.0000052452 0.0000000000
834.71813 19.7024842141707 0.0000052452 31.9130301178
552.53502 13.5982849335961 0.0000052452 0.0000000000
1108.77175 15.1342740346312 0.0000052452 0.0000000000
618.58197 16.8515136611189 0.0000065565 0.0000000000
906.60661 10.9954806200241 0.0000065565 0.0000000000
624.32719 2.37772744078826 0.0000065565 0.0000000000
892.60381 14.3065056849868 0.0000065565 32.2572976448
744.59254 17.5258161752218 0.0000065565 0.0000000000
956.77017 19.9634717117313 0.0000065565 0.0000000000
746.68096 21.2352965492086 0.0000065565 0.0000000000
822.56435 8.43735291513157 0.0000065565 0.0000000000
1000.92667 21.0634287715864 0.0000065565 32.2341417792
918.81203 19.3009013520459 0.0000065565 31.5815155918
762.50443 8.7639163553579 0.0000065565 0.0000000000
1136.80305 16.5401036363083 0.0000065565 0.0000000000
871.53421 8.44473902873824 0.0000079647 29.2744202530
953.75686 20.3308731897674 0.0000081658 0.0000000000
838.69192 19.1221229252974 0.0000081658 32.3308117991
764.67627 18.9609767038825 0.0000081658 0.0000000000
930.75452 19.5970339347887 0.0000081658 0.0000000000
712.64497 18.7308969181232 0.0000081658 2.1599253757
568.56632 15.451306688055 0.0000081658 0.0000000000
834.71813 19.5884635380838 0.0000081658 31.9475595933
798.52906 7.04077675779076 0.0000079647 0.0000000000
626.57180 16.9606438751328 0.0000081658 0.0000000000
780.52901 7.25572502669142 0.0000081658 0.0000000000
716.56711 9.64189199345199 0.0000081658 0.0000000000
953.75686 20.4907993543649 0.0000081658 0.0000000000
914.58816 10.9428386356678 0.0000081658 0.0000000000
808.70248 19.53252474725 0.0000081658 31.9187190695
750.50683 8.87963413499846 0.0000081658 0.0000000000
1134.78740 15.0179941635531 0.0000081658 0.0000000000
790.69192 18.9613743988494 0.0000081658 32.0422598021
838.69192 19.2785591862241 0.0000081658 32.0957335510
771.63745 16.0121158351908 0.0000081658 0.0000000000
1022.66220 7.16196778049472 0.0000081658 0.0000000000
831.63745 12.5092239702787 0.0000081658 32.6651777625
818.49666 7.64414006691952 0.0000081658 0.0000000000
826.53573 7.43053805823641 0.0000081658 0.0000000000
678.47045 4.03781475879018 0.0000081658 0.0000000000
890.72322 19.6916151495635 0.0000081658 32.1386285051
860.54361 8.38474410173571 0.0000081658 0.0000000000
783.63745 12.5822459095545 0.0000081658 0.0000000000
770.56943 12.3151054857801 0.0000081658 0.0000000000
742.53813 12.0213414389539 0.0000100732 0.0000000000
666.63949 17.0532694771335 0.0000100732 0.0000000000
742.53573 12.0805817474551 0.0000100732 0.0000000000
818.56943 10.6752780889912 0.0000100732 32.5240101622
862.63203 11.9512535006425 0.0000100732 0.0000000000
920.77017 19.6194986597358 0.0000100732 31.5134761177
792.48101 7.38003461304003 0.0000100732 0.0000000000
624.55615 15.5823917350051 0.0000100732 0.0000000000
818.56703 10.0990382757739 0.0000100732 32.4176159346
652.58745 16.9354448595998 0.0000100732 0.0000000000
860.61638 10.814572123533 0.0000100732 0.0000000000
868.73887 19.5012183316609 0.0000100732 32.2926895877
834.52796 7.92853126333138 0.0000100732 0.0000000000
857.51856 6.78720399650259 0.0000110492 3.0753626985
786.52906 9.54781366597177 0.0000110492 0.0000000000
776.52248 7.23964423955735 0.0000123382 0.0000000000
1002.84842 20.7777363196825 0.0000123382 0.0000000000
830.56703 9.26299199256904 0.0000123382 0.0000000000
670.59802 18.7985306813644 0.0000123382 0.0000000000
626.34284 3.15904989717205 0.0000123382 0.0000000000
916.73887 19.687053728927 0.0000123382 31.6785452884
754.53813 9.88018527485945 0.0000123382 32.3393358468
734.47663 7.85423995381365 0.0000129491 0.0000000000
754.69192 18.7537397440771 0.0000150800 29.4305572254
860.61398 12.8436534231233 0.0000150800 0.0000000000
670.64966 21.4265644864745 0.0000150800 0.0000000000
848.54361 10.047191338987 0.0000150800 0.0000000000
748.54870 7.53976224564786 0.0000150800 0.0000000000
890.72322 19.3382342296112 0.0000150800 32.1747830908
900.61130 13.3894818630432 0.0000150800 0.0000000000
752.52008 7.93427582991434 0.0000150800 0.0000000000
828.61130 11.736746831848 0.0000150800 0.0000000000
854.72322 19.9405815392757 0.0000150800 0.0000000000
606.28375 2.14189733332432 0.0000176504 0.0000000000
860.54121 8.47092903531008 0.0000182986 0.0000000000
902.78073 19.570113456069 0.0000182986 0.0000000000
906.75452 20.0215279646577 0.0000182986 31.9851893653
782.53415 13.6397363078019 0.0000205189 0.0000000000
890.72322 19.4435201936027 0.0000221133 32.1595390623
907.77251 26.3700618026339 0.0000221133 0.0000000000
557.45644 4.03606346915314 0.0000221133 0.0000000000
816.55138 9.00539700019513 0.0000221133 0.0000000000
788.52248 10.6156606168787 0.0000221133 0.0000000000
670.63440 18.5185223829866 0.0000266433 3.5263843353
1071.00492 21.8021031932053 0.0000266433 0.0000000000
885.54635 7.7713487642378 0.0000266433 0.0000000000
844.51231 7.60670784244211 0.0000266433 0.0000000000
860.54121 8.65870550996592 0.0000266433 0.0000000000
766.50175 8.15633711614708 0.0000266433 0.0000000000
938.81712 19.8425766580366 0.0000266433 2.5438225715
806.56242 5.8302685831104 0.0000266433 3.8671728694
783.45714 2.98186299648712 0.0000266433 0.0000000000
645.54525 17.326768853654 0.0000266433 32.4185142805
592.49355 4.9402285411521 0.0000319481 0.0000000000
820.51231 9.20583662612468 0.0000319481 0.0000000000
754.53813 8.19847468907275 0.0000319481 0.0000000000
1075.03622 22.2272700293582 0.0000319481 0.0000000000
918.75452 19.1835581393877 0.0000319481 0.0000000000
804.51850 11.3263225046212 0.0000317991 0.0000000000
836.67627 18.6357788846501 0.0000319481 0.0000000000
691.66098 19.8595490829256 0.0000366345 0.0000000000
904.79638 19.6350400633875 0.0000381470 0.0000000000
794.56943 9.62792156052975 0.0000381470 0.0000000000
762.50443 8.17792824107983 0.0000381470 0.0000000000
753.59050 8.67537806258626 0.0000381470 0.0000000000
860.54361 9.05982176456638 0.0000381470 0.0000000000
889.57765 10.2944029330796 0.0000381470 0.0000000000
916.60381 13.4903661896687 0.0000381470 0.0000000000
762.50683 8.17303562964144 0.0000381470 0.0000000000
664.60271 20.6638709867292 0.0000381470 32.0190331874
794.56943 10.0512169828038 0.0000381470 0.0000000000
822.56435 6.98915339023115 0.0000454187 0.0000000000
842.66333 16.0335957915798 0.0000454187 0.0000000000
794.56943 9.80425172899345 0.0000454187 0.0000000000
752.52248 8.40281504295583 0.0000454187 0.0000000000
882.59833 11.2774711133797 0.0000454187 0.0000000000
778.53573 8.83688841170851 0.0000454187 1.6640142856
561.48883 13.1581818237378 0.0000483021 0.0000000000
972.73457 15.9008881752571 0.0000538826 0.0000000000
886.55926 8.57816991215886 0.0000538826 0.0000000000
686.55655 8.93954766289255 0.0000538826 0.0000000000
886.62963 14.1753157763862 0.0000538826 0.0000000000
904.60621 15.7121643288585 0.0000538826 0.0000000000
641.51395 15.1740289860443 0.0000538826 1.9474177390
911.56200 10.3169881981364 0.0000538826 0.0000000000
828.51740 8.78639476467082 0.0000538826 0.0000000000
902.57531 8.40777597764156 0.0000538826 0.0000000000
886.63203 14.1498379234974 0.0000538826 0.0000000000
864.70757 19.5347191991189 0.0000538826 0.0000000000
790.53573 8.61770766977979 0.0000538826 0.0000000000
808.73887 19.6163037534519 0.0000538826 0.0000000000
860.61638 10.4766470056212 0.0000538826 0.0000000000
914.58816 11.4549287797669 0.0000636578 0.0000000000
912.57251 10.1489104584263 0.0000636578 0.0000000000
880.73887 19.154743256211 0.0000636578 0.0000000000
819.63745 13.1161312191406 0.0000636578 0.0000000000
858.71813 19.3689287705758 0.0000636578 0.0000000000
449.36254 4.69384636354502 0.0000636578 0.0000000000
864.70757 19.3124897141101 0.0000636578 0.0000000000
662.57180 15.4290186726661 0.0000636578 0.0000000000
974.75022 16.9362575111927 0.0000636578 0.0000000000
894.69463 17.26798736618 0.0000636578 0.0000000000
995.89771 21.7376585462497 0.0000636578 0.0000000000
648.32719 2.17865509719125 0.0000636578 0.0000000000
892.60621 14.269776412408 0.0000636578 0.0000000000
827.66367 13.4443841781333 0.0000636578 0.0000000000
890.65632 11.3010359829542 0.0000636578 0.0000000000
728.60350 12.3703602829537 0.0000749826 0.0000000000
824.54361 10.7181607840464 0.0000749826 0.0000000000
878.57531 8.33550877663642 0.0000749826 0.0000000000
592.56632 15.263897634046 0.0000749826 0.0000000000
844.51231 8.40001784466841 0.0000749826 0.0000000000
1036.92667 21.2203718984661 0.0000749826 0.0000000000
805.62180 10.0358196364818 0.0000749826 0.0000000000
660.55615 15.3663824574461 0.0000749826 0.0000000000
1056.98927 21.7393811083369 0.0000749826 0.0000000000
774.66062 19.10110760512 0.0000749826 0.0000000000
916.73887 19.4646229304789 0.0000749826 32.6075710082
720.66531 20.8553086450585 0.0000749826 0.0000000000
791.61366 12.3881898744884 0.0000749826 0.0000000000
476.27717 1.86263426161962 0.0000749826 0.0000000000
790.65553 16.5310349134248 0.0000749826 0.0000000000
902.57531 7.8476288981191 0.0000749826 0.0000000000
914.58816 12.1295437681812 0.0000749826 0.0000000000
892.60621 14.1193307211879 0.0000749826 0.0000000000
886.55686 8.74647435991662 0.0000749826 0.0000000000
886.55686 9.77556956966247 0.0000749826 0.0000000000
886.55686 9.91590302768569 0.0000749826 0.0000000000
774.66062 18.9367944515235 0.0000749826 0.0000000000
812.54361 10.7224346048556 0.0000749826 0.0000000000
742.53573 10.0062373355179 0.0000880361 0.0000000000
1023.92901 21.8985576701038 0.0000880361 0.0000000000
935.76743 19.7157583960086 0.0000880361 0.0000000000
540.49864 8.7195918250089 0.0000880361 0.0000000000
819.58980 10.106011857773 0.0000880361 30.5689296911
864.70757 19.1255593728647 0.0000880361 0.0000000000
756.63480 14.9382181617438 0.0000880361 0.0000000000
838.55686 11.6489497894507 0.0000880361 0.0000000000
860.61398 14.0406008432365 0.0000880361 0.0000000000
884.54121 8.56678313424988 0.0000880361 0.0000000000
970.84333 20.787414113719 0.0000880361 0.0000000000
992.77017 19.6172518313539 0.0000880361 0.0000000000
798.56435 9.39019550686799 0.0000880361 0.0000000000
664.58745 16.5915303155701 0.0000880361 0.0000000000
774.52906 7.87181094106 0.0000931919 0.0000000000
950.81712 20.1666057797395 0.0001029968 0.0000000000
860.54121 8.2015241960463 0.0001029968 0.0000000000
812.54361 8.69583647723979 0.0001029968 0.0000000000
842.66333 16.4569772072823 0.0001029968 0.0000000000
538.51937 12.6347754672218 0.0001029968 0.0000000000
575.46700 5.38680386869267 0.0001029968 0.0000000000
998.91102 21.3514110167093 0.0001029968 0.0000000000
793.55889 8.66615893672386 0.0001029968 0.0000000000
796.66610 15.453594050896 0.0001029968 0.0000000000
970.87972 21.3626190675767 0.0001029968 0.0000000000
650.64457 18.2046555342791 0.0001029968 0.0000000000
904.59096 7.68094156461773 0.0001029968 0.0000000000
876.57601 8.19824993908171 0.0001197010 0.0000000000
1097.02057 21.8577031791158 0.0001202226 0.0000000000
836.54361 9.52829618383562 0.0001202226 0.0000000000
805.62180 11.9884327858594 0.0001202226 0.0000000000
862.63203 12.2833803435442 0.0001202226 0.0000000000
770.56943 14.0563745517994 0.0001202226 0.0000000000
826.59565 5.41358206450525 0.0001202226 0.0000000000
820.51341 5.60057732510117 0.0001197010 0.0000000000
904.54980 8.14853124545839 0.0001197010 0.0000000000
610.50412 4.24553244043687 0.0001202226 0.0000000000
843.70723 18.4689944607603 0.0001202226 0.0000000000
904.54980 8.14853124545839 0.0001197010 0.0000000000
878.57531 8.00328355330391 0.0001202226 0.0000000000
828.70757 19.682232899643 0.0001202226 0.0000000000
796.66610 15.6209886249695 0.0001202226 0.0000000000
820.54870 9.30071755361875 0.0001398921 0.0000000000
794.56943 9.22258334352286 0.0001398921 0.0000000000
544.45717 10.6548749156376 0.0001398921 34.2688579735
970.87972 21.0948246984237 0.0001398921 0.0000000000
776.63988 15.4470356803124 0.0001398921 0.0000000000
800.66101 16.0513020085876 0.0001398921 0.0000000000
1006.87972 20.9550512295005 0.0001398921 0.0000000000
738.66062 18.845843684782 0.0001398921 0.0000000000
850.55926 9.97313958271886 0.0001398921 0.0000000000
536.50372 10.509208423509 0.0001398921 0.0000000000
279.23295 3.97452791301577 0.0001527369 0.6832211197
680.41443 3.78815629557579 0.0001527369 2.0273561088
926.81712 19.9961071843996 0.0001623034 32.4936905514
800.54361 11.5977043071417 0.0001623034 0.0000000000
743.60615 14.7694142748399 0.0001623034 0.0000000000
1077.05187 22.3149972740452 0.0001623034 29.3687474868
884.54361 8.41095632218902 0.0001623034 0.0000000000
826.59565 6.30493958316165 0.0001623034 0.0000000000
826.59565 6.61402762876569 0.0001623034 0.0000000000
828.70757 19.5893528903648 0.0001623034 0.0000000000
1006.87972 21.0670194722587 0.0001623034 0.0000000000
858.71813 19.1482565223238 0.0001623034 0.0000000000
664.38313 3.84527286284107 0.0001721308 -0.3378398347
684.55615 13.7310499656203 0.0001878738 0.0000000000
769.62180 14.6479309917326 0.0001878738 0.0000000000
608.59762 17.1278515911952 0.0001878738 0.0000000000
616.36200 3.22359374491745 0.0001936853 0.0000000000
624.29431 3.21329177627375 0.0001936853 2.6560410142
658.54050 14.1221329561315 0.0002169013 0.0000000000
812.52008 12.5446320617231 0.0002169013 0.0000000000
878.59166 10.3264429958715 0.0002176091 -0.2141934433
358.29628 3.67315702398483 0.0002176091 0.1749551382
940.83277 21.0017683424938 0.0002169013 0.0000000000
824.54471 12.6215207088815 0.0002176091 0.0000000000
834.75452 19.8122443409182 0.0002169013 0.0000000000
862.74943 18.3761521168708 0.0002169013 0.0000000000
862.62502 9.24482835869706 0.0002169013 0.0000000000
1099.03622 22.0229615972476 0.0002169013 0.0000000000
944.82768 20.8102044715988 0.0002498031 0.0000000000
1068.98927 21.7209722491142 0.0002498031 0.0000000000
1054.97362 21.6374852635058 0.0002498031 0.0000000000
678.56672 16.431549127195 0.0002498031 0.0000000000
690.50683 10.2633397689426 0.0002498031 0.0000000000
736.49228 7.94913734105586 0.0002441406 0.0000000000
502.29282 2.42363161790282 0.0002498031 0.0000000000
814.53813 12.2523247458168 0.0002498031 0.0000000000
781.63166 19.5054389752395 0.0002498031 0.0000000000
678.56672 16.2927558222061 0.0002498031 0.0000000000
642.56672 17.8943152494222 0.0002498031 0.0000000000
661.52790 9.69447754506992 0.0002498031 0.0000000000
642.56672 17.3170901896051 0.0002498031 0.0000000000
864.76508 18.5487957679309 0.0002498031 0.0000000000
974.87463 20.3029731425367 0.0002498031 0.0000000000
580.49355 11.105666543637 0.0002498031 0.0000000000
690.50683 10.254350732483 0.0002498031 0.0000000000
694.59802 17.7874457901788 0.0002498031 0.0000000000
836.54361 5.89059209797699 0.0002498031 0.0000000000
690.50683 10.2541770466429 0.0002498031 0.0000000000
780.51740 7.52666946501343 0.0002498031 0.0000000000
854.62695 11.710716483512 0.0002498031 0.0000000000
670.59802 17.678965354013 0.0002498031 0.0000000000
281.24860 4.55722166813514 0.0002735108 0.8676986554
886.78582 19.9591459073843 0.0002870560 32.5226724513
852.55138 7.82364064179835 0.0002870560 0.0000000000
834.75452 19.623617780153 0.0002870560 0.0000000000
755.60615 12.6154342502388 0.0003290772 0.0000000000
886.78582 19.6966578494945 0.0003290772 4.2311962808
714.50683 8.93825499182348 0.0003290772 0.0000000000
740.52248 9.29037375530442 0.0003290772 0.0000000000
628.35849 3.85206451276393 0.0003290772 0.0000000000
662.57180 15.5908266441928 0.0003290772 0.0000000000
866.81712 20.6864549321464 0.0003290772 0.0000000000
972.85898 20.1777156725036 0.0003764033 0.0000000000
636.55615 15.2007447017287 0.0003764033 0.2287756364
842.70796 17.694879108752 0.0003764033 0.0000000000
942.84842 21.2651997878172 0.0003764033 0.0000000000
1002.94232 21.625995387222 0.0003764033 0.0000000000
806.72322 19.2355055086854 0.0003764033 0.0000000000
539.43062 4.05616896686207 0.0003764033 0.0000000000
688.58745 16.0393490043176 0.0004296899 0.0000000000
1089.05187 22.2640553517993 0.0004296899 0.0000000000
916.79638 18.7577446168061 0.0004296899 0.0000000000
666.56672 16.7917730699918 0.0004296899 0.0000000000
862.63203 13.9793865361005 0.0004296899 0.0000000000
642.56672 17.5627122923697 0.0004296899 0.0000000000
992.86407 20.3242270711278 0.0004894733 0.0000000000
946.84333 20.1393152901222 0.0004894733 0.0000000000
798.56435 7.74104100674684 0.0004894733 0.0000000000
668.54598 7.98467547530437 0.0004894733 0.0000000000
718.64966 20.9885479032109 0.0004894733 0.0000000000
842.70796 17.4882012477371 0.0004894733 0.0000000000
994.78582 19.7892142749866 0.0004894733 0.0000000000
906.81203 19.9086914544665 0.0004894733 0.0000000000
848.61638 12.4766974271809 0.0004894733 0.0000000000
790.53813 12.8512910956349 0.0005564094 0.0000000000
682.54050 12.2558316489976 0.0005564094 0.0000000000
700.48878 7.51491353390292 0.0005564094 0.0000000000
826.53573 7.74611818368022 0.0005564094 0.0000000000
686.57180 14.8685647194608 0.0005564094 0.0000000000
854.72322 19.7196279872418 0.0005564094 0.0000000000
662.57180 16.0205121754695 0.0006313324 0.0000000000
826.54401 7.42890087014012 0.0006313324 0.0000000000
866.72322 19.9644538148942 0.0007149577 0.0000000000
694.64966 20.9081246444429 0.0007149577 0.0000000000
819.64731 19.4473886504971 0.0007149577 0.0000000000
686.57180 15.4507181641884 0.0007149577 0.0000000000
748.64497 18.8205068382173 0.0007149577 0.0000000000
886.61788 11.5219161262171 0.0007921457 -0.3283013351
821.66296 19.9192597458782 0.0008081198 0.0000000000
946.84333 20.3755432478324 0.0008081198 0.0000000000
932.77017 20.0116510240289 0.0008081198 0.0000000000
758.53305 9.56620509239456 0.0008081198 0.0000000000
890.78073 20.1930690555323 0.0008081198 0.3871660099
866.72322 19.7874246248282 0.0008081198 0.0000000000
836.54361 6.69187420605594 0.0008081198 0.0000000000
964.83277 20.746725863282 0.0009118915 0.0000000000
608.52485 12.9131676509597 0.0009118915 0.0000000000
806.68683 17.5470926919131 0.0009118915 0.0000000000
900.55966 7.26078663209715 0.0010271072 0.0000000000
932.62226 10.990910959421 0.0010271072 1.8593742392
678.56672 15.9855257875705 0.0010271072 0.0000000000
742.53813 7.9032488405802 0.0010271072 0.0000000000
716.52358 11.9465095907597 0.0010645166 0.2837871629
893.72048 18.9673373341336 0.0011548400 0.0000000000
972.80147 20.1841074795638 0.0011548400 0.0000000000
844.64370 15.9871121200936 0.0011721328 -0.2383410183
914.64918 13.7230281777726 0.0011721328 -0.3459460747
964.83277 20.4689942462704 0.0012963414 0.0000000000
874.55926 7.78244762153085 0.0012963414 0.0000000000
932.77017 19.8525281248487 0.0012963414 0.0000000000
662.36748 3.05994006398348 0.0012892336 -0.3309674647
910.55926 9.20945876592457 0.0014527440 0.0000000000
828.55138 8.70478008207161 0.0014527440 0.0000000000
684.55615 14.0212976895966 0.0014527440 0.0000000000
694.64966 20.9714780654114 0.0016253591 0.0000000000
834.71813 18.4485323971623 0.0016253591 0.0000000000
834.71813 18.4029145964906 0.0016253591 0.0000000000
808.66610 17.3130593589511 0.0018156767 0.0000000000
666.61836 20.9163576335506 0.0018156767 -0.3150056621
734.62932 18.0313215530983 0.0018156767 0.0000000000
838.78582 20.3699000055068 0.0020251274 0.0000000000
970.78582 20.0961155933915 0.0020251274 0.0000000000
610.50412 4.10610576732975 0.0020251274 0.0000000000
772.54870 7.78099368630519 0.0020251274 0.2935071691
948.85898 20.3127156013115 0.0020251274 0.0000000000
885.54986 8.41930328969624 0.0020434409 -0.5534698851
600.29431 3.49984980830846 0.0022339225 0.0000000000
798.56435 7.40936832634803 0.0022552609 0.0000000000
718.53813 12.5773093985538 0.0022552609 0.4662399628
818.53305 10.012809250657 0.0022552609 0.0000000000
1004.86407 20.7677610825149 0.0022552609 0.0000000000
1004.86407 20.8282943621821 0.0022552609 0.0000000000
766.53813 7.65739773700549 0.0022552609 0.0000000000
886.74943 18.4161279046149 0.0022552609 0.0000000000
892.60731 11.4788278968874 0.0024397895 -0.2118639024
727.56599 18.2335352367007 0.0025079250 0.0000000000
658.54050 12.8856863424462 0.0025079250 0.0000000000
598.50412 13.7863523370105 0.0025079250 0.0000000000
770.65045 17.6273221834902 0.0027848482 1.7090990485
888.76508 18.4553307275951 0.0027848482 0.0000000000
907.53311 7.80151880012668 0.0027848482 32.3078878416
804.51740 9.11919690134941 0.0027848482 -30.0278513649
812.54471 7.81306659205716 0.0029019862 -0.3603708580
636.35183 2.91066391919065 0.0029019862 -0.1997650285
836.54361 5.56437474523934 0.0030878782 0.0000000000
908.77017 20.2589387360271 0.0030878782 0.0000000000
605.47516 15.2824436412883 0.0030878782 0.0000000000
910.78582 19.5903718907248 0.0034192204 0.0000000000
778.53573 9.27395638253587 0.0034192204 1.1401978068
677.64533 19.6289636219167 0.0034389943 0.0000000000
846.52906 7.84948201325996 0.0037386194 0.0000000000
610.54050 15.0388247279259 0.0037809014 0.3199303883
890.81712 20.2140279003404 0.0037809014 0.0000000000
1101.05187 22.1911342757731 0.0037809014 0.0000000000
970.78345 19.5917473672994 0.0037809014 0.0000000000
558.47282 19.3047972289926 0.0037809014 0.0000000000
255.23295 4.44104822206778 0.0040607378 0.4477677875
666.60310 16.3950706417439 0.0041751862 0.0000000000
982.68955 3.12520071322685 0.0041751862 0.0000000000
802.55926 10.6574420779 0.0041751862 0.0000000000
652.55107 15.7972972243683 0.0041751862 0.0000000000
768.55488 13.0541579667641 0.0044067726 0.2652849680
888.76508 20.0952089837461 0.0046046376 0.2810592983
615.49830 14.7970414634254 0.0046046376 0.0000000000
808.73887 19.4789433221002 0.0046046376 -3.4343815137
795.63745 17.2437848228664 0.0046046376 0.0000000000
716.52248 10.5192519460083 0.0046046376 0.2597224198
888.76508 18.2461233448749 0.0050716400 0.0000000000
951.74121 20.2440568300512 0.0050716400 0.0000000000
778.53813 6.85727614892335 0.0050716400 0.0000000000
913.74910 19.302198557412 0.0050716400 0.0000000000
970.78582 19.9160094318401 0.0050716400 0.0000000000
779.60615 8.88831180841904 0.0050716400 0.0000000000
802.55926 10.3202341629118 0.0050716400 0.0000000000
792.55378 11.5036067657378 0.0050716400 0.4097384911
638.57180 16.4073643619277 0.0050716400 0.3115885620
790.53923 11.3707863287423 0.0051764026 0.3924032748
820.51231 8.44617022668243 0.0055788159 0.0000000000
738.50793 10.3223454629904 0.0056031495 0.2673364357
966.84842 20.353538437359 0.0061292052 1.7607453354
612.55615 16.2959897737381 0.0061292052 0.5116783188
854.53305 8.8617910459713 0.0067255497 30.2100969219
742.64966 20.5986169077755 0.0067255497 0.0000000000
746.56943 14.616686840722 0.0067255497 1.0944526919
916.60381 13.1587670191815 0.0073709488 0.0000000000
956.79130 18.2809158884653 0.0073709488 0.0000000000
835.53311 7.87810370052952 0.0073709488 0.0000000000
882.75452 19.2639297982881 0.0073709488 0.0000000000
892.60731 10.2780298686904 0.0076291859 -0.2445730018
860.54361 5.9976161847069 0.0080688000 3.3505093603
866.72322 19.5272690278866 0.0080688000 0.0000000000
1103.06752 22.3870488232244 0.0080688000 0.0000000000
652.55107 16.1077760555979 0.0080688000 0.0000000000
832.58508 10.2907777895735 0.0080688000 -0.2246167539
500.27717 1.80526225662231 0.0080688000 0.0000000000
742.64966 20.6011187736777 0.0080688000 0.0000000000
606.50920 11.3664559785921 0.0080688000 26.1976487750
864.57601 8.42552388797496 0.0082246661 -0.1253680636
600.32719 2.9382701936241302 0.0088223219 0.0000000000
640.58745 17.3168212821192 0.0088223219 0.4267564676
948.80147 20.0720898335975 0.0088223219 0.0000000000
950.68556 15.933915867878 0.0095364079 0.0000000000
850.56036 7.46523297334516 0.0095364079 0.8370080689
715.58471 19.0322109278503 0.0096350312 1.9001151921
862.69192 18.8890142787847 0.0096350312 0.0000000000
716.52248 10.7508630510489 0.0096350312 0.1674984601
812.65514 18.911232777149 0.0096350312 0.0000000000
868.60731 12.0187943927317 0.0102569088 -0.1280117674
689.56906 18.965613712175 0.0105108023 1.8386423195
750.66062 19.4397721180416 0.0105108023 0.4881600638
940.73887 19.2568685978849 0.0105108023 0.0000000000
1034.91102 21.1509599448459 0.0105108023 0.0000000000
942.75452 19.8410686516691 0.0105108023 0.0000000000
819.61093 10.7711743305582 0.0105108023 1.3008315145
781.59528 11.9242255849815 0.0105108023 -0.3276195970
979.86641 21.4848472667142 0.0114533305 0.0000000000
886.74943 19.8293334938339 0.0114533305 0.2758585442
757.62180 15.5650548262963 0.0114533305 3.8078179340
972.80147 20.3421750978582 0.0114533305 0.0000000000
826.59675 11.3604975803528 0.0118385702 -0.1333533513
505.42623 9.42082750728656 0.0118385702 30.7050079542
687.55341 17.9907817872888 0.0124664903 0.0000000000
687.55341 17.9772641607232 0.0124664903 0.0000000000
740.52248 10.4417155448795 0.0124664903 0.3137311126
928.59096 9.0351711901142 0.0135546923 0.0000000000
1010.91102 21.2903281116972 0.0135546923 0.0000000000
568.36200 3.4839113258688 0.0136236995 -0.1760944696
866.59166 10.2392818144882 0.0136236995 -0.1978261568
854.59166 10.8790042287516 0.0145988688 -0.1243299609
930.60661 9.55844054400059 0.0147220492 3.4753258113
890.81712 21.012173390491 0.0147220492 0.3058386313
639.49830 13.3423273390183 0.0147220492 0.0000000000
666.60310 17.4600631742548 0.0147220492 0.2443558360
888.80147 19.8628934003178 0.0147220492 0.0000000000
728.52358 11.4838282938149 0.0145988688 0.2676078314
732.55378 13.7898606452611 0.0147220492 0.3677980421
854.59166 10.549563876613 0.0156326070 -0.1230765553
554.34635 2.9150829282304 0.0156326070 -0.2159218958
714.50793 10.6346404336776 0.0156326070 0.3983237425
768.51740 7.92862167289972 0.0159729719 0.0000000000
1010.91102 21.3809305163438 0.0159729719 0.0000000000
638.57180 16.837530747892 0.0159729719 0.1757598535
768.55378 12.8432310112672 0.0159729719 0.3167977061
848.54361 10.4299192267077 0.0159729719 0.0000000000
913.74910 19.0395013049888 0.0159729719 0.0000000000
913.74910 19.1360211597815 0.0159729719 0.0000000000
940.83277 20.7497846482681 0.0159729719 0.0000000000
742.53923 13.051048931761 0.0167276934 0.2396289354
825.68440 14.7942929438249 0.0173123479 0.0000000000
714.60310 16.4127143615306 0.0173123479 0.0000000000
824.54361 8.60993483439603 0.0173123479 0.0000000000
862.78582 20.7958659569877 0.0173123479 0.1823610124
660.55615 14.7983884212096 0.0173123479 0.0000000000
794.56703 13.4993131154608 0.0173123479 0.4138635354
906.62296 12.2694733747612 0.0178869143 -0.1165720951
888.80147 20.0545330641803 0.0187447071 0.0000000000
942.84842 20.9329945481314 0.0187447071 0.0000000000
838.78582 21.0177456000067 0.0187447071 0.2847067046
568.36200 3.84595053331385 0.0191131458 -0.2039238218
814.63203 12.6613429025469 0.0202749372 0.0000000000
424.34214 2.23884645680796 0.0202749372 0.1966989400
772.58508 15.071718443991 0.0202749372 0.3832569334
526.29282 2.29104696651524 0.0219083428 0.0000000000
767.60615 12.7337436123045 0.0219083428 0.0000000000
634.54050 13.2313475527551 0.0219083428 0.1553430591
860.73378 19.7167902627459 0.0219083428 0.2865510866
766.69192 19.5151673166915 0.0236499310 0.0000000000
864.80147 20.9858952501716 0.0236499310 0.3133596414
812.54361 5.4848494774895 0.0236499310 0.0000000000
858.59833 11.798831533089 0.0236499310 -0.2400691033
782.63792 9.11959454265665 0.0247491151 0.0000000000
758.62932 18.4987935386269 0.0255050659 0.0000000000
652.55107 16.4689038839025 0.0255050659 0.0000000000
972.89537 21.2939994107217 0.0255050659 0.3949935723
822.52796 7.86313854524781 0.0255050659 0.0000000000
888.80147 20.8119473955546 0.0255050659 0.1992318711
743.60615 10.5243643238476 0.0255050659 0.0000000000
830.55528 7.71586559912584 0.0263566673 0.2197205306
535.47318 12.3276548719111 0.0263566673 0.0000000000
822.55019 8.15084487162761 0.0263566673 -0.3084603962
822.55019 8.15084487162761 0.0263566673 -0.3084603962
802.69192 19.5474843364263 0.0274794102 0.4405675748
888.70757 19.1638807447092 0.0274794102 4.5075368707
844.58508 10.7854915782518 0.0274794102 0.0000000000
678.61836 20.6683180146395 0.0274794102 -2.1630078519
794.56943 13.8108287014337 0.0274794102 0.0000000000
996.80147 20.212933606418 0.0274794102 0.0000000000
914.72322 19.374899610818 0.0274794102 30.8802733383
852.76508 19.5195850782149 0.0274794102 0.0000000000
852.57601 9.13167035851157 0.0280501992 -0.1457685004
894.62296 12.1688712332503 0.0280501992 -0.1406250532
690.61836 20.7653896034918 0.0295784473 -0.2732356641
892.79638 19.2859606993813 0.0295784473 0.0000000000
595.49322 4.59309164913435 0.0295784473 -0.2128385202
812.54361 5.61346600504397 0.0295784473 0.0000000000
884.77017 19.3221372557493 0.0318078399 0.0000000000
856.64260 13.9341442612362 0.0318078399 0.0000000000
764.52358 10.4697163186512 0.0317090750 0.1762090238
634.54050 13.3829831408155 0.0318078399 0.1035783054
658.40544 3.61046134045157 0.0318078399 0.0000000000
790.53813 10.1376915294494 0.0318078399 0.0000000000
837.54986 10.9564082702198 0.0336813927 0.0000000000
827.55963 7.71119040490319 0.0336813927 -0.1652058152
827.55963 7.71119040490319 0.0336813927 -0.1652058152
827.55963 7.71119040490319 0.0336813927 -0.1652058152
312.32609 6.04525990208375 0.0341737866 0.1757207788
764.52248 10.0117698170554 0.0341737866 0.1785419056
666.60420 16.9236782031008 0.0357538089 -0.3073919796
960.73457 16.4040791377762 0.0366820693 33.5635839858
878.78073 19.6686886948245 0.0366820693 0.0000000000
589.48025 14.6938891025669 0.0366820693 0.0000000000
816.57491 6.54104460144424 0.0366820693 0.0000000000
1051.96031 22.0699268190539 0.0366820693 0.0000000000
836.54121 9.66111197969298 0.0366820693 0.3108589994
860.77017 20.5551104196995 0.0366820693 0.2001417760
426.35779 2.96213578956672 0.0366820693 0.3291609934
816.64768 14.1567685630827 0.0393387079 0.0000000000
922.84333 19.9170818205574 0.0393387079 0.0000000000
782.68683 18.1693132593408 0.0393387079 0.0000000000
836.73378 18.2878433172025 0.0393387079 -0.0982590688
580.56632 15.6431414919584 0.0393387079 -24.4804164282
1000.83277 20.5569187697393 0.0393387079 0.0000000000
958.80695 18.8135919199941 0.0393387079 0.0326745764
790.50175 8.11831765233682 0.0393387079 28.2752211412
972.73457 15.5643539966878 0.0421501994 0.0000000000
744.55378 13.1816891747472 0.0421501994 0.1655476512
591.49830 16.2051605704834 0.0421501994 0.3858585661
996.80147 20.2808981984853 0.0421501994 0.0000000000
828.56312 7.70033268976266 0.0426083878 -0.1395999189
946.87972 21.3465143213717 0.0451226830 0.3389118299
762.58785 18.9646196899545 0.0451226830 0.0000000000
860.63861 14.9034921259111 0.0451183096 0.0000000000
634.54050 13.8233926110864 0.0451226830 0.3849949980
800.52248 7.25042467467313 0.0451226830 0.0000000000
860.77017 20.7904013020572 0.0482624173 0.2609761687
368.27954 1.11949597398012 0.0482624173 0.3216241769
617.51395 16.2934649041849 0.0482624173 0.3261485102
481.42514 4.04330644716952 0.0482624173 3.4920188792
916.83277 21.2181831868393 0.0482624173 0.0000000000
594.34126 2.51071489736444 0.0504988879 3.6267509230
591.49590 16.2122872123923 0.0515762568 0.3750031819
738.50683 8.6070909281738 0.0515762568 0.3605231202
914.81712 20.8205031467714 0.0515762568 0.0000000000
758.46138 3.8462541015738 0.0533774346 0.0000000000
856.58508 8.70629782001326 0.0550704598 0.2977387797
652.66022 18.9565300323588 0.0550704598 0.2653009827
908.79130 18.9241115323477 0.0550704598 0.0000000000
790.53813 9.86387168759099 0.0550704598 0.0000000000
712.60271 20.2896396465817 0.0550704598 -0.3511995661
280.26349 3.19974283945907 0.0550704598 -0.2834068122
764.52358 11.249843012875 0.0563867539 0.2562005369
842.59166 11.1797763754823 0.0563867539 -0.2622850777
628.36200 2.740829679828 0.0563867539 -0.2003062525
912.76508 19.8415631670713 0.0587515235 0.1686956186
624.62892 18.080783619151 0.0587515235 0.2563985934
766.53813 10.5906541623826 0.0587515235 0.1215100037
834.62296 14.2641245045085 0.0595309287 0.7766999664
512.29940 1.8988154721447 0.0595309287 0.0000000000
746.49776 8.20006651458217 0.0595309287 0.0000000000
780.70866 18.8798975705685 0.0595309287 -0.0177847236
498.26262 1.78215904919559 0.0595309287 -0.2214579598
859.53421 8.24101135509744 0.0595309287 -0.3124484056
608.35691 3.10659482580248 0.0595309287 -0.1560745358
566.34635 2.07466059055652 0.0595309287 -0.2242862951
552.29431 3.93674128282783 0.0595309287 0.0000000000
856.60731 11.3111523877457 0.0628139451 -0.1374758983
838.56036 8.49260297716673 0.0628139451 -0.1444890383
916.79638 19.7921841218105 0.0626264215 1.2636644009
535.47318 12.6725741779396 0.0628139451 0.0000000000
868.60731 11.2473227269963 0.0662398338 -0.1345312347
828.56250 7.70033268976266 0.0662398338 -0.1394926046
828.56312 7.70033268976266 0.0662398338 -0.1572233679
680.63401 20.9741333105279 0.0667015910 -0.2609048659
665.51395 14.8451470102648 0.0667015910 0.0000000000
780.70757 18.8977527335424 0.0667015910 0.0000000000
558.50920 14.4930865314761 0.0709836483 0.0000000000
640.60271 20.8730521925162 0.0709836483 0.0000000000
460.36327 5.97311485141087 0.0709836483 -0.1004065694
768.55138 12.8482763736528 0.0709836483 0.2315633720
766.53813 11.4098198392024 0.0709836483 0.3200988371
558.50920 14.6358506551898 0.0709836483 0.0000000000
779.60615 11.941578065939 0.0709836483 -0.1144362551
964.83277 19.941587796613 0.0709836483 0.0000000000
774.60073 16.239879683181 0.0709836483 0.2228048225
578.30996 4.01765601032919 0.0735366717 0.0000000000
870.62296 13.0522604846586 0.0735366717 -0.1426678549
874.78582 20.6551008507198 0.0754795671 0.1457054880
886.78582 20.5689864060295 0.0754795671 0.1140187652
778.53573 9.10865057062369 0.0754795671 31.2661692906
505.42623 8.56639182555465 0.0774156973 3.0598005412
747.51816 9.49434090209419 0.0774156973 0.2190724166
766.53573 10.1042840974005 0.0801958442 0.1934174993
864.80147 20.3671931500569 0.0801958442 1.2999914136
754.53573 10.1538623908481 0.0801958442 0.1918075411
370.29519 1.38490071583004 0.0801958442 0.1793934021
892.73887 19.5021780171159 0.0801958442 2.0409674884
909.54876 9.52944471960353 0.0801958442 0.0000000000
451.45205 17.3397220101266 0.0814539492 -0.1354439583
664.38313 3.46430112791016 0.0814539492 -0.3754532348
708.40934 2.72117811946089 0.0814539492 0.0000000000
772.51341 5.96456573024283 0.0814539492 0.4498972784
820.51231 7.22694746136388 0.0851390362 -28.8855229635
822.60073 10.8100594438517 0.0851390362 -0.1069757573
860.60937 7.69006025387614 0.0851390362 -0.1737003031
887.56551 10.1732158611296 0.0856554285 -0.2852220313
764.52248 11.4149055732965 0.0903161168 0.2059519760
834.75452 20.5419295597483 0.0903161168 0.2453328835
770.57053 14.9447183623338 0.0945641994 0.2704978042
766.53923 12.707427916444 0.0945641994 0.0809854614
842.59166 10.6327775433985 0.0945641994 -0.1616795730
678.39878 3.38303720394832 0.0945641994 0.0000000000
798.59833 12.2436626760011 0.0957334638 0.0000000000
615.49830 15.0490793396637 0.0957334638 0.0000000000
996.80147 20.0499702842408 0.0957334638 0.0000000000
836.77017 20.796253076464 0.0957334638 0.2590054621
872.77017 20.4651812734825 0.0957334638 0.1270960566
866.59166 9.92024020757231 0.0992795080 -0.0522767179
766.53923 11.4782118136062 0.0992795080 0.1332484819
526.29392 2.86628042953785 0.0992795080 0.1662708822
836.54361 4.80313582363978 0.1013973951 0.0000000000
994.78582 19.9427527160353 0.1013973951 0.0000000000
566.55067 14.9770299074136 0.1013973951 0.2225464587
808.58508 10.0363339847443 0.1013973951 -0.1218253952
968.86407 21.0233859718751 0.1013973951 0.2155200682
836.61398 14.570955316115 0.1013973951 -0.2113928342
920.77017 20.0271059755271 0.1013973951 0.2149099972
856.58268 10.7614273483348 0.1013973951 -0.1335357894
736.49228 8.51287416030218 0.1041739881 0.2030528596
800.61638 13.1279830128862 0.1073147058 0.0000000000
810.60073 11.843308732296 0.1073147058 -0.1101161954
810.68175 16.6437867142649 0.1073147058 -0.1304236230
680.63401 21.0205391312414 0.1073147058 -0.2154905840
838.56036 8.02647337930021 0.1092516035 -0.1286567694
899.76983 19.5192648001211 0.1134914756 0.0060705841
810.59833 14.2968601810478 0.1134914756 -0.2170808134
758.62932 18.0689527429452 0.1134914756 0.0000000000
846.75452 20.3996068946452 0.1134914756 0.1698124818
400.34214 2.75683372821921 0.1134914756 0.2659938275
886.56036 6.96652449498132 0.1145161539 -0.4765729007
936.57601 6.96630602871089 0.1145161539 0.9320074753
612.33070 2.13505952074836 0.1145161539 -0.3234440176
821.62658 12.2074870089472 0.1199337840 0.0000000000
848.54471 7.29505914299636 0.1199713722 -0.0364531191
757.62180 10.582432341997 0.1199337840 0.0648949747
648.62892 17.5698495820039 0.1199337840 0.1974301647
806.56943 10.7447375430588 0.1199337840 -0.1566570075
587.40822 3.02760195502158 0.1256210655 -0.0535307902
782.68683 19.4732445342659 0.1266481280 0.0000000000
798.52796 7.58688371826229 0.1266481280 1.2717752586
396.31084 0.98204159640549 0.1266481280 0.0000000000
810.66062 18.5768638517623 0.1266481280 0.0000000000
587.40822 3.02760195502158 0.1256210655 -0.0535307902
587.40822 3.02760195502158 0.1256210655 -0.0535307902
766.53813 10.6408584802938 0.1266481280 0.1019044750
752.63988 17.8127702102955 0.1266481280 0.0000000000
840.57491 7.24425473313992 0.1266481280 0.0000000000
676.66022 18.0880555919204 0.1266481280 0.0000000000
910.55686 9.90662773587235 0.1266481280 0.0000000000
810.71813 18.8814848582909 0.1266481280 0.0000000000
811.66875 16.5864032197892 0.1266481280 0.1175080341
780.55378 8.62808563887929 0.1266481280 -0.2506272215
750.62423 18.9794039360553 0.1266481280 0.0000000000
580.32561 4.70399939122124 0.1256210655 0.0000000000
898.58149 6.01125290382151 0.1314688027 2.1931825182
856.57093 5.59898090401648 0.1314688027 27.8230328957
826.56036 8.89322465729424 0.1314688027 -0.1768924441
864.57601 9.271659570933 0.1314688027 -0.0729683751
902.61279 7.52701308865099 0.1314688027 0.1427267655
898.78582 20.6126099765998 0.1336400509 0.1895184699
848.60937 8.31997001575712 0.1336400509 -0.2112458930
1122.78740 15.8363295455154 0.1336400509 0.0030902511
798.68175 16.9964989272478 0.1336400509 -0.1732704024
796.58508 10.5598451276684 0.1409152150 -0.1587526170
1016.77017 19.4037236732008 0.1409152150 0.0000000000
342.26389 1.0117714934768 0.1409152150 0.1585131512
810.71813 19.0531617797204 0.1409152150 0.0000000000
766.65553 17.2361887475667 0.1409152150 0.3004376303
848.77017 20.6807771811994 0.1409152150 0.1412678472
1006.87972 20.4391355232986 0.1409152150 0.0000000000
792.55488 13.6628891651468 0.1437725052 0.2204596622
787.67861 20.5205245932454 0.1484795809 0.0000000000
669.56051 17.9790592463352 0.1484795809 -0.0394073125
936.80147 20.3239508673701 0.1484795809 0.0000000000
804.55378 8.34116613876049 0.1484795809 -0.0489404315
782.65045 15.1582073084874 0.1484795809 -0.1163899744
930.84842 21.0342588558108 0.1484795809 0.1755672895
840.57601 8.68447863864778 0.1502353102 -0.1390470306
450.26262 2.12921976162158 0.1502353102 -0.0436409869
590.34635 2.71744863036992 0.1502353102 -0.3319481929
884.77017 20.2962955262457 0.1563382149 0.1339376096
960.82260 18.8231641035878 0.1563382149 0.5067801675
369.35158 21.1707662960087 0.1563382149 0.0935506834
920.82768 20.1359677045881 0.1563382149 0.1598882887
934.87972 20.9370845076923 0.1563382149 0.2076083142
958.87972 21.1887436128506 0.1563382149 0.2489536472
810.75452 19.9849887103618 0.1563382149 1.1930171362
632.52485 12.2504468890402 0.1563382149 0.0000000000
804.55138 8.77656548044588 0.1563382149 -0.0959725431
283.26425 5.54413522518662 0.1569097415 0.1586004830
898.78582 20.4625150733069 0.1644961238 0.1684754572
840.57491 6.39393155746639 0.1644961238 0.0000000000
714.61836 20.4773139342567 0.1644961238 -0.1040324870
770.65045 15.744097481983 0.1644961238 -0.1817176611
856.58268 11.9721737527777 0.1644961238 -0.0979190853
682.63440 19.037569606701 0.1644961238 0.0000000000
842.59166 10.4629958197791 0.1709060669 -0.1393897076
914.59166 8.74099188690999 0.1709060669 0.2655615409
800.54471 7.78684331794852 0.1709060669 -0.1830047665
911.56551 9.50308592837286 0.1709060669 -0.2114831887
796.51231 6.39891832833015 0.1729585528 4.0366507177
812.67627 19.2339459476073 0.1729585528 -0.1406813969
642.61836 21.2138729018903 0.1729585528 0.0000000000
922.78582 20.3539450232585 0.1729585528 0.1616056789
762.50793 9.88437228359852 0.1782337651 0.2483880807
858.60073 9.39929989853473 0.1817298532 -0.0458269263
766.53573 12.6762752449308 0.1817298532 0.3485886911
822.60073 10.4066146224881 0.1817298532 -0.1534742052
819.64731 19.2645504718872 0.1817298532 0.0000000000
872.56584 5.14933363678303 0.1857849211 -0.0936013740
860.60223 7.88585511404219 0.1857849211 -0.0221166886
906.77565 19.1793709313384 0.1908142567 0.0000000000
780.55378 7.62769635644574 0.1908142567 -0.2127436442
710.62932 18.9236599374701 0.1908142567 -0.1069688430
862.78582 20.131039248869 0.1908142567 -0.1767292615
896.77017 20.1628227835612 0.1908142567 0.2436219817
932.86407 21.2841935441372 0.1908142567 0.1737345729
883.53421 7.70091079716446 0.1935620755 -0.1675607958
924.59714 6.44189087338189 0.1935620755 -0.0329397565
934.78582 20.2942234800067 0.2002161741 0.0000000000
796.58508 14.4598345498102 0.2002161741 0.3045310389
810.60073 10.6539352456157 0.2002161741 -0.2081632792
716.63401 20.8641595968282 0.2002161741 0.0000000000
832.64260 12.320496784545 0.2002161741 -0.1814047839
654.56672 17.08224639763 0.2002161741 -0.1450781610
784.58268 14.0451754389781 0.2002161741 -0.0568446200
884.73378 19.4554963506516 0.2002161741 0.0797570978
998.81712 20.324465212769 0.2002161741 0.0000000000
880.71774 19.7805826656054 0.2002161741 0.0963394824
818.72322 19.5139440914823 0.2002161741 0.0000000000
755.60615 9.77593965244202 0.2002161741 0.0000000000
857.67533 14.8225245983435 0.2015676275 -0.1022806333
920.82768 20.4830579070842 0.2099391818 0.2040881049
802.53573 8.15660751544341 0.2099391818 0.0000000000
654.56672 17.0491844284422 0.2099391818 -0.1513502706
864.57491 7.16949664425744 0.2099391818 0.0000000000
810.75452 20.803038640365 0.2099391818 0.2011621307
772.51341 6.98020684902401 0.2098039389 1.2033377629
718.53813 12.6119143033882 0.2099391818 -29.8089165558
786.52796 8.31755657965752 0.2199863791 0.4011523011
656.58237 18.1953468075651 0.2199863791 -0.1892424481
860.60937 7.92503841474245 0.2199863791 -0.2300647336
858.75452 20.2874561402326 0.2199863791 -0.0050628645
900.80147 20.701114540079 0.2199863791 0.1453126653
794.49776 5.46257694858127 0.2182730585 0.1200354263
876.80147 20.8894861974896 0.2199863791 0.1240765758
898.58149 7.76283948997714 0.2182730585 0.0000000000
832.54870 11.3722044632676 0.2199863791 0.0000000000
904.83277 21.1064113922071 0.2199863791 0.0837120357
594.37655 3.63708330876173 0.2199863791 -0.2110725805
946.78582 19.8770708820694 0.2199863791 0.0000000000
674.43915 3.99701216912249 0.2199863791 0.0000000000
738.50793 9.18889688125833 0.2269768715 0.2390857129
794.53415 9.89714753220415 0.2269768715 -0.1887699690
894.81203 19.8348260234993 0.2303613424 0.0000000000
804.55378 8.81059673369339 0.2303613424 -0.0974326712
920.86407 21.274428634414 0.2303613424 0.1682786167
614.57180 17.3938530870431 0.2303613424 0.2555296858
928.76000 18.1150713059698 0.2303613424 0.0278352785
998.81712 20.5375483102129 0.2410664558 0.0000000000
785.65310 13.0593623394444 0.2410664558 0.1519503793
912.80147 20.596400283124 0.2410664558 0.0000000000
784.66610 16.4558181851827 0.2410664558 -0.0666927562
792.55378 12.2489819937957 0.2410664558 0.2786413619
978.84842 20.8363407855246 0.2410664558 0.1082558682
507.44188 10.2344286229577 0.2450956032 0.0000000000
738.50793 9.3891293478669 0.2450956032 0.1580293505
857.51856 7.51366050660253 0.2450956032 -0.2093674191
870.75452 20.1676760525226 0.2521039248 0.0289633193
838.74943 19.2308373135313 0.2521039248 0.1939559247
622.61327 17.6665487371794 0.2521039248 0.0129974550
984.89537 21.2837825292426 0.2521039248 0.2115370859
952.83277 20.458637392069 0.2521039248 -0.0835047638
926.81712 20.8472913641354 0.2521039248 0.0560098795
762.66062 19.2269143263533 0.2521039248 -0.3552820115
688.60271 20.4871782455611 0.2521039248 0.0000000000
894.75452 19.8568965973651 0.2521039248 0.2129910483
283.15160 0.777603382514871 0.2521039248 -0.0712710618
816.57491 5.88522899420606 0.2521039248 0.0430756773
847.53421 8.60069259165601 0.2545133233 -0.1876824115
894.62296 11.1820495510885 0.2545133233 -0.0767565810
889.58116 11.4035752748231 0.2545133233 -0.2131858461
582.28375 2.16568011387043 0.2545133233 -0.1219063962
902.81712 20.9108048706781 0.2634761333 0.2202499379
950.81712 20.688621773897 0.2634761333 0.0000000000
762.66062 19.1494242182228 0.2634761333 -0.5049805482
750.54432 13.8459072743801 0.2641716376 -0.0973577453
764.52248 9.08166283994999 0.2634761333 0.2085259120
882.62296 13.2721389221678 0.2641716376 -0.0468855775
892.60731 10.577662703913 0.2641716376 -0.1916517657
832.73887 20.2421245068439 0.2634761333 0.0665166960
948.89537 21.406196054594 0.2634761333 0.1961382279
878.81712 21.2157968899821 0.2751842737 0.3177873057
790.53923 12.0710857916984 0.2740714177 0.1266193648
692.65514 17.5342247435258 0.2751842737 0.0000000000
732.44573 3.9558180703373 0.2740714177 0.0592514256
872.77017 17.4569158865644 0.2751842737 -0.2365155555
834.59833 13.1038855851378 0.2751842737 -0.0232211124
890.57531 8.56170672772429 0.2751842737 -0.7899115460
748.49228 8.77720742785254 0.2740714177 0.1680460256
942.75452 19.6028425657993 0.2751842737 0.0000000000
885.54986 9.39242550148017 0.2842133492 -0.2604519083
918.62296 11.4890559076187 0.2842133492 -0.1528091423
768.55488 13.6632194275774 0.2842133492 0.0759296598
882.77565 19.0902499633058 0.2872292995 0.0000000000
594.37655 2.99198249115227 0.2872292995 -0.0758135635
840.70757 19.3775205163669 0.2872292995 0.0000000000
682.59802 18.1858372139026 0.2872292995 -0.1220533082
783.61093 11.7380588391728 0.2872292995 0.0000000000
936.80147 20.5558443683721 0.2872292995 0.0000000000
814.56036 8.70784836086253 0.2945980281 -0.1535336356
824.58000 9.6926698481206 0.2996123433 0.0437210644
836.77017 20.0263596233108 0.2996123433 -0.1852751411
840.57491 6.07030481037946 0.2996123433 0.0000000000
840.57491 6.98302179574783 0.2996123433 0.0000000000
820.58508 10.0547049703842 0.2996123433 -0.0539454392
650.64457 18.6323604040323 0.2996123433 0.0569750551
840.57251 6.99006307663248 0.2996123433 1.7612794508
858.58658 7.25741261056723 0.3052256629 0.0000000000
892.60731 10.8208545468372 0.3052256629 0.1417347492
898.58149 5.60587406267922 0.3052256629 0.2804011602
828.57601 9.5650283442539 0.3052256629 -0.0607455491
944.77017 19.7557496249126 0.3123333454 0.0000000000
860.77017 19.5521233850854 0.3123333454 0.0000000000
684.61367 18.8156612971124 0.3123333454 -0.2413726453
910.74943 19.2548489487144 0.3123333454 0.0285716835
297.24352 3.67371959514229 0.3160962611 0.0788815252
872.56584 4.96633835499076 0.3160962611 -0.0288744431
297.24352 3.67371959514229 0.3160962611 0.0788815252
762.50793 8.91601757017107 0.3160962611 0.1500431406
814.55926 4.93970511985715 0.3253919482 0.3855699657
882.75452 19.9974779552551 0.3253919482 0.1074747817
846.60073 10.2250847957101 0.3253919482 -0.1233665716
786.56435 11.6864428816002 0.3253919482 0.0000000000
962.91102 21.1182268551194 0.3253919482 0.2035426488
279.15909 2.08814028821953 0.3253919482 0.1237542727
610.33618 1.00581372339599 0.3272097111 -0.3425526160
840.57601 9.74422867036594 0.3385655209 -0.0714266874
914.81712 20.1061089271613 0.3387878537 0.0000000000
814.55926 6.37993733446262 0.3387878537 0.1624141192
912.57601 7.65674305910021 0.3385655209 -0.0226130923
828.57601 9.17683585111281 0.3385655209 -0.0321979392
876.72870 17.4887805084043 0.3387878537 0.0705734573
808.58508 9.57275303253541 0.3387878537 -0.0489356852
536.50482 11.9927273865675 0.3501629606 0.1403067400
852.57601 9.1575747483828 0.3501629606 -0.0208121090
866.59166 11.3918812773896 0.3501629606 -0.0553888172
792.57491 6.25706140767907 0.3525196314 0.0022109770
870.75452 20.2184890366306 0.3525196314 0.0286428942
636.62892 17.9776998627378 0.3525196314 -0.0295875352
678.67587 19.3487219475599 0.3525196314 0.1066562180
882.62296 13.7517202717092 0.3620011881 0.0328769720
742.53813 11.1492621359779 0.3665854335 0.0000000000
806.56943 8.24593676582157 0.3665854335 -0.1080211055
926.81712 20.8231705070098 0.3665854335 0.0558129499
742.53813 11.5687569218062 0.3665854335 0.0000000000
774.62423 18.3132368173869 0.3665854335 0.0000000000
818.59166 11.746784880334 0.3740789592 0.0613067894
896.63861 14.4323845984573 0.3740789592 -0.0520289149
824.54471 7.51477064789875 0.3740789592 0.0021203888
734.62932 18.5910462984725 0.3809836507 0.0000000000
830.62695 9.47081111978543 0.3809836507 0.0000000000
738.66062 19.5020359915863 0.3809836507 -0.3056115083
828.75921 21.4075115003261 0.3809836507 -0.3634655799
1010.91102 20.8292256386248 0.3809836507 0.0000000000
890.81712 20.3922009142705 0.3809836507 0.0000000000
778.69192 17.9411885302442 0.3809836507 0.4983365652
820.73887 20.3870925868491 0.3809836507 0.0723027148
907.70215 17.2735716599763 0.3809836507 0.2778416621
820.73887 20.4635039794541 0.3809836507 0.0722994984
980.86407 20.9952050110786 0.3809836507 0.0000000000
839.74630 19.5302285560416 0.3809836507 1.3359500755
850.78582 21.0328132545998 0.3809836507 0.0977365623
638.36748 2.87184771456332 0.3863947764 0.0000000000
736.44064 3.69118304403745 0.3863947764 0.0000000000
736.44064 3.63035858141885 0.3863947764 0.0000000000
1002.94232 21.263914453612 0.3957113624 0.0792278864
700.57220 10.2433176901315 0.3957113624 0.0000000000
918.75452 19.7211827315918 0.3957113624 0.0000000000
782.68683 18.6950798691491 0.3957113624 0.7353156076
920.86407 21.3591606765783 0.3957113624 0.0609878597
680.58237 17.21947713271 0.3957113624 0.1478503040
770.49666 8.7233577179488 0.3957113624 0.0000000000
739.63876 16.900312756479 0.3957113624 0.0000000000
832.58508 8.63191998538658 0.3957113624 -0.1643318205
419.25680 3.70931000022401 0.3989470452 -0.3911487976
927.81720 20.755136055392 0.4107651711 0.0786275698
878.74435 18.7662066812243 0.4107651711 0.0985115351
502.37383 2.54547397014855 0.4107651711 0.0985130856
764.52248 9.05626457131515 0.4107651711 0.1784793754
904.76000 17.7429242930023 0.4107651711 0.0000000000
768.55378 12.0939846851885 0.4107651711 0.2410038884
764.67627 19.5727436936319 0.4107651711 -0.3041537253
794.60582 13.239657597937 0.4107651711 -0.0628181722
712.64497 19.4779248020852 0.4107651711 -0.4509900733
766.53573 12.2186684930661 0.4107651711 0.0367666595
862.78582 20.0472493350856 0.4107651711 -0.1106190377
778.53573 10.989356969197 0.4107651711 0.0737943446
766.53923 11.9637099189358 0.4247525781 0.0931144453
830.59166 11.2053244385669 0.4247525781 -0.0273942175
858.62296 14.4865074634277 0.4247525781 -0.0410034572
636.62892 18.1737697021783 0.4261419773 0.0886981670
908.79130 19.1546367349306 0.4261419773 -0.5395719815
866.59056 8.48356825144931 0.4261419773 0.0861956401
835.53421 9.07165114702388 0.4380011931 0.1785193999
854.56943 9.30511668582244 0.4418373704 0.1130958706
940.83277 20.1661815948031 0.4418373704 0.0000000000
844.73887 20.1003227634172 0.4418373704 0.0406477947
873.69426 20.1698019502014 0.4418373704 0.0000000000
764.55646 11.1847196551103 0.4418373704 0.0643106033
740.67627 19.9589682141611 0.4418373704 -0.4479509483
692.63401 20.9725110038892 0.4418373704 0.0000000000
806.72322 19.9441742952686 0.4418373704 0.3215950148
734.49776 6.15760990380038 0.4514767528 0.0000000000
830.51889 5.79259261034692 0.4514767528 0.0000000000
480.30957 3.80069758487822 0.4514767528 -0.0869134017
784.64497 18.1130067841994 0.4578464627 0.1056611073
766.69192 19.9642690390832 0.4578464627 -0.0239676145
881.51746 7.67061403001131 0.4578464627 -0.1092149571
298.31044 4.60763436225434 0.4578464627 -0.0518971089
561.41497 4.05267503384357 0.4578464627 -0.2154414361
917.72048 18.7076729355266 0.4578464627 0.3286949576
696.61367 18.4863938934817 0.4578464627 0.0033127686
696.61367 18.5094407700841 0.4578464627 0.0033127686
734.62932 18.3386039538541 0.4578464627 0.0000000000
660.62892 16.8651646243239 0.4578464627 -0.4126283227
907.70215 17.7316289680842 0.4578464627 0.1040883126
840.72870 20.1467182274454 0.4578464627 0.0000000000
638.64457 18.5261975271008 0.4578464627 0.2031938824
870.75452 20.3412563136878 0.4578464627 0.1660149879
900.59714 6.12023959738057 0.4651762098 0.0960775317
790.56036 9.58067464557815 0.4651762098 0.1086203381
770.56943 13.7982120308637 0.4741646647 0.0000000000
765.60036 18.7723689624469 0.4741646647 0.3019906406
648.62892 17.7893797949017 0.4741646647 -0.0722335566
758.62932 17.6912907215723 0.4741646647 0.2220234117
696.57728 15.8457917899866 0.4741646647 -0.1272966988
912.76508 17.8787071922527 0.4741646647 0.3184726757
752.52008 8.13585410742861 0.4741646647 0.0000000000
920.82768 20.6273148520773 0.4741646647 0.1982399681
988.92667 21.1107415457453 0.4741646647 0.1009766434
770.56943 13.7949172257704 0.4741646647 0.0000000000
806.56703 10.7532530230852 0.4741646647 -0.0869863139
903.74121 26.4223197218448 0.4741646647 0.1674489172
811.62223 10.3901499952463 0.4790963829 -0.0306068539
811.61995 10.3903172586242 0.4790963829 -0.0306186119
692.61985 17.4848633218795 0.4790963829 -0.0842524800
811.62223 10.3901499952463 0.4790963829 -0.0306068539
811.62223 10.3901499952463 0.4790963829 -0.0306068539
912.80147 19.786720202544 0.4907859564 0.0000000000
772.58508 14.8183615857382 0.4907859564 0.1400887874
760.64497 18.3896311393913 0.4907859564 -0.3387686854
804.55138 9.80440119660059 0.4907859564 -0.1587738252
907.70215 17.5619717156372 0.4907859564 0.0563471339
834.60073 13.9094896302591 0.4907859564 0.1033363720
772.58508 12.1252067023408 0.4907859564 0.0449574982
832.58268 11.1712248907127 0.4907859564 -0.0793612552
818.72322 19.9347146472392 0.4907859564 0.3010435371
968.77017 19.7574627327258 0.4907859564 0.0000000000
594.58197 16.5808252982973 0.4907859564 0.0646042526
773.65310 17.2781521674756 0.4907859564 0.1244178006
814.55926 5.97949093240209 0.4907859564 0.1082861014
909.54986 8.85308910423651 0.4932336658 -0.1960378440
788.52008 13.188931568567 0.5077039599 0.1115467002
968.77017 19.9537432075493 0.5077039599 0.0000000000
774.52906 6.77889265692154 0.5075842142 0.6339722876
840.70757 19.5456883292014 0.5077039599 0.0000000000
876.55138 7.51800595058321 0.5077039599 0.0000000000
878.78073 19.5099114299722 0.5077039599 0.2285234409
282.27914 4.05225055027731 0.5077039599 -0.0004173984
614.53542 5.02286815760841 0.5077039599 0.0000000000
664.41951 3.30834380407739 0.5075842142 0.0000000000
904.59096 9.52193022737572 0.5077039599 -0.2385267428
756.55138 11.9555150360957 0.5249125957 0.0000000000
926.74435 17.7968690197008 0.5249125957 0.0000000000
738.50683 9.06434144561287 0.5249125957 0.0113910704
846.62296 14.1480869236257 0.5221440718 -0.0047773066
986.91102 20.8580526666136 0.5249125957 -0.0226329078
742.53813 10.9538884115265 0.5249125957 0.0000000000
904.59096 9.65470530168122 0.5249125957 -0.2468182158
734.62932 18.7524257712838 0.5249125957 0.0000000000
818.55528 6.92229191705089 0.5221440718 0.2293931679
806.59166 12.3291959793821 0.5221440718 -0.0681444858
776.52358 10.597279058561 0.5369088650 0.1212094415
788.67627 19.1019091305746 0.5424043536 -0.3235459975
838.63203 13.2259585884285 0.5424043536 0.0597372964
840.70757 19.2947741222214 0.5424043536 0.0000000000
810.56435 9.73288587403672 0.5424043536 -0.1444738161
742.53813 10.460452919561 0.5424043536 0.0000000000
836.61638 11.2458731168424 0.5424043536 -0.1389360080
858.60073 9.63352025319336 0.5424043536 -0.1218304685
828.55138 8.50758787087697 0.5424043536 0.0000000000
792.70757 20.0128427929347 0.5424043536 -0.0379317143
846.55019 4.69614526550089 0.5518739671 0.0000000000
890.59166 9.44134340764166 0.5518739671 0.0053057781
846.55019 4.92473130045344 0.5518739671 0.0000000000
844.60731 12.3088040433833 0.5518739671 -0.0765343809
572.52485 15.3794694053575 0.5601714849 0.4347996855
770.56703 13.797233012235 0.5601714849 0.0000000000
866.78073 19.4648205694529 0.5601714849 0.3094401712
326.34174 5.72823548083821 0.5601714849 -0.0218040434
784.58508 10.3233036038536 0.5601714849 -0.0837979218
866.81712 21.1917113644046 0.5601714849 0.1321188515
881.51856 6.846961686859 0.5670346618 -0.0813522877
474.30615 1.53272052921968 0.5782062411 0.0591457285
976.92667 21.3071020836908 0.5782062411 0.2527246471
906.84842 21.2989558922693 0.5782062411 0.1038144522
876.55966 7.67783157205526 0.5782062411 0.0095343317
600.55615 16.6047355297481 0.5782062411 1.6135440042
754.69192 20.1556688906248 0.5782062411 -0.1262157085
454.29282 3.10399841091146 0.5782062411 0.1791077937
910.80695 19.639266776861 0.5782062411 0.0000000000
810.68175 16.368849155244 0.5964998603 -0.1081608390
794.53305 5.40879971691005 0.5964998603 0.1825385856
831.50291 6.78658871939567 0.5979221016 0.0000000000
587.40593 3.02881482781673 0.5979221016 -0.0053228500
816.70757 19.6638951849072 0.5964998603 0.0874727733
898.65426 14.8815554206521 0.5979221016 -0.0937066956
650.40386 3.11774402177906 0.5979221016 0.0000000000
344.27954 1.17961021580051 0.5964998603 0.0596243154
768.70757 19.8991416440939 0.5964998603 -0.0562822446
980.86407 20.3334856839622 0.6150430441 0.0000000000
794.57053 14.3596110292374 0.6136380509 0.1050126095
854.56943 8.76940203453354 0.6150430441 0.0560974056
812.69740 17.4862072751591 0.6150430441 -0.0003049110
818.72322 20.0338848425105 0.6150430441 0.2885083389
870.62296 12.2863974177693 0.6136380509 0.0854486429
760.64497 18.5930055205169 0.6150430441 -0.3244336331
820.51341 10.3338103400281 0.6136380509 -0.0091343999
938.81712 20.7857558021573 0.6150430441 0.1263932716
540.33070 1.84850309373919 0.6295278296 -0.0805393473
890.59166 8.8999990423556 0.6295278296 -0.0475883519
832.60731 12.9683338889536 0.6295278296 0.0520487599
796.54980 8.69745924566983 0.6295278296 0.0873184774
844.51341 9.89377038181134 0.6295278296 0.0088823330
630.50920 10.3275777366483 0.6338268518 0.0000000000
918.75452 19.7629886366507 0.6338268518 0.0000000000
786.66062 18.5270266098151 0.6338268518 -0.1039328666
840.64768 14.7822018531406 0.6528410912 -0.1192716489
796.73887 20.6695718689207 0.6528410912 -0.0760212461
828.69231 17.2137732777944 0.6528410912 -0.0380571312
974.81712 20.384280103872 0.6528410912 0.0000000000
935.73345 18.2582126927483 0.6528410912 0.0000000000
848.54471 12.7158979315603 0.6618045941 -0.0328490038
854.57531 9.23324022612519 0.6720751524 0.1709463769
713.56906 18.0533920310098 0.6720751524 0.0627669029
664.66022 18.8590914128475 0.6720751524 -0.0634525653
806.56943 10.3150696441416 0.6720751524 0.0092531234
924.80147 20.5899344752001 0.6720751524 0.0813983394
840.57251 6.5611544030305 0.6720751524 2.2452036979
756.61367 17.6770244796814 0.6720751524 0.0000000000
934.74943 19.0842250857724 0.6720751524 -0.0731280330
676.55107 15.1931824760204 0.6720751524 0.0000000000
926.74435 17.5858811997927 0.6720751524 0.0000000000
646.61327 16.6655881288927 0.6720751524 0.0382838830
807.57454 10.0418056473801 0.6720751524 -0.0023905275
786.60073 11.535491056944 0.6720751524 -0.0143582605
861.54986 9.64228640547383 0.6781789660 -0.3003364832
840.57491 6.56318676086745 0.6915188432 0.0000000000
762.66062 18.9031009536148 0.6915188432 -0.1196297330
778.53813 11.0364371463682 0.6915188432 0.0463702742
976.83277 20.5932494912448 0.6915188432 0.0000000000
482.32412 3.95183895239711 0.6915188432 0.2214614058
890.78073 19.4456108316391 0.6915188432 0.0423301979
814.59675 11.1910876235275 0.6947018132 0.0100227442
241.14453 0.751799644535705 0.6947018132 -0.0516402200
703.58471 19.034943597028 0.7111607790 0.0000000000
933.71780 17.4551530890066 0.7111607790 0.0000000000
888.57251 10.3234294327613 0.7111607790 0.0308304941
880.59096 9.77374469016367 0.7111607790 -0.4899959195
642.60310 18.4937055413521 0.7111607790 -0.0509954046
960.89537 21.0543832240577 0.7111607790 -0.1062208244
802.53573 8.8072254871286 0.7309892178 0.0000000000
640.62384 16.8566078083224 0.7309892178 0.0249039880
845.72288 18.8317151343534 0.7309892178 0.0000000000
752.63988 16.3912993696017 0.7309892178 0.6274738988
754.53813 7.21731266224712 0.7309892178 0.0000000000
934.80695 18.7914005540053 0.7309892178 0.0000000000
864.76508 19.4686000531756 0.7309892178 -0.0341121385
808.58508 12.0302760705724 0.7309892178 0.0440937942
866.59056 6.64467757590123 0.7309892178 0.0607793613
834.58658 9.37576488646634 0.7281656340 0.0552752877
848.56584 4.59011008861944 0.7450922579 0.0000000000
558.28375 2.49449716638524 0.7450922579 -0.0251761304
808.70248 18.1216121349425 0.7509929538 -0.0424491107
480.30847 3.32203324393808 0.7509929538 -0.0216503183
840.57491 5.17233813631043 0.7509929538 0.0065625112
842.59056 6.97840730105147 0.7509929538 0.0000000000
690.47045 4.05779859626465 0.7509929538 -0.0833199375
933.71780 17.6915891918748 0.7509929538 0.0000000000
822.60073 11.6133237959531 0.7509929538 -0.0512696742
790.53923 10.8349915198868 0.7621390000 0.1300377166
930.71686 17.9905511258975 0.7621390000 0.0074804380
873.69426 19.9600399364991 0.7711594105 0.0000000000
780.55138 9.79972772539102 0.7711594105 0.0552335038
834.60073 10.0765451541135 0.7711594105 0.0008241873
954.77565 19.2538908230624 0.7711594105 0.0000000000
749.62311 18.2614813650962 0.7711594105 -0.0660748250
880.73887 19.9132617818535 0.7711594105 0.0797932941
976.83277 20.7679484889391 0.7914759517 0.0000000000
668.63401 21.1877234383072 0.7914759517 0.0519720798
974.81712 20.261442945698 0.7914759517 0.0000000000
860.61398 13.3799551707263 0.7914759517 0.0000000000
907.69974 17.5044412299098 0.7914759517 0.0978346981
934.80695 19.1902897071621 0.7914759517 0.0000000000
882.60073 11.2291958892711 0.7914759517 -0.0491095625
768.55378 11.5990952444136 0.7914759517 0.1096111626
807.50291 7.43071866250971 0.7965622619 -0.1958667375
850.58149 6.18428849202841 0.7965622619 0.3110732191
816.57601 9.98910138246181 0.7965622619 0.0426716250
778.56036 10.3678682672453 0.7965622619 -0.0294571967
833.51856 7.87926381918979 0.7965622619 -0.1341705351
776.54471 8.56905255440471 0.8139232919 -0.0105599221
832.54980 13.8466342636181 0.8139232919 0.0230352297
792.51740 8.51720523089222 0.8119303584 0.0437063930
944.77017 19.9101787173837 0.8119303584 0.0000000000
862.55926 6.14886646467297 0.8119303584 0.0657028522
391.22550 1.95022124283357 0.8139232919 0.0364276289
940.73887 19.5700696641439 0.8119303584 -0.0248569072
894.62296 11.6446721268431 0.8139232919 0.1180973968
848.77017 18.1875551675254 0.8119303584 0.0000000000
822.75452 20.6626827325744 0.8119303584 0.1658140395
887.56200 9.03211311526418 0.8119303584 -0.3496298222
900.59714 6.76682040608038 0.8139232919 0.0129489090
954.77565 18.8474141098594 0.8325093985 0.1820373088
1052.70915 10.6948651490635 0.8325093985 -0.0854614091
840.70757 19.4793375238574 0.8325093985 0.0000000000
528.30847 2.75739817509036 0.8325093985 -25.9204862008
900.66991 16.2834845684093 0.8313733190 -0.0123538689
776.52248 7.68767677248695 0.8325093985 0.0000000000
654.61836 21.0416689520848 0.8325093985 0.0255901568
838.55926 4.81403846069614 0.8325093985 0.0000000000
633.50887 8.41454721275307 0.8325093985 -0.3752634752
792.57601 11.5524762918147 0.8489041775 0.0150806083
882.75452 20.1657219730558 0.8531995416 0.0615361325
844.60621 7.61999523216409 0.8531995416 0.0000000000
812.54361 4.75777593475662 0.8531995416 0.0000000000
794.56943 10.9076942958864 0.8531995416 -0.0985073939
662.64457 17.870110823799 0.8531995416 0.0791788272
856.73887 20.0751401044702 0.8531995416 0.0708740292
784.64497 18.4519098295377 0.8531995416 0.0718822617
415.22550 2.2971871782529 0.8489041775 -0.1244468318
794.72322 20.3548455367529 0.8531995416 0.0879235382
439.22550 2.19356720458965 0.8665077835 0.0000000000
913.58116 10.8268609934318 0.8665077835 0.2607787450
796.54980 10.1020926217767 0.8665077835 0.1997870788
966.84842 20.8354479557231 0.8739878535 0.0006825684
912.80147 20.4616649087917 0.8739878535 0.0000000000
842.72322 19.7756649267803 0.8739878535 0.1425317716
478.29282 2.51055646603237 0.8739878535 0.0655591634
893.66296 18.9258016594971 0.8739878535 0.0000000000
858.75452 20.5596565742527 0.8739878535 0.1631191161
788.54361 5.03673171860434 0.8739878535 0.0771494099
814.55926 5.68613653091241 0.8739878535 0.0352828027
882.58658 6.95010110983653 0.8841757625 0.0000000000
764.54471 9.32333773598623 0.8841757625 -0.0641695928
798.52906 8.27524659245033 0.8841757625 -0.2659900511
692.63401 21.041892340345 0.8948604465 0.0000000000
776.52008 7.4031156410416 0.8948604465 0.0000000000
760.58508 13.6784031410833 0.8948604465 0.0233727676
752.55887 13.9768290065122 0.8948604465 0.5213608390
314.23259 0.858734122982426 0.8948604465 0.0659693486
826.67666 15.9411548377082 0.8948604465 -0.0491838104
781.48726 7.15971061618098 0.9018996507 0.0000000000
474.30615 1.6451602143514 0.9158032537 -0.0454567253
786.66062 18.7552834757157 0.9158032537 0.1475744147
742.53813 11.3931641140085 0.9158032537 0.0000000000
784.64497 18.5061961041781 0.9158032537 0.1010334078
766.53573 9.20532126393346 0.9158032537 -0.0481312844
732.61367 17.526794006018 0.9158032537 0.1630395359
863.56551 11.1939219766798 0.9196710959 -0.0665657162
784.58508 14.2519779255557 0.9368028641 0.0168382312
892.73887 19.9859357963146 0.9368028641 -0.1006489337
726.66062 19.5659650583043 0.9368028641 0.0306839248
835.66875 15.0213345601098 0.9368028641 0.0443573024
926.74435 16.8933009556608 0.9368028641 0.0000000000
316.24824 0.911313870521185 0.9368028641 -0.0031651797
704.63401 20.8362749700071 0.9368028641 -0.0294445439
812.67627 18.9236297817154 0.9368028641 0.0101164586
576.29431 3.59203282784882 0.9374814853 -0.1788711256
974.91102 21.1054190039006 0.9578450322 0.1015811546
760.64497 19.1452866048731 0.9578450322 0.1792948915
732.61367 17.6182328647394 0.9578450322 0.0809678677
910.78582 20.5091294842484 0.9578450322 0.0665898499
752.55887 14.0124081160384 0.9578450322 0.0666066824
736.49228 8.97475847568944 0.9553221688 -0.1008670749
642.60310 18.4860728535768 0.9578450322 -0.0405800327
940.73887 19.3919776691838 0.9578450322 -0.0071916746
920.77017 20.2206750068248 0.9578450322 -0.1137859013
664.66022 19.0291120692078 0.9578450322 0.0058253759
417.24115 3.00222020015042 0.9553221688 -0.3019329363
593.47757 4.55185692542188 0.9578450322 -0.0820791453
937.74669 18.1964243961727 0.9578450322 0.2691300662
944.77017 20.1130707501232 0.9578450322 0.0000000000
859.53421 7.92057324881927 0.9731846228 -0.1457552470
692.41443 3.7976868451019 0.9731846228 -0.0049891241
718.64966 20.7345479674261 0.9789152741 0.0000000000
908.62226 11.6883948918954 0.9789152741 0.3580143782
1004.95797 21.4395827699356 0.9789152741 -0.1215667279
856.54980 13.2285364361674 0.9910601079 -0.0225190264
842.59056 6.44734556710153 1.0000000000 -0.0897322094
750.66062 19.303631926467 1.0000000000 0.1285239800
832.58508 9.52978056734568 1.0000000000 -0.0209359318
694.63550 18.5406403840492 1.0000000000 0.0628608786
668.65514 17.9540843972568 1.0000000000 0.0165029566
752.67627 19.7364073030962 1.0000000000 0.0814915593
