"m.z" "r.t" "p.value" "t.score"
972.80147 20.1841074795638 0.0312500000 0.0000000000
826.59565 6.61402762876569 0.0312500000 0.0000000000
826.59565 6.30493958316165 0.0312500000 0.0000000000
358.29628 3.67315702398483 0.0156250000 0.1863414283
826.59565 5.41358206450525 0.0312500000 0.0000000000
912.57251 10.1489104584263 0.0312500000 0.0000000000
840.57601 8.68447863864778 0.0312500000 -0.2804055568
798.56435 9.39019550686799 0.0312500000 0.0000000000
862.62502 9.24482835869706 0.0312500000 0.0000000000
798.56435 7.74104100674684 0.0312500000 0.0000000000
812.54361 10.7224346048556 0.0312500000 0.0000000000
790.53813 12.8512910956349 0.0312500000 0.0000000000
812.54361 8.69583647723979 0.0312500000 0.0000000000
686.55655 8.93954766289255 0.0312500000 0.0000000000
714.60310 16.4127143615306 0.0312500000 0.0000000000
906.77565 19.1793709313384 0.0312500000 0.0000000000
886.55686 9.91590302768569 0.0312500000 0.0000000000
886.55686 8.74647435991662 0.0312500000 0.0000000000
774.66062 19.10110760512 0.0312500000 0.0000000000
814.55926 5.97949093240209 0.0156250000 0.6311083783
774.66062 18.9367944515235 0.0312500000 0.0000000000
742.53573 10.0062373355179 0.0312500000 0.0000000000
854.62695 11.710716483512 0.0312500000 0.0000000000
836.54361 6.69187420605594 0.0312500000 0.0000000000
664.38313 3.46430112791016 0.0156250000 -0.3646771265
279.23295 3.97452791301577 0.0312500000 1.2189679480
836.54361 5.56437474523934 0.0312500000 0.0000000000
844.51231 8.40001784466841 0.0312500000 0.0000000000
844.51231 7.60670784244211 0.0312500000 0.0000000000
886.55926 8.57816991215886 0.0312500000 0.0000000000
830.59166 11.2053244385669 0.0156250000 -0.0722763581
886.63203 14.1498379234974 0.0312500000 0.0000000000
914.58816 11.4549287797669 0.0312500000 0.0000000000
842.66333 16.4569772072823 0.0312500000 0.0000000000
911.56200 10.3169881981364 0.0312500000 0.0000000000
670.63440 18.5185223829866 0.0312500000 31.4840793972
894.62296 11.1820495510885 0.0156250000 -0.2326373749
670.59802 18.7985306813644 0.0312500000 -31.0492617907
970.84333 20.787414113719 0.0312500000 0.0000000000
772.54870 7.78099368630519 0.0312500000 0.5741357790
878.57531 8.33550877663642 0.0312500000 0.0000000000
814.55926 6.37993733446262 0.0156250000 0.6266487366
642.56672 17.3170901896051 0.0312500000 0.0000000000
946.84333 20.3755432478324 0.0312500000 0.0000000000
998.91102 21.3514110167093 0.0312500000 0.0000000000
1075.03622 22.2272700293582 0.0312500000 0.0000000000
592.56632 15.263897634046 0.0312500000 0.0000000000
1089.05187 22.2640553517993 0.0312500000 0.0000000000
913.74910 19.302198557412 0.0312500000 0.0000000000
1056.98927 21.7393811083369 0.0312500000 0.0000000000
1068.98927 21.7209722491142 0.0312500000 0.0000000000
904.79638 19.6350400633875 0.0312500000 0.0000000000
668.54598 7.98467547530437 0.0312500000 0.0000000000
827.66367 13.4443841781333 0.0312500000 0.0000000000
1099.03622 22.0229615972476 0.0312500000 0.0000000000
972.85898 20.1777156725036 0.0312500000 0.0000000000
1071.00492 21.8021031932053 0.0312500000 0.0000000000
572.48847 12.7974983020348 0.0312500000 4.2070089343
449.36254 4.69384636354502 0.0312500000 0.0000000000
992.86407 20.3242270711278 0.0312500000 0.0000000000
720.66531 20.8553086450585 0.0312500000 0.0000000000
864.70757 19.1255593728647 0.0312500000 0.0000000000
794.56943 9.62792156052975 0.0312500000 0.0000000000
932.62226 10.990910959421 0.0312500000 30.9781670908
886.62963 14.1753157763862 0.0312500000 0.0000000000
796.66610 15.6209886249695 0.0312500000 0.0000000000
796.66610 15.453594050896 0.0312500000 0.0000000000
642.56672 17.5627122923697 0.0312500000 0.0000000000
642.56672 17.8943152494222 0.0312500000 0.0000000000
828.70757 19.5893528903648 0.0312500000 0.0000000000
828.70757 19.682232899643 0.0312500000 0.0000000000
894.69463 17.26798736618 0.0312500000 0.0000000000
502.29282 2.42363161790282 0.0312500000 0.0000000000
790.53573 8.61770766977979 0.0312500000 0.0000000000
806.68683 17.5470926919131 0.0312500000 0.0000000000
882.59833 11.2774711133797 0.0312500000 0.0000000000
776.63988 15.4470356803124 0.0312500000 0.0000000000
694.59802 17.7874457901788 0.0312500000 0.0000000000
756.63480 14.9382181617438 0.0312500000 0.0000000000
828.51740 8.78639476467082 0.0312500000 0.0000000000
794.56943 10.0512169828038 0.0312500000 0.0000000000
794.56943 9.80425172899345 0.0312500000 0.0000000000
878.57531 8.00328355330391 0.0312500000 0.0000000000
633.50646 17.0899299089191 0.0312500000 0.0000000000
1054.97362 21.6374852635058 0.0312500000 0.0000000000
480.30957 3.80069758487822 0.0156250000 -0.4394385891
862.74943 18.3761521168708 0.0312500000 0.0000000000
902.57531 8.40777597764156 0.0312500000 0.0000000000
902.57531 7.8476288981191 0.0312500000 0.0000000000
864.76508 18.5487957679309 0.0312500000 0.0000000000
476.27717 1.86263426161962 0.0312500000 0.0000000000
854.53305 8.8617910459713 0.0156250000 28.8818298636
568.36200 3.4839113258688 0.0312500000 -0.1739255952
650.64457 18.2046555342791 0.0312500000 0.0000000000
806.56242 5.8302685831104 0.0312500000 31.3603762515
890.65632 11.3010359829542 0.0312500000 0.0000000000
736.49228 7.94913734105586 0.0312500000 0.0000000000
904.60621 15.7121643288585 0.0312500000 0.0000000000
540.49864 8.7195918250089 0.0312500000 0.0000000000
886.74943 19.8293334938339 0.0312500000 0.5501029915
857.51856 6.78720399650259 0.0312500000 32.7997484475
608.52485 12.9131676509597 0.0312500000 0.0000000000
600.29431 3.49984980830846 0.0312500000 0.0000000000
888.76508 18.2461233448749 0.0312500000 0.0000000000
888.76508 18.4553307275951 0.0312500000 0.0000000000
892.79638 19.2859606993813 0.0312500000 0.0000000000
893.72048 18.9673373341336 0.0312500000 0.0000000000
281.24860 4.55722166813514 0.0312500000 1.2716328984
888.76508 20.0952089837461 0.0312500000 0.6606584266
910.74943 19.2548489487144 0.0312500000 0.4174280186
624.29431 3.21329177627375 0.0312500000 33.8953620848
680.41443 3.78815629557579 0.0312500000 30.9724281887
974.81712 20.261442945698 0.0156250000 -28.7946542074
992.77017 19.6172518313539 0.0312500000 0.0000000000
821.66296 19.9192597458782 0.0312500000 0.0000000000
830.55528 7.71586559912584 0.0156250000 0.4815771090
648.32719 2.17865509719125 0.0312500000 0.0000000000
566.55067 14.9770299074136 0.0156250000 0.4291712926
838.78582 20.3699000055068 0.0312500000 0.0000000000
828.61130 11.736746831848 0.0312500000 0.0000000000
908.77017 20.2589387360271 0.0312500000 0.0000000000
478.29282 2.51055646603237 0.0312500000 -1.2583296618
664.38313 3.84527286284107 0.0156250000 -0.1797174943
780.51740 7.52666946501343 0.0312500000 -0.8942901681
843.70723 18.4689944607603 0.0312500000 0.0000000000
738.50793 9.18889688125833 0.0312500000 -0.4261308089
770.57053 14.9447183623338 0.0312500000 -0.2581590569
972.73457 15.9008881752571 0.0312500000 0.0000000000
796.54980 10.1020926217767 0.0312500000 0.4139936365
798.52906 7.04077675779076 0.0468750000 0.0000000000
864.70757 19.5347191991189 0.0468750000 0.0000000000
838.74943 19.2308373135313 0.0468750000 -25.3734418873
598.50412 13.7863523370105 0.0468750000 0.0000000000
908.79130 18.9241115323477 0.0468750000 0.0000000000
913.74910 19.0395013049888 0.0468750000 0.0000000000
572.48847 13.085586598735 0.0468750000 32.9960787277
1101.05187 22.1911342757731 0.0468750000 0.0000000000
913.74910 19.1360211597815 0.0468750000 0.0000000000
946.84333 20.1393152901222 0.0468750000 -0.1818507952
255.23295 4.44104822206778 0.0468750000 0.8156023429
886.74943 18.4161279046149 0.0468750000 0.0000000000
942.84842 20.9329945481314 0.0468750000 0.0000000000
558.28375 2.49449716638524 0.0468750000 -0.8042776090
935.76743 19.7157583960086 0.0468750000 0.0000000000
668.65514 17.9540843972568 0.0468750000 -0.7327832830
974.87463 20.3029731425367 0.0468750000 0.0000000000
794.56943 9.22258334352286 0.0468750000 0.0000000000
568.36200 3.84595053331385 0.0468750000 -0.2123324676
752.67627 19.7364073030962 0.0468750000 -27.7636515314
754.69192 20.1556688906248 0.0468750000 -27.9615786384
864.70757 19.3124897141101 0.0468750000 0.0000000000
819.58980 10.106011857773 0.0468750000 29.4579341987
892.73887 19.9859357963146 0.0468750000 -0.4313953906
538.51937 12.6347754672218 0.0468750000 0.0000000000
914.59166 8.74099188690999 0.0468750000 0.4023398821
950.81712 20.1666057797395 0.0468750000 0.0000000000
846.52906 7.84948201325996 0.0468750000 0.0000000000
970.87972 21.3626190675767 0.0468750000 0.0000000000
1002.94232 21.625995387222 0.0468750000 0.0000000000
970.78582 20.0961155933915 0.0468750000 0.0000000000
1023.92901 21.8985576701038 0.0468750000 0.0000000000
914.58816 12.1295437681812 0.0468750000 0.0000000000
482.32412 3.95183895239711 0.0468750000 -0.5436138840
866.72322 19.9644538148942 0.0468750000 0.0000000000
544.45717 10.6548749156376 0.0468750000 33.8930998916
892.60621 14.269776412408 0.0468750000 0.0000000000
750.66062 19.303631926467 0.0468750000 -26.8398966329
838.55686 11.6489497894507 0.0468750000 0.0000000000
972.80147 20.3421750978582 0.0468750000 0.0000000000
866.72322 19.7874246248282 0.0468750000 -30.1630322901
816.57491 6.54104460144424 0.0468750000 0.0000000000
694.64966 20.9714780654114 0.0468750000 0.0000000000
691.66098 19.8595490829256 0.0468750000 -33.7332075458
886.55686 9.77556956966247 0.0468750000 0.0000000000
677.64533 19.6289636219167 0.0468750000 -33.7281183143
370.29519 1.38490071583004 0.0468750000 0.6926560389
836.54361 5.89059209797699 0.0468750000 0.0000000000
884.73378 19.4554963506516 0.0468750000 0.9780004232
774.52906 7.87181094106 0.0468750000 -0.6402812677
798.56435 7.40936832634803 0.0468750000 0.0000000000
812.54361 5.4848494774895 0.0468750000 0.0000000000
812.54361 5.61346600504397 0.0468750000 0.0000000000
836.54361 9.52829618383562 0.0468750000 0.0000000000
694.64966 20.9081246444429 0.0468750000 0.0000000000
786.52906 9.54781366597177 0.0468750000 0.0000000000
860.73378 19.7167902627459 0.0781250000 0.7192230663
802.69192 19.5474843364263 0.0781250000 -0.9840398927
772.58508 12.1252067023408 0.0781250000 -0.4244394107
822.60073 10.8100594438517 0.0781250000 -0.2027877044
816.70757 19.6638951849072 0.0781250000 -1.7760110441
1103.06752 22.3870488232244 0.0781250000 0.0000000000
888.80147 20.0545330641803 0.0781250000 -1.9217558559
664.66022 19.0291120692078 0.0781250000 -0.4129821644
696.61367 18.4863938934817 0.0781250000 -25.9167103938
696.61367 18.5094407700841 0.0781250000 -25.9167103938
732.61367 17.6182328647394 0.0781250000 -25.4306063754
948.85898 20.3127156013115 0.0781250000 -0.7054226475
426.35779 2.96213578956672 0.0781250000 0.4758449787
740.67627 19.9589682141611 0.0781250000 -30.4200427277
912.76508 19.8415631670713 0.0781250000 0.6728604357
916.79638 18.7577446168061 0.0781250000 0.0000000000
918.75452 19.7629886366507 0.0781250000 -30.4081889335
948.80147 20.0720898335975 0.0781250000 -29.8337029199
762.66062 18.9031009536148 0.0781250000 -28.1089822141
970.78582 19.9160094318401 0.0781250000 0.0000000000
824.54361 8.60993483439603 0.0781250000 0.0000000000
888.70757 19.1638807447092 0.0781250000 0.5188060542
480.30847 3.32203324393808 0.0781250000 -1.1014210250
474.30615 1.53272052921968 0.0781250000 -0.3752828831
726.66062 19.5659650583043 0.0781250000 -27.9724933941
970.87972 21.0948246984237 0.0781250000 0.0000000000
822.60073 10.4066146224881 0.0781250000 -0.1986251923
832.73887 20.2421245068439 0.0781250000 -1.7041853952
640.62384 16.8566078083224 0.0781250000 -0.3183738399
752.52008 8.13585410742861 0.0781250000 0.0000000000
342.26389 1.0117714934768 0.0781250000 0.2233538503
283.26425 5.54413522518662 0.0781250000 0.4295240224
894.62296 11.6446721268431 0.0781250000 -0.1144501804
454.29282 3.10399841091146 0.0781250000 -0.8111593322
814.55926 5.68613653091241 0.0781250000 0.6485685829
856.60731 11.3111523877457 0.0781250000 -0.1389413756
774.60073 16.239879683181 0.0781250000 -2.0470014856
892.60621 14.1193307211879 0.0781250000 0.0000000000
876.57601 8.19824993908171 0.0781250000 0.0000000000
950.68556 15.933915867878 0.0781250000 0.0000000000
770.65045 17.6273221834902 0.0781250000 1.4160349149
861.54986 9.64228640547383 0.0781250000 -0.0773035862
828.57601 9.5650283442539 0.0781250000 -0.3569204711
505.42623 9.42082750728656 0.0781250000 29.4692860475
904.59096 7.68094156461773 0.0781250000 0.0000000000
535.47318 12.3276548719111 0.0781250000 0.0000000000
535.47318 12.6725741779396 0.0781250000 0.0000000000
837.54986 10.9564082702198 0.0781250000 -0.7816339143
778.56036 10.3678682672453 0.0781250000 -0.1848432351
859.53421 7.92057324881927 0.0781250000 -1.9387699286
314.23259 0.858734122982426 0.1093750000 0.2039700582
942.84842 21.2651997878172 0.1093750000 0.0000000000
864.76508 19.4686000531756 0.1093750000 -27.7238353220
806.56943 8.24593676582157 0.1093750000 -0.3314853471
554.34635 2.9150829282304 0.1093750000 -0.1348553825
760.64497 18.3896311393913 0.1093750000 -3.0052632186
439.22550 2.19356720458965 0.1093750000 0.0000000000
770.65045 15.744097481983 0.1093750000 -0.2901431007
890.78073 19.4456108316391 0.1093750000 -3.3418815938
732.61367 17.526794006018 0.1093750000 -1.9085778288
694.63550 18.5406403840492 0.1093750000 -0.1294419139
766.69192 19.5151673166915 0.1093750000 0.0000000000
738.66062 19.5020359915863 0.1093750000 -30.9052714849
884.77017 20.2962955262457 0.1093750000 -0.3220832134
834.60073 10.0765451541135 0.1093750000 -0.2904979705
764.67627 19.5727436936319 0.1093750000 -30.9748138556
788.67627 19.1019091305746 0.1093750000 -28.7368090884
900.66991 16.2834845684093 0.1093750000 -0.2110404400
710.62932 18.9236599374701 0.1093750000 -28.4798721405
856.58508 8.70629782001326 0.1093750000 0.2560327262
768.70757 19.8991416440939 0.1093750000 -31.7849198060
481.42514 4.04330644716952 0.1093750000 0.9017864211
794.56943 13.8108287014337 0.1093750000 -30.9404494276
786.66062 18.5270266098151 0.1093750000 -0.8536248201
860.77017 20.7904013020572 0.1093750000 -0.4957861949
948.89537 21.406196054594 0.1093750000 -1.2544890441
662.36748 3.05994006398348 0.1093750000 -0.1132082331
920.86407 21.274428634414 0.1562500000 -2.8631651629
712.64497 19.4779248020852 0.1562500000 -29.4973904593
842.72322 19.7756649267803 0.1562500000 -1.3143816173
856.73887 20.0751401044702 0.1562500000 -0.2830686448
687.55341 17.9772641607232 0.1562500000 -27.2392505816
820.58508 10.0547049703842 0.1562500000 -0.2505901061
764.52248 9.05626457131515 0.1562500000 -0.5339330025
654.61836 21.0416689520848 0.1562500000 0.1417371056
678.67587 19.3487219475599 0.1562500000 -0.6968107605
984.89537 21.2837825292426 0.1562500000 -0.6939939855
764.54471 9.32333773598623 0.1562500000 -0.0973801730
890.78073 20.1930690555323 0.1562500000 0.5858893114
792.70757 20.0128427929347 0.1562500000 -33.3750183663
648.62892 17.7893797949017 0.1562500000 -0.2822816780
666.60310 16.3950706417439 0.1562500000 0.0000000000
892.60731 10.8208545468372 0.1562500000 0.0758805217
995.89771 21.7376585462497 0.1562500000 0.0000000000
736.44064 3.69118304403745 0.1562500000 0.0000000000
820.51341 5.60057732510117 0.1562500000 -0.0892791832
864.57601 8.42552388797496 0.1562500000 -0.1881576163
850.56036 7.46523297334516 0.1562500000 2.5468762492
786.56435 11.6864428816002 0.1562500000 0.0000000000
880.73887 19.9132617818535 0.1562500000 -0.4060537644
687.55341 17.9907817872888 0.1562500000 -27.2392505816
937.74669 18.1964243961727 0.1562500000 0.3363639972
934.80695 19.1902897071621 0.1562500000 0.0000000000
852.76508 19.5195850782149 0.1562500000 0.0000000000
862.78582 20.0472493350856 0.1562500000 -29.7818603980
862.78582 20.131039248869 0.1562500000 -29.3164199881
632.52485 12.2504468890402 0.1562500000 -0.1002563703
595.49322 4.59309164913435 0.1562500000 -0.0804600186
766.69192 19.9642690390832 0.1562500000 -32.1707919153
580.56632 15.6431414919584 0.1562500000 -0.2274635256
812.67627 18.9236297817154 0.1562500000 -1.4340159525
1051.96031 22.0699268190539 0.1562500000 0.0000000000
836.61638 11.2458731168424 0.1562500000 -0.3917671494
636.62892 17.9776998627378 0.1562500000 -0.3333407155
758.62932 18.4987935386269 0.1562500000 0.0000000000
758.62932 18.0689527429452 0.1562500000 0.0000000000
536.50482 11.9927273865675 0.1562500000 0.1713145020
860.60937 7.69006025387614 0.1562500000 -0.1967959461
840.70757 19.4793375238574 0.1562500000 0.0000000000
812.54471 7.81306659205716 0.1562500000 -0.2028154139
934.74943 19.0842250857724 0.1562500000 0.2338624658
842.59166 10.4629958197791 0.1562500000 -0.1352228730
417.24115 3.00222020015042 0.1562500000 -0.2285076655
784.66610 16.4558181851827 0.1562500000 -0.2075427943
836.77017 20.0263596233108 0.1562500000 -29.2760629684
798.68175 16.9964989272478 0.1562500000 -0.2140573779
772.58508 15.071718443991 0.2187500000 -0.4657872259
692.41443 3.7976868451019 0.2187500000 -0.0079158924
824.54471 7.51477064789875 0.3750000000 0.1946145842
833.51856 7.87926381918979 0.2187500000 -0.1282949746
561.48883 13.1581818237378 0.3750000000 1.9538311354
798.52906 8.27524659245033 0.3750000000 -0.1610643987
804.55138 8.77656548044588 0.3750000000 -0.2088252960
914.64918 13.7230281777726 0.2187500000 -0.3846349757
814.59675 11.1910876235275 0.2968750000 -0.4972120651
860.77017 19.5521233850854 0.3750000000 0.0000000000
955.77251 20.9201143944706 0.3750000000 2.1224770623
606.28375 2.14189733332432 0.3750000000 0.0000000000
900.59714 6.76682040608038 0.2968750000 0.1322069962
976.92667 21.3071020836908 0.2968750000 -0.7100863601
842.59166 10.6327775433985 0.3750000000 -0.1302224334
890.72322 19.4435201936027 0.3750000000 1.8393720809
834.58658 9.37576488646634 0.3750000000 0.0825598301
840.70757 19.3775205163669 0.3750000000 -0.6061430954
968.77017 19.9537432075493 0.2968750000 0.0000000000
854.72322 19.7196279872418 0.3750000000 0.0000000000
834.75452 19.8122443409182 0.3750000000 0.0000000000
854.72322 19.9405815392757 0.3750000000 0.0000000000
498.26262 1.78215904919559 0.2187500000 30.4440653349
872.56584 5.14933363678303 0.2187500000 2.3283910965
883.53421 7.70091079716446 0.2968750000 -0.5971303650
811.61995 10.3903172586242 0.2187500000 0.0525775992
946.78582 19.8770708820694 0.3750000000 0.0000000000
932.86407 21.2841935441372 0.2187500000 -2.1790053429
979.86641 21.4848472667142 0.2187500000 0.0000000000
912.80147 20.596400283124 0.2187500000 -2.4426802689
950.81712 20.688621773897 0.2968750000 0.0000000000
858.75452 20.2874561402326 0.2187500000 -0.4131929459
834.75452 19.623617780153 0.3750000000 0.0000000000
890.72322 19.6916151495635 0.3750000000 2.1570448556
978.84842 20.8363407855246 0.3750000000 -0.4158058621
728.52358 11.4838282938149 0.3750000000 -0.1621709367
890.72322 19.3382342296112 0.3750000000 1.9220704700
906.84842 21.2989558922693 0.2187500000 -0.6613545821
845.72288 18.8317151343534 0.2187500000 -0.0707629521
832.54980 13.8466342636181 0.3750000000 -0.3069035907
900.80147 20.701114540079 0.3750000000 -0.1445058651
396.31084 0.98204159640549 0.2968750000 0.0000000000
874.78582 20.6551008507198 0.2187500000 0.1596931781
692.61985 17.4848633218795 0.3750000000 -0.1748102609
894.75452 19.8568965973651 0.2187500000 -1.6122944700
664.60271 20.6638709867292 0.3750000000 0.8029222120
636.62892 18.1737697021783 0.2968750000 -0.3180832571
778.53573 8.83688841170851 0.3750000000 0.4076549720
811.62223 10.3901499952463 0.2968750000 0.0524721476
876.80147 20.8894861974896 0.2187500000 0.2347740241
911.56551 9.50308592837286 0.3750000000 -0.2439800459
859.53421 8.24101135509744 0.3750000000 -0.2069653070
816.57601 9.98910138246181 0.3750000000 -0.0509679619
368.27954 1.11949597398012 0.2187500000 0.8392312521
882.75452 19.9974779552551 0.2968750000 -0.5125053813
593.51395 14.7986388488556 0.3750000000 2.1479907703
768.55488 13.0541579667641 0.3750000000 -0.0859620204
768.55488 13.6632194275774 0.2968750000 -0.5103274021
762.50793 8.91601757017107 0.2968750000 -0.1660298449
882.75452 20.1657219730558 0.3750000000 -0.1775314301
738.50793 10.3223454629904 0.3750000000 0.2691192613
886.78582 19.9591459073843 0.3750000000 2.3319912436
888.80147 19.8628934003178 0.2968750000 0.0000000000
953.75686 20.4907993543649 0.2968750000 0.0000000000
868.73887 19.5012183316609 0.3750000000 2.0518987761
910.74943 17.7345957013036 0.3750000000 2.2866427940
946.87972 21.3465143213717 0.2187500000 -0.5156597346
944.77017 20.1130707501232 0.2187500000 -30.4319549198
944.77017 19.9101787173837 0.3750000000 -2.4996343658
938.81712 20.7857558021573 0.3750000000 -0.4128834907
800.54471 7.78684331794852 0.3750000000 -0.1236710146
938.81712 19.8425766580366 0.3750000000 0.7679479145
936.80147 20.5558443683721 0.2968750000 -26.8912476028
926.81712 19.9961071843996 0.3750000000 1.9693650454
924.80147 20.5899344752001 0.2968750000 0.0736665295
650.64457 18.6323604040323 0.3750000000 -0.1185542037
512.46734 6.90917724543291 0.3750000000 2.2036549728
634.61327 17.6319395883584 0.3750000000 2.2752235539
918.75452 19.7211827315918 0.2968750000 -28.5605948386
918.75452 19.1835581393877 0.3750000000 0.0000000000
916.83277 21.2181831868393 0.2968750000 0.0000000000
594.34126 2.51071489736444 0.2187500000 1.8666449159
736.44064 3.63035858141885 0.2968750000 0.0000000000
916.73887 19.4646229304789 0.3750000000 1.2536737553
885.54986 8.41930328969624 0.2968750000 -0.1506783111
912.76508 17.8787071922527 0.2187500000 0.6043354892
811.62223 10.3901499952463 0.2968750000 0.0524721476
872.77017 20.4651812734825 0.2187500000 0.2556049518
830.51889 5.79259261034692 0.3750000000 0.5657738419
1040.95797 21.0951352585558 0.3750000000 2.1689543316
934.78582 20.2942234800067 0.3750000000 0.0000000000
682.59802 18.1858372139026 0.2968750000 -28.2019927424
660.62892 16.8651646243239 0.2968750000 0.0000000000
642.60310 18.4860728535768 0.2187500000 0.4992496694
942.81203 19.2286735879301 0.3750000000 2.2559659538
942.81203 19.4462315033979 0.3750000000 1.8733198099
942.81203 20.1232368911019 0.3750000000 1.7102930687
942.81203 20.5328877850625 0.3750000000 2.2587741414
932.79130 17.8258773830643 0.3750000000 1.7353720898
802.53573 8.8072254871286 0.2968750000 -0.0412811085
552.53502 13.5982849335961 0.3750000000 0.0000000000
880.76000 18.8551280257099 0.3750000000 1.2355463284
752.52008 8.38462031932374 0.3750000000 0.0000000000
780.55378 7.62769635644574 0.2968750000 -0.2889698715
966.84842 20.353538437359 0.3750000000 0.9207516694
743.60615 14.7694142748399 0.3750000000 0.0000000000
652.55107 15.7972972243683 0.2968750000 -31.3446696940
757.62180 15.5650548262963 0.2968750000 1.3886725742
812.69740 17.4862072751591 0.2187500000 -0.3857773946
780.67118 19.0957418247026 0.3750000000 2.1356664112
1008.89537 21.3493391355033 0.3750000000 1.9244437979
642.60310 18.4937055413521 0.2187500000 0.5263497586
832.70248 17.6077147587415 0.3750000000 2.2801429444
832.70248 17.9104454003649 0.3750000000 2.2554217146
832.70248 18.9964478641512 0.3750000000 1.9043811018
832.70248 19.3221789584865 0.3750000000 2.0070498461
682.64966 21.2500256419296 0.3750000000 2.2616839518
768.55138 12.8482763736528 0.3750000000 0.0820252092
810.68175 16.6437867142649 0.2187500000 -0.3132428823
784.58508 10.3233036038536 0.2968750000 -0.3158365713
808.66610 15.2926862036791 0.3750000000 2.2978945483
524.50372 11.3822844500956 0.3750000000 0.0000000000
763.63876 17.9344687427686 0.3750000000 2.2784019737
704.63401 20.8362749700071 0.2187500000 -0.0295307209
784.58508 14.2519779255557 0.2968750000 -0.3678032768
808.70248 19.7207297847253 0.3750000000 2.0782807297
674.64457 17.6769971067008 0.3750000000 0.0000000000
561.41497 4.05267503384357 0.2187500000 0.0462516264
936.76508 19.1179883382877 0.3750000000 1.7679669074
936.76508 18.5186099282481 0.3750000000 2.2495451511
878.78073 19.5099114299722 0.2968750000 0.2007965053
790.65553 16.0535794870784 0.2187500000 0.5281047931
790.65553 16.5310349134248 0.3750000000 0.0000000000
745.62180 16.1458603866542 0.3750000000 0.0000000000
807.57454 10.0418056473801 0.2187500000 -0.2230140423
1026.94232 21.4520957667081 0.3750000000 0.0000000000
881.68650 17.4836337700889 0.3750000000 0.0000000000
881.68650 17.350154695584 0.3750000000 0.0000000000
1097.02057 21.8577031791158 0.2187500000 0.0000000000
906.81203 19.9086914544665 0.2187500000 0.0000000000
666.53033 6.64359598509578 0.3750000000 0.0000000000
906.71813 16.7899063087552 0.3750000000 2.2193641790
936.82260 19.8146090045997 0.3750000000 0.8644272205
932.73378 18.7780916692925 0.3750000000 2.2885298813
944.82768 20.8102044715988 0.3750000000 0.0000000000
774.62423 18.3132368173869 0.2187500000 0.0000000000
564.53502 13.016760221587 0.3750000000 0.0000000000
752.52008 7.93427582991434 0.3750000000 0.0000000000
661.52790 9.69447754506992 0.3750000000 0.0000000000
614.53542 5.02286815760841 0.3750000000 0.0000000000
783.61093 11.7380588391728 0.2187500000 0.0000000000
773.65310 17.2781521674756 0.2968750000 -0.3553191226
634.54050 13.2313475527551 0.3750000000 0.2378379612
536.50372 10.509208423509 0.3750000000 0.4820312813
902.74435 17.6365384225453 0.3750000000 2.0386346210
638.64457 18.5261975271008 0.2968750000 0.1539278775
840.72870 20.1467182274454 0.2187500000 0.0000000000
1035.00492 22.09824741533 0.3750000000 1.0281479726
934.80695 18.7914005540053 0.2968750000 0.0000000000
956.79130 19.4535207201066 0.3750000000 0.0000000000
902.74435 17.2563816857018 0.3750000000 2.2283370410
808.70248 18.1216121349425 0.2968750000 -0.1592707204
1004.95797 21.4395827699356 0.2187500000 -1.1104849776
826.67666 15.9411548377082 0.2968750000 0.1553554479
538.48299 6.64984389580239 0.3750000000 3.2287678088
678.56672 15.9855257875705 0.3750000000 -3.3363548176
882.62296 13.7517202717092 0.2187500000 0.3502473981
678.56672 16.2927558222061 0.3750000000 0.0000000000
678.56672 16.431549127195 0.3750000000 0.0000000000
664.66022 18.8590914128475 0.3750000000 -0.5203255999
507.44188 10.2344286229577 0.2968750000 1.4178548851
866.72322 19.5272690278866 0.3750000000 0.0000000000
958.87972 21.1887436128506 0.2187500000 -3.4065193125
1006.87972 20.9550512295005 0.2968750000 0.0000000000
1006.87972 21.0670194722587 0.2968750000 0.0000000000
908.73378 17.5335121646671 0.3750000000 2.2200121692
654.56672 17.0491844284422 0.2968750000 -26.1265517407
666.60420 16.9236782031008 0.2187500000 0.0000000000
811.62223 10.3901499952463 0.2968750000 0.0524721476
654.56672 17.08224639763 0.3750000000 -26.0735314823
1002.94232 21.263914453612 0.3750000000 -0.8207049194
1000.83277 20.5569187697393 0.3750000000 0.0000000000
782.72322 19.5597745781931 0.2968750000 -29.5532846628
787.67861 20.5205245932454 0.2968750000 0.0000000000
808.73887 19.6163037534519 0.3750000000 0.0000000000
813.69426 20.5201278422302 0.3750000000 0.0000000000
886.61788 11.5219161262171 0.2187500000 -0.0789694656
912.57601 7.65674305910021 0.2968750000 0.0892405576
868.60731 11.2473227269963 0.2968750000 -0.1894325983
828.57601 9.17683585111281 0.3750000000 -0.1247665824
858.71813 19.3689287705758 0.2968750000 0.0000000000
636.35183 2.91066391919065 0.2187500000 -0.0522887382
780.70866 18.8798975705685 0.2187500000 0.0000000000
920.86407 21.3591606765783 0.2187500000 -1.3514904578
1040.95797 21.5668988741834 0.3750000000 2.2096317210
980.86407 20.9952050110786 0.2968750000 0.0000000000
858.71813 19.1482565223238 0.3750000000 0.0000000000
670.59802 17.678965354013 0.3750000000 0.0000000000
892.60731 10.577662703913 0.3750000000 -0.0461364683
866.78073 19.4648205694529 0.2187500000 -0.9589594311
884.73378 17.9493702637135 0.3750000000 2.2069903955
884.73378 18.1777721222614 0.3750000000 2.2129436236
884.73378 18.2921117320691 0.3750000000 2.2463748062
838.56036 8.49260297716673 0.3750000000 -0.0390203599
742.53813 12.0213414389539 0.3750000000 0.0000000000
738.50683 8.6070909281738 0.3750000000 0.3444368889
854.59166 10.8790042287516 0.2968750000 0.1740858619
812.66101 15.4849345277848 0.3750000000 1.1942652385
781.63166 19.5054389752395 0.3750000000 0.0000000000
800.66101 16.0513020085876 0.3750000000 0.0000000000
826.71305 17.9751998039885 0.3750000000 2.1694445140
834.71813 19.5884635380838 0.3750000000 1.9383721944
834.71813 19.7024842141707 0.3750000000 1.8507228107
880.73887 19.154743256211 0.2187500000 0.0000000000
920.82768 20.1359677045881 0.2968750000 -0.1526496887
866.81712 21.1917113644046 0.3750000000 -1.2762640817
866.81712 20.6864549321464 0.3750000000 0.0000000000
870.62296 13.0522604846586 0.3750000000 -0.1148951194
938.78073 19.4082545818847 0.3750000000 2.1390510239
624.55615 15.2359536765845 0.3750000000 0.0000000000
610.50412 4.10610576732975 0.3750000000 0.0000000000
610.50412 4.24553244043687 0.3750000000 0.0000000000
780.70757 18.8977527335424 0.2187500000 0.0000000000
838.69192 19.1221229252974 0.3750000000 2.0694734941
890.59166 8.8999990423556 0.2968750000 -0.2359218053
940.73887 19.5700696641439 0.2187500000 -0.2943497983
882.62296 13.2721389221678 0.3750000000 -0.0687840685
878.59166 10.3264429958715 0.2187500000 -0.0885305920
1000.92667 21.0634287715864 0.3750000000 2.3015274568
1000.92667 21.7006674697822 0.3750000000 2.1522776654
715.58471 19.0322109278503 0.2187500000 1.2142781496
848.54471 7.29505914299636 0.2187500000 1.0943220143
712.64497 18.7308969181232 0.2968750000 31.6028669670
750.54432 13.8459072743801 0.3750000000 -0.0602219379
972.89537 21.2939994107217 0.2187500000 -0.9201686046
668.63401 21.1877234383072 0.2968750000 0.1218872839
682.64966 21.2037438795692 0.3750000000 2.2571044191
732.55378 13.7898606452611 0.3750000000 -0.3821569427
839.74630 19.5302285560416 0.2968750000 0.0000000000
744.66531 20.9369401257098 0.3750000000 2.2546106516
820.51231 8.44617022668243 0.3750000000 0.0000000000
878.58816 12.7629630372409 0.3750000000 0.0000000000
814.50175 8.28706860620359 0.3750000000 0.0000000000
746.68096 21.2352965492086 0.3750000000 0.0000000000
960.73457 16.4040791377762 0.2968750000 0.7733720735
776.52248 7.23964423955735 0.3750000000 0.0000000000
784.58268 14.0451754389781 0.3750000000 -0.3042639587
620.59762 16.4863827907993 0.3750000000 2.0372966004
749.62311 18.2614813650962 0.2187500000 -0.0329584859
842.59056 6.44734556710153 0.2187500000 -0.1071016660
283.15160 0.777603382514871 0.3750000000 -0.1966597207
834.52796 7.92853126333138 0.3750000000 0.0000000000
780.55138 9.79972772539102 0.2187500000 -0.3262013490
690.47045 4.05779859626465 0.2968750000 -0.1283256502
842.56943 9.99018256168592 0.3750000000 2.2230895501
684.61367 18.8156612971124 0.2187500000 -28.6055049477
910.55926 9.20945876592457 0.3750000000 0.0000000000
575.46700 5.38680386869267 0.3750000000 0.0000000000
742.64966 20.5986169077755 0.3750000000 0.0000000000
876.55138 7.51800595058321 0.2187500000 0.0000000000
814.53813 12.2523247458168 0.3750000000 0.0000000000
918.68762 13.7460953575189 0.3750000000 0.0000000000
927.61096 14.2420765502054 0.3750000000 2.2962914685
692.63401 20.9725110038892 0.3750000000 -0.1650514616
816.55138 9.00539700019513 0.3750000000 0.0000000000
744.55378 13.1816891747472 0.2187500000 -0.5080368161
1106.75610 13.4691689992642 0.3750000000 2.2620056887
580.49355 11.105666543637 0.3750000000 -0.8626217254
776.58000 9.99120757874444 0.3750000000 0.0000000000
878.56943 7.3036778221345 0.3750000000 2.2791906440
824.58000 9.6926698481206 0.2187500000 0.0491120648
906.60661 10.9954806200241 0.3750000000 0.0000000000
768.55138 8.9843632360349 0.3750000000 2.2693001500
645.56051 18.3142285392967 0.2968750000 0.0000000000
835.66875 15.0213345601098 0.2968750000 0.4097809012
798.52556 9.96851421522603 0.3750000000 2.2743420755
842.62695 9.03822113025416 0.3750000000 0.0000000000
788.52248 10.6156606168787 0.3750000000 0.0000000000
838.55926 11.9920506155625 0.3750000000 2.3143802493
803.66367 7.49280608940534 0.3750000000 2.2651877805
838.55926 11.5171097840673 0.3750000000 2.2985664314
848.54361 10.047191338987 0.3750000000 0.0000000000
860.54361 9.05982176456638 0.3750000000 0.0000000000
826.63203 10.8441037589627 0.3750000000 0.0000000000
860.54361 8.38474410173571 0.2968750000 0.0000000000
860.54361 7.08624726430884 0.3750000000 0.0000000000
828.55966 9.00662114892922 0.3750000000 2.2354268964
805.62180 10.0358196364818 0.3750000000 0.0000000000
884.54121 8.56678313424988 0.3750000000 0.0000000000
750.50443 6.90835286677073 0.3750000000 2.2777258906
860.54121 8.2015241960463 0.2968750000 0.0000000000
838.55926 6.97461568849113 0.3750000000 2.1912416125
872.58000 10.9374339665835 0.3750000000 2.0372565631
860.61398 14.0406008432365 0.3750000000 0.0000000000
727.56599 18.2335352367007 0.2968750000 0.0000000000
766.50175 8.15633711614708 0.3750000000 0.0000000000
832.58508 8.63191998538658 0.2187500000 -0.2064880519
796.54870 6.73042125074951 0.3750000000 0.0000000000
816.57491 5.88522899420606 0.2187500000 0.4521495943
838.55926 5.06340574600331 0.3750000000 0.0000000000
842.66333 16.0335957915798 0.3750000000 0.0000000000
838.55926 5.42834274301472 0.3750000000 1.8888742543
838.55926 5.56502084678931 0.3750000000 1.8807106183
838.55926 5.74322668110538 0.3750000000 2.1182827395
838.55926 5.90826679290631 0.3750000000 2.1866325838
838.55926 6.29566271833174 0.3750000000 2.1991851535
822.56435 7.46586625635427 0.3750000000 0.0000000000
694.63440 18.598961260615 0.3750000000 2.2851899730
788.52248 8.630284343459 0.3750000000 2.2145221425
740.52248 10.4417155448795 0.2968750000 0.1630493692
734.62932 18.3386039538541 0.2187500000 0.0000000000
812.67627 19.2339459476073 0.2187500000 -26.2635046046
762.50443 8.17792824107983 0.3750000000 0.0000000000
810.75452 20.803038640365 0.2968750000 -0.2953492937
907.53311 7.80151880012668 0.2968750000 1.1169521792
820.54870 7.51647340501577 0.3750000000 0.0000000000
669.56051 17.9790592463352 0.3750000000 0.0000000000
916.60381 13.1587670191815 0.2968750000 0.0000000000
930.60661 9.55844054400059 0.2187500000 1.2270693027
796.73887 20.6695718689207 0.2968750000 -0.6768558367
796.73887 19.7977855137768 0.3750000000 0.0000000000
818.56703 10.0990382757739 0.3750000000 2.1069611090
1052.70915 10.6948651490635 0.2187500000 -0.2133200756
764.67627 18.9609767038825 0.3750000000 0.0000000000
892.60381 14.3065056849868 0.3750000000 1.8316617403
910.55686 9.90662773587235 0.3750000000 0.0000000000
889.57765 10.2944029330796 0.2968750000 0.0000000000
888.64528 15.1423347059567 0.3750000000 2.2734044200
864.64768 14.4603596661296 0.3750000000 1.9144652140
460.36327 5.97311485141087 0.2968750000 -0.1014685371
881.51746 7.67061403001131 0.2187500000 -0.0871765581
804.55378 8.81059673369339 0.2968750000 -0.2569202266
736.49118 7.95376324806415 0.3750000000 2.2248056470
622.61327 17.6665487371794 0.3750000000 -0.2201841745
344.27954 1.17961021580051 0.2968750000 0.2901474714
878.61994 8.43416308088934 0.3750000000 2.2689904691
818.72322 20.0338848425105 0.2187500000 -0.9522150304
818.72322 19.9347146472392 0.2187500000 -0.9646944245
762.50683 8.17303562964144 0.3750000000 0.0000000000
762.50683 8.7867781831381 0.3750000000 0.0000000000
742.53573 12.0805817474551 0.3750000000 0.0000000000
866.66333 16.1311032822682 0.3750000000 1.7037965798
790.50175 8.11831765233682 0.3750000000 0.0969578227
818.72322 19.5139440914823 0.3750000000 0.0000000000
762.66062 19.2269143263533 0.2968750000 -1.6327928828
762.66062 19.1494242182228 0.2187500000 -1.2119880101
794.72322 20.3548455367529 0.2187500000 -34.1189775058
802.55926 10.3202341629118 0.3750000000 0.0000000000
424.34214 2.23884645680796 0.2968750000 0.2985094653
872.57759 11.4901192517225 0.3750000000 2.0364519160
742.53813 10.460452919561 0.3750000000 0.0000000000
730.54050 11.6714273823859 0.3750000000 1.9770106894
589.48025 14.6938891025669 0.3750000000 0.0000000000
885.54635 7.7713487642378 0.3750000000 0.0000000000
800.52008 7.00529186720658 0.3750000000 2.2212352981
760.64497 17.9993307313395 0.3750000000 2.2872382595
946.71892 15.6794470700887 0.3750000000 2.0528170625
678.61836 20.6683180146395 0.2968750000 0.0000000000
798.52796 10.0199104253459 0.3750000000 2.2803501677
884.54361 8.41095632218902 0.3750000000 0.0000000000
738.66062 18.845843684782 0.2968750000 -31.3728590902
753.59050 8.67537806258626 0.3750000000 0.0000000000
914.58816 10.9428386356678 0.3750000000 0.0000000000
780.52901 7.25572502669142 0.3750000000 0.0000000000
880.59096 9.77374469016367 0.2187500000 -0.1565364314
908.62226 11.6883948918954 0.2187500000 0.3335202663
824.61638 11.9954974542944 0.3750000000 2.2679494349
754.53813 9.88018527485945 0.3750000000 1.8711141415
690.61836 20.7653896034918 0.2968750000 0.1395022713
864.57491 7.16949664425744 0.3750000000 0.0000000000
890.57531 8.56170672772429 0.2187500000 -0.2958654797
760.64497 18.5930055205169 0.2187500000 -0.3128429817
802.55926 10.6574420779 0.3750000000 0.0000000000
834.60073 13.9094896302591 0.3750000000 0.4343036228
762.50443 8.7639163553579 0.3750000000 0.0000000000
820.54870 9.30071755361875 0.3750000000 0.0000000000
863.56551 11.1939219766798 0.5781250000 -0.1735106344
831.63745 12.5092239702787 0.5781250000 2.0473033375
783.45714 2.98186299648712 0.5781250000 0.0000000000
831.63745 12.3309298603856 0.4687500000 1.9863703077
836.67627 18.6357788846501 0.5781250000 0.0000000000
902.78073 19.570113456069 0.4687500000 0.0000000000
614.57180 17.3938530870431 0.5781250000 -0.4704337429
810.66062 18.5768638517623 0.4687500000 0.0000000000
316.24824 0.911313870521185 0.4687500000 0.0531330952
819.63745 13.1161312191406 0.5781250000 0.0000000000
282.27914 4.05225055027731 0.4687500000 0.0802962610
956.77017 19.9634717117313 0.5781250000 0.0000000000
676.55107 15.1931824760204 0.5781250000 -28.8335054609
280.26349 3.19974283945907 0.5781250000 0.0000000000
930.75452 19.5970339347887 0.5781250000 0.0000000000
767.60615 12.7337436123045 0.5781250000 0.0000000000
836.77017 20.796253076464 0.4687500000 -0.1993310121
752.63988 17.8127702102955 0.5781250000 24.3857200203
954.77565 19.2538908230624 0.5781250000 0.0196729541
566.34635 2.07466059055652 0.5781250000 -0.0806336576
676.66022 18.0880555919204 0.5781250000 0.0000000000
860.61638 10.814572123533 0.5781250000 0.0000000000
781.59528 11.9242255849815 0.4687500000 0.0906932711
750.62423 18.9794039360553 0.5781250000 0.0000000000
652.55107 16.4689038839025 0.5781250000 0.0000000000
652.55107 16.1077760555979 0.4687500000 -30.8833098080
776.52008 7.4031156410416 0.4687500000 0.0000000000
754.53813 8.19847468907275 0.5781250000 0.0000000000
650.40386 3.11774402177906 0.5781250000 0.0000000000
982.68955 3.12520071322685 0.4687500000 0.0000000000
794.60582 13.239657597937 0.4687500000 0.0937192901
935.73345 18.2582126927483 0.5781250000 0.0530850565
913.58116 10.8268609934318 0.5781250000 0.3208789859
818.53305 10.012809250657 0.4687500000 0.0000000000
916.60381 13.4903661896687 0.4687500000 0.0000000000
780.67118 18.9099025139418 0.4687500000 2.0164609480
862.63203 11.9512535006425 0.5781250000 0.0000000000
862.63203 13.9793865361005 0.5781250000 0.0000000000
964.83277 20.746725863282 0.5781250000 0.0000000000
964.83277 20.4689942462704 0.5781250000 0.0000000000
847.53421 8.60069259165601 0.4687500000 -0.0527240987
932.77017 19.8525281248487 0.4687500000 0.0000000000
834.59833 13.1038855851378 0.4687500000 0.1886618763
881.51856 6.846961686859 0.5781250000 -0.1237304734
860.61638 10.4766470056212 0.4687500000 0.0000000000
752.63988 16.3912993696017 0.5781250000 0.0433961467
558.47282 19.3047972289926 0.4687500000 0.0000000000
756.61367 17.6770244796814 0.5781250000 0.0979562927
666.56672 16.7917730699918 0.4687500000 0.0000000000
822.75452 20.6626827325744 0.5781250000 -0.1868939562
755.60615 12.6154342502388 0.5781250000 0.0000000000
743.60615 10.5243643238476 0.5781250000 0.0000000000
914.72322 19.374899610818 0.4687500000 0.6126938201
615.49830 15.0490793396637 0.5781250000 0.0000000000
835.53311 7.87810370052952 0.5781250000 0.0000000000
552.29431 3.93674128282783 0.5781250000 0.1297838947
540.33070 1.84850309373919 0.5781250000 -0.0131929173
908.79130 19.1546367349306 0.5781250000 23.7607397219
842.59056 6.97840730105147 0.5781250000 0.5341336419
882.77565 19.0902499633058 0.5781250000 0.0460671569
894.81203 19.8348260234993 0.4687500000 0.0000000000
626.34284 3.15904989717205 0.4687500000 0.0000000000
819.61093 10.7711743305582 0.5781250000 1.3864018522
770.56943 12.3151054857801 0.4687500000 0.0000000000
770.56943 13.1877330009195 0.5781250000 0.0000000000
624.32719 2.37772744078826 0.5781250000 0.0000000000
871.53421 8.44473902873824 0.5781250000 0.0557225453
754.65553 17.7675590795001 0.4687500000 31.6144218300
793.55889 8.66615893672386 0.5781250000 0.0000000000
808.66610 17.3130593589511 0.4687500000 -32.0758715346
802.53573 8.15660751544341 0.5781250000 0.0000000000
738.50793 9.3891293478669 0.4687500000 -0.1508263876
856.57093 5.59898090401648 0.5781250000 0.2870169450
856.54980 13.2285364361674 0.4687500000 -0.0790311932
918.62296 11.4890559076187 0.4687500000 -0.1046283128
598.54050 15.5084030975704 0.4687500000 1.9886180466
652.58745 16.9354448595998 0.5781250000 0.0000000000
868.60731 12.0187943927317 0.5781250000 0.0877288006
854.59166 10.549563876613 0.5781250000 0.0455300871
690.60310 16.8133125031881 0.5781250000 0.0000000000
896.63861 14.4323845984573 0.5781250000 -0.0724776936
894.62296 12.1688712332503 0.5781250000 0.0166659672
892.60731 11.4788278968874 0.4687500000 0.0503395851
778.53573 10.989356969197 0.5781250000 -0.0191975755
892.60731 10.2780298686904 0.4687500000 -0.1602584786
890.59166 9.44134340764166 0.4687500000 -0.0277555447
747.51816 9.49434090209419 0.5781250000 -0.3198508599
866.59166 10.2392818144882 0.4687500000 -0.1404858312
714.50683 8.93825499182348 0.5781250000 0.0000000000
887.56551 10.1732158611296 0.5781250000 0.1461649917
852.57601 9.13167035851157 0.5781250000 -0.0490081418
844.60731 12.3088040433833 0.5781250000 -0.0490771314
956.73251 18.2063702884559 0.4687500000 1.0408386075
521.42005 4.56245991383664 0.4687500000 2.0077943381
742.53923 13.051048931761 0.4687500000 -0.1804824018
576.29431 3.59203282784882 0.4687500000 -1.4489678174
752.55887 13.9768290065122 0.5781250000 -3.3963477658
666.60310 17.4600631742548 0.5781250000 -0.8204197212
744.59254 17.5258161752218 0.4687500000 0.0000000000
812.52008 12.5446320617231 0.5781250000 0.0000000000
746.49776 8.20006651458217 0.5781250000 0.0691534882
790.53813 9.86387168759099 0.5781250000 0.0000000000
450.26262 2.12921976162158 0.4687500000 -0.0076086265
832.58268 11.1712248907127 0.5781250000 0.2529436625
834.62296 14.2641245045085 0.5781250000 0.6142187241
930.71686 17.9905511258975 0.5781250000 -0.0786872185
750.50683 8.87963413499846 0.5781250000 0.0000000000
858.58658 7.25741261056723 0.5781250000 0.0483288048
690.50683 10.254350732483 0.4687500000 0.0000000000
616.36200 3.22359374491745 0.5781250000 0.0000000000
902.61279 7.52701308865099 0.5781250000 0.0640535205
846.55019 4.69614526550089 0.5781250000 0.0000000000
846.55019 4.92473130045344 0.5781250000 0.0000000000
898.58149 7.76283948997714 0.5781250000 0.0412780133
898.58149 6.01125290382151 0.5781250000 0.0401414910
898.58149 5.60587406267922 0.5781250000 0.0205784156
622.54050 14.2298657740344 0.4687500000 0.0000000000
850.58149 6.18428849202841 0.5781250000 0.0283721325
822.55019 8.15084487162761 0.5781250000 0.1131397054
822.55019 8.15084487162761 0.5781250000 0.1131397054
882.58658 6.95010110983653 0.5781250000 0.0000000000
860.63861 14.9034921259111 0.5781250000 0.1921389941
664.41951 3.30834380407739 0.5781250000 0.1245899488
900.55966 7.26078663209715 0.5781250000 0.0000000000
241.14453 0.751799644535705 0.5781250000 0.1672545556
610.33618 1.00581372339599 0.5781250000 0.0000000000
856.58268 10.7614273483348 0.5781250000 0.0977294972
856.58268 11.9721737527777 0.5781250000 -0.0703440684
638.36748 2.87184771456332 0.5781250000 0.0000000000
692.52248 12.0416949597893 0.4687500000 0.0000000000
692.61875 17.6306018998363 0.4687500000 1.9738741604
904.54980 8.14853124545839 0.5781250000 0.0000000000
505.42623 8.56639182555465 0.5781250000 0.0567941358
936.57601 6.96630602871089 0.5781250000 0.0532870448
718.64966 20.9885479032109 0.5781250000 0.0000000000
618.58197 16.8515136611189 0.5781250000 0.0000000000
1136.80305 16.5401036363083 0.4687500000 0.0000000000
766.53923 12.707427916444 0.5781250000 -0.0355484422
996.64655 6.94142941247537 0.4687500000 0.0000000000
620.59762 16.7396977575606 0.4687500000 1.6708049404
1022.66220 7.16196778049472 0.4687500000 0.0000000000
644.59762 15.2198626568904 0.4687500000 0.0000000000
1132.77175 13.3299254915796 0.4687500000 0.0000000000
795.63745 17.2437848228664 0.4687500000 0.0000000000
617.51395 16.2934649041849 0.5781250000 0.2175812582
666.63949 17.0532694771335 0.5781250000 0.0000000000
634.54050 13.8233926110864 0.4687500000 -0.6976369790
854.57531 9.23324022612519 0.5781250000 -0.4098131190
634.54050 13.3829831408155 0.5781250000 0.4029184981
557.45644 4.03606346915314 0.4687500000 0.0000000000
769.62180 14.6479309917326 0.4687500000 0.0000000000
779.60615 11.941578065939 0.4687500000 -0.1278215739
1149.88206 11.9145627667086 0.5781250000 0.0000000000
690.50683 10.2541770466429 0.5781250000 0.0000000000
1077.05187 22.3149972740452 0.4687500000 0.4796239726
746.56943 14.616686840722 0.5781250000 -0.7963685727
774.60073 16.2362152812099 0.4687500000 1.8940230702
712.60271 20.2896396465817 0.5781250000 -0.2813578151
796.70248 18.7920251571022 0.4687500000 0.0178285501
811.66875 16.5864032197892 0.5781250000 0.0165734701
682.63440 19.037569606701 0.5781250000 0.1743988818
740.63401 20.5689674938009 0.4687500000 0.0000000000
1134.78740 15.346940214106 0.4687500000 0.0000000000
568.56632 15.451306688055 0.4687500000 0.0000000000
1134.78740 15.0179941635531 0.5781250000 0.0000000000
692.65514 17.5342247435258 0.5781250000 0.0000000000
742.53813 11.3931641140085 0.4687500000 -0.4375965546
664.58745 16.9059194033 0.5781250000 0.0000000000
742.53813 10.9538884115265 0.4687500000 0.0000000000
728.60350 12.3703602829537 0.5781250000 0.0000000000
796.54870 7.97134259044364 0.5781250000 0.0000000000
600.55615 16.6047355297481 0.5781250000 0.0000000000
684.55615 13.7310499656203 0.5781250000 0.0000000000
842.70796 17.4882012477371 0.4687500000 0.0000000000
770.56703 13.797233012235 0.4687500000 -1.3380622841
672.54090 8.20773676598412 0.4687500000 0.0000000000
909.54876 9.52944471960353 0.5781250000 0.0000000000
768.55378 12.8432310112672 0.5781250000 -0.0288677875
451.45205 17.3397220101266 0.4687500000 -0.0571758848
694.63440 18.3553007082915 0.4687500000 2.0160068701
836.54121 9.66111197969298 0.4687500000 0.1308523034
742.64966 20.6011187736777 0.4687500000 0.0000000000
650.57180 15.9704632345045 0.5781250000 0.0000000000
808.58508 10.0363339847443 0.5781250000 -0.0037087480
692.63401 21.041892340345 0.5781250000 0.4449030879
641.51395 15.1740289860443 0.5781250000 0.6114231724
766.53923 11.4782118136062 0.5781250000 -0.5857763420
830.56703 9.26299199256904 0.5781250000 0.0000000000
1024.67785 8.65224253047407 0.5781250000 1.4246742247
808.66610 15.0654361565242 0.4687500000 1.8605619317
1108.77175 15.1342740346312 0.4687500000 0.0000000000
766.53923 11.9637099189358 0.5781250000 0.0983222269
592.49355 4.9402285411521 0.4687500000 0.0000000000
680.63401 21.0205391312414 0.4687500000 -0.0501221915
826.54401 7.42890087014012 0.4687500000 0.0000000000
826.53573 7.43053805823641 0.5781250000 0.0000000000
578.30996 4.01765601032919 0.4687500000 0.0000000000
832.70248 19.1785617031494 0.4687500000 2.0322207499
940.60381 12.0061833729497 0.4687500000 0.7729220265
716.52358 11.9465095907597 0.4687500000 -0.2379478944
790.69192 18.9613743988494 0.5781250000 2.2624289665
750.66062 19.4397721180416 0.5781250000 -0.2529416987
970.71892 14.152363837516 0.4687500000 0.0000000000
680.58237 17.21947713271 0.5781250000 -0.1890085718
826.53573 7.74611818368022 0.5781250000 0.0000000000
474.30615 1.6451602143514 0.4687500000 -0.2958483989
970.78345 19.5917473672994 0.4687500000 0.0000000000
794.49776 5.46257694858127 0.5781250000 0.1097737061
776.52358 10.597279058561 0.5781250000 -0.0732693754
962.91102 21.1182268551194 0.4687500000 -0.5045937898
952.83277 20.458637392069 0.4687500000 -30.7100151002
678.47045 4.03781475879018 0.4687500000 0.3720672672
848.54361 10.4299192267077 0.4687500000 0.0000000000
792.48101 7.38003461304003 0.4687500000 0.0000000000
936.80147 20.3239508673701 0.5781250000 0.0000000000
612.33070 2.13505952074836 0.5781250000 -0.1375711139
822.56435 6.98915339023115 0.5781250000 0.0000000000
822.56435 8.43735291513157 0.4687500000 0.0000000000
415.22550 2.2971871782529 0.4687500000 -0.1893169830
800.61638 13.1279830128862 0.4687500000 0.0000000000
796.51231 6.39891832833015 0.5781250000 0.0000000000
820.51231 9.20583662612468 0.4687500000 0.0000000000
670.64966 21.4265644864745 0.5781250000 0.0000000000
590.34635 2.71744863036992 0.5781250000 -0.0484097648
912.80147 19.786720202544 0.4687500000 0.0000000000
840.57251 6.5611544030305 0.5781250000 0.0000000000
840.57251 6.99006307663248 0.5781250000 0.0000000000
297.24352 3.67371959514229 0.4687500000 0.1164191832
854.56943 8.76940203453354 0.4687500000 0.5199206425
854.56943 9.30511668582244 0.5781250000 0.1378989587
734.47663 7.85423995381365 0.4687500000 0.0000000000
816.64768 14.1567685630827 0.5781250000 0.0000000000
818.56943 10.6752780889912 0.4687500000 1.6005535500
846.60073 10.2250847957101 0.4687500000 0.1054629084
874.55926 7.78244762153085 0.4687500000 0.0000000000
768.51740 7.92862167289972 0.4687500000 0.0000000000
822.60073 11.6133237959531 0.4687500000 -0.2989612088
994.78582 19.7892142749866 0.5781250000 0.0000000000
776.52248 7.68767677248695 0.5781250000 0.0000000000
790.59565 10.1741571526494 0.5781250000 0.0000000000
900.61130 13.3894818630432 0.5781250000 0.0000000000
822.52796 7.86313854524781 0.5781250000 0.0000000000
279.15909 2.08814028821953 0.5781250000 -0.1753073512
824.54471 12.6215207088815 0.5781250000 0.0000000000
904.54980 8.14853124545839 0.5781250000 0.0000000000
942.75452 19.6028425657993 0.5781250000 0.0000000000
794.53305 5.40879971691005 0.4687500000 0.0000000000
918.81203 19.3009013520459 0.4687500000 2.1168192200
910.78582 20.5091294842484 0.5781250000 -0.0856973485
822.56194 7.2826229910224 0.5781250000 0.0000000000
848.61638 11.5896624503375 0.4687500000 0.0000000000
916.73887 19.687053728927 0.5781250000 1.7319607520
766.65553 17.2361887475667 0.5781250000 -0.1902806234
864.80147 20.3671931500569 0.4687500000 -0.3894745190
826.56036 8.89322465729424 0.5781250000 -0.1085379505
806.72322 19.2355055086854 0.4687500000 0.0000000000
806.72322 19.9441742952686 0.5781250000 -1.8515194308
826.59675 11.3604975803528 0.4687500000 0.0020096442
810.71813 18.8814848582909 0.5781250000 0.0588451101
810.71813 19.0531617797204 0.5781250000 0.2094174881
810.75452 19.9849887103618 0.5781250000 -0.4142054401
819.64731 19.4473886504971 0.5781250000 0.0000000000
634.61327 17.2609706958659 0.4687500000 1.7968702416
634.61327 17.046546987421 0.4687500000 2.0318702773
850.78582 21.0328132545998 0.4687500000 0.4790822362
848.77017 18.1875551675254 0.5781250000 -1.0794945634
846.75452 20.3996068946452 0.4687500000 0.3085484996
844.73887 20.1003227634172 0.4687500000 -0.5792328096
840.70757 19.5456883292014 0.4687500000 0.0000000000
419.25680 3.70931000022401 0.5781250000 -0.3513948051
834.75452 20.5419295597483 0.4687500000 -0.2803003300
820.73887 20.3870925868491 0.4687500000 -0.7086257795
838.78582 21.0177456000067 0.5781250000 -1.0960020909
820.73887 20.4635039794541 0.4687500000 -0.7086166697
846.62296 14.1480869236257 0.5781250000 0.0205196277
762.58785 18.9646196899545 0.5781250000 0.0917332270
848.61638 12.4766974271809 0.5781250000 0.0000000000
873.69426 19.9600399364991 0.5781250000 0.0000000000
500.27717 1.80526225662231 0.4687500000 0.0000000000
914.81712 20.8205031467714 0.4687500000 -0.6039168973
914.81712 20.1061089271613 0.4687500000 -29.8270473210
919.73613 19.1677797138039 0.4687500000 2.0936639601
594.37655 3.63708330876173 0.5781250000 0.0000000000
782.53415 13.6397363078019 0.4687500000 0.0000000000
906.75452 20.0215279646577 0.5781250000 1.4685171149
907.77251 26.3700618026339 0.4687500000 0.0000000000
800.54361 11.5977043071417 0.5781250000 0.0000000000
778.53573 9.10865057062369 0.4687500000 0.7974806496
844.58508 10.7854915782518 0.4687500000 0.0000000000
896.77017 20.1628227835612 0.5781250000 -0.7304622873
940.60621 12.272387208172 0.4687500000 0.7730279306
890.81712 20.3922009142705 0.4687500000 -0.5029158132
890.81712 20.2140279003404 0.5781250000 0.0000000000
774.52906 6.77889265692154 0.5781250000 0.0000000000
297.24352 3.67371959514229 0.4687500000 0.1164191832
656.58237 18.1953468075651 0.4687500000 -27.8136301039
806.59166 12.3291959793821 0.4687500000 -0.0632608354
886.78582 19.6966578494945 0.5781250000 1.8940550954
891.70483 18.8863638533251 0.5781250000 0.0000000000
754.69192 18.7537397440771 0.5781250000 0.8752656911
754.69192 18.9316579655695 0.4687500000 0.7286187873
796.54629 7.98897680006058 0.4687500000 0.0000000000
870.75452 20.3412563136878 0.5781250000 0.1388698663
786.52796 8.31755657965752 0.5781250000 0.0000000000
886.56036 6.96652449498132 0.5781250000 -0.1719016213
690.50683 10.2633397689426 0.4687500000 0.0000000000
1010.91102 20.8292256386248 0.5781250000 0.0000000000
838.69192 18.8158373469008 0.4687500000 1.8187276901
824.54361 10.7181607840464 0.4687500000 0.0000000000
828.55138 8.70478008207161 0.5781250000 -0.4352913675
810.59833 14.2968601810478 0.4687500000 0.2355472901
778.53813 6.85727614892335 0.5781250000 0.0000000000
1008.89537 21.1674514292546 0.5781250000 1.6534345196
804.61130 11.6613723077388 0.5781250000 0.0000000000
968.86407 21.0233859718751 0.4687500000 -0.3787517030
838.69192 19.2785591862241 0.5781250000 1.7653835920
940.83277 20.7497846482681 0.4687500000 0.0000000000
806.56943 10.3150696441416 0.5781250000 -0.1025472710
986.91102 20.8580526666136 0.5781250000 -0.3916191418
860.54121 8.65870550996592 0.5781250000 0.0000000000
940.73887 19.3919776691838 0.4687500000 -0.3367219078
808.70248 19.53252474725 0.5781250000 2.0329528718
628.36200 2.740829679828 0.4687500000 0.0711128792
852.55138 7.82364064179835 0.5781250000 0.0000000000
832.54870 11.3722044632676 0.5781250000 0.0000000000
624.62892 18.080783619151 0.5781250000 0.0578893068
976.83277 20.5932494912448 0.5781250000 0.3737215897
512.29940 1.8988154721447 0.5781250000 -0.0370601515
1004.86407 21.0179301694015 0.5781250000 0.0000000000
818.49666 7.64414006691952 0.5781250000 0.0000000000
834.71813 18.4029145964906 0.5781250000 0.0000000000
582.50920 12.7753852773845 0.5781250000 1.8482619202
840.57491 6.39393155746639 0.5781250000 0.0000000000
742.53813 11.1492621359779 0.5781250000 0.0000000000
736.49228 8.51287416030218 0.4687500000 0.1812452984
840.57491 6.56318676086745 0.5781250000 23.7552151031
828.55138 8.50758787087697 0.4687500000 0.0000000000
758.53305 9.56620509239456 0.4687500000 0.0000000000
840.57491 6.07030481037946 0.5781250000 2.6637523912
934.87972 20.9370845076923 0.5781250000 -0.2896689130
798.52796 7.58688371826229 0.5781250000 0.0000000000
840.57491 6.98302179574783 0.5781250000 22.4369024963
971.70991 19.4800049739226 0.4687500000 0.0000000000
826.53573 8.05664216501058 0.5781250000 0.0000000000
1010.91102 21.3809305163438 0.5781250000 0.0000000000
840.57491 7.24425473313992 0.5781250000 0.0000000000
326.34174 5.72823548083821 0.4687500000 0.4995626621
760.64497 19.1452866048731 0.6875000000 0.2325355941
666.61836 20.9163576335506 0.6875000000 -0.1499091841
748.54870 7.53976224564786 0.6875000000 0.0000000000
718.64966 20.7345479674261 0.6875000000 0.6566440434
640.60271 20.8730521925162 0.6875000000 0.0000000000
988.92667 21.1107415457453 0.6875000000 -0.7468901065
658.40544 3.61046134045157 0.6875000000 0.0000000000
827.55963 7.71119040490319 0.6875000000 -0.1081568772
770.56943 13.7949172257704 0.6875000000 -0.1881547446
782.65045 15.1582073084874 0.6875000000 -0.0639092676
857.51856 7.51366050660253 0.6875000000 -0.0832317592
582.28375 2.16568011387043 0.6875000000 0.1122453925
790.53923 10.8349915198868 0.6875000000 -0.0391057217
818.59166 11.746784880334 0.6875000000 0.0544999791
754.53813 7.21731266224712 0.6875000000 0.0000000000
713.56906 18.0533920310098 0.6875000000 0.0160029528
391.22550 1.95022124283357 0.6875000000 -0.0759736997
864.57601 9.271659570933 0.6875000000 0.0479356899
858.62296 14.4865074634277 0.6875000000 -0.0472084539
772.51341 5.96456573024283 0.6875000000 0.4915983853
902.81712 20.9108048706781 0.6875000000 -0.0130093517
748.49228 8.77720742785254 0.6875000000 0.1138642982
840.64768 14.7822018531406 0.6875000000 -0.2867770935
587.40593 3.02881482781673 0.6875000000 0.0536427983
880.71774 19.7805826656054 0.6875000000 0.4187970162
742.53813 11.5687569218062 0.6875000000 0.0000000000
920.82768 20.4830579070842 0.6875000000 0.2786704755
628.35849 3.85206451276393 0.6875000000 0.0000000000
600.32719 2.9382701936241302 0.6875000000 0.0000000000
716.56711 9.64189199345199 0.6875000000 0.0000000000
662.57180 16.0205121754695 0.6875000000 0.0000000000
860.60937 7.92503841474245 0.6875000000 -0.3326431234
714.61836 20.4773139342567 0.6875000000 0.0438251465
772.51341 6.98020684902401 0.6875000000 0.5684416835
770.56943 14.0563745517994 0.6875000000 0.0000000000
734.62932 18.7524257712838 0.6875000000 0.0000000000
660.55615 14.1730374212904 0.6875000000 0.0000000000
920.77017 20.2206750068248 0.6875000000 -0.1502235441
772.58508 14.8183615857382 0.6875000000 -0.3373920678
582.50920 12.5131635258936 0.6875000000 2.1246116345
539.43062 4.05616896686207 0.6875000000 0.0000000000
638.57180 16.4073643619277 0.6875000000 -0.0158830006
770.56943 13.7982120308637 0.6875000000 -0.2785897322
964.83277 19.941587796613 0.6875000000 0.0000000000
624.55615 15.5823917350051 0.6875000000 0.0000000000
940.83277 20.1661815948031 0.6875000000 -0.1250326154
858.60073 9.63352025319336 0.6875000000 0.0184841580
974.81712 20.384280103872 0.6875000000 27.4309241467
860.60223 7.88585511404219 0.6875000000 -0.0103110140
764.52358 10.4697163186512 0.6875000000 0.0721766123
1002.84842 20.7777363196825 0.6875000000 0.0000000000
796.58508 10.5598451276684 0.6875000000 -0.0292642481
639.49830 13.3423273390183 0.6875000000 -0.4992832801
827.55963 7.71119040490319 0.6875000000 -0.1081568772
876.55966 7.67783157205526 0.6875000000 -0.6448061608
794.57053 14.3596110292374 0.6875000000 -0.2602717665
1006.87972 20.4391355232986 0.6875000000 0.0000000000
633.50887 8.41454721275307 0.6875000000 -0.3180135251
776.54471 8.56905255440471 0.6875000000 0.1475877906
732.44573 3.9558180703373 0.6875000000 0.0326939752
998.81712 20.324465212769 0.6875000000 0.0000000000
820.51341 10.3338103400281 0.6875000000 -0.0335424799
904.59096 9.52193022737572 0.6875000000 -0.2001718365
678.39878 3.38303720394832 0.6875000000 -0.1075707257
844.60621 7.61999523216409 0.6875000000 0.0000000000
848.77017 20.6807771811994 0.6875000000 0.3265684502
714.50793 10.6346404336776 0.6875000000 -0.1012311152
951.74121 20.2440568300512 0.6875000000 0.0000000000
889.58116 11.4035752748231 0.6875000000 -0.0616724059
771.63745 16.0121158351908 0.6875000000 0.0000000000
832.60731 12.9683338889536 0.6875000000 0.0582569616
792.55378 11.5036067657378 0.6875000000 0.2136895826
893.66296 18.9258016594971 0.6875000000 -28.1059014520
784.64497 18.4519098295377 0.6875000000 0.0000000000
784.64497 18.5061961041781 0.6875000000 0.0000000000
838.63203 13.2259585884285 0.6875000000 -0.4730477626
703.58471 19.034943597028 0.6875000000 0.0000000000
810.60073 11.843308732296 0.6875000000 0.0929504429
807.50291 7.43071866250971 0.6875000000 0.1928884569
827.55963 7.71119040490319 0.6875000000 -0.1081568772
1034.91102 21.1509599448459 0.6875000000 0.0000000000
630.50920 10.3275777366483 0.6875000000 0.0000000000
912.80147 20.4616649087917 0.6875000000 0.0000000000
860.61398 12.8436534231233 0.6875000000 0.0000000000
832.58508 9.52978056734568 0.6875000000 -0.0403509346
1122.78740 15.8363295455154 0.6875000000 -0.0019357070
794.53415 9.89714753220415 0.6875000000 0.2639889325
805.62180 11.9884327858594 0.6875000000 0.0000000000
768.55378 12.0939846851885 0.6875000000 -0.2057578689
866.59166 9.92024020757231 0.8125000000 -0.2156047101
558.50920 14.4930865314761 0.8125000000 -28.2184812944
866.59166 11.3918812773896 0.8125000000 -0.0251056902
718.53813 12.6119143033882 0.8125000000 0.0000000000
892.73887 19.5021780171159 0.8125000000 0.4918791935
852.57601 9.1575747483828 0.8125000000 -0.0858965012
605.47516 15.2824436412883 0.8125000000 0.0000000000
764.55646 11.1847196551103 0.8125000000 0.1706193495
700.48878 7.51491353390292 0.8125000000 0.0000000000
782.68683 18.1693132593408 0.8125000000 0.0000000000
766.53573 9.20532126393346 0.8125000000 -0.0541921308
831.50291 6.78658871939567 0.8125000000 0.0000000000
558.50920 14.6358506551898 0.8125000000 -28.2087859318
758.46138 3.8462541015738 0.8125000000 0.0000000000
924.59714 6.44189087338189 0.8125000000 -0.0803900474
591.49590 16.2122872123923 0.8125000000 0.1685231499
526.29392 2.86628042953785 0.8125000000 -0.0053090778
740.52248 9.29037375530442 0.8125000000 0.0000000000
864.80147 20.9858952501716 0.8125000000 -0.2221845814
718.53813 12.5773093985538 0.8125000000 -0.0092032585
848.56584 4.59011008861944 0.8125000000 0.0000000000
898.65426 14.8815554206521 0.8125000000 -0.0160725917
878.81712 21.2157968899821 0.8125000000 0.0243693226
834.71813 18.4485323971623 0.8125000000 0.0000000000
591.49830 16.2051605704834 0.8125000000 0.1648481442
642.61836 21.2138729018903 0.8125000000 0.0000000000
862.63203 12.2833803435442 0.8125000000 0.0000000000
884.77017 19.3221372557493 0.8125000000 -1.3811377454
836.61398 14.570955316115 0.8125000000 0.2254171386
906.62296 12.2694733747612 0.8125000000 0.1199135587
665.51395 14.8451470102648 0.8125000000 0.0000000000
762.50793 9.88437228359852 0.8125000000 0.2724481440
873.69426 20.1698019502014 0.8125000000 0.0000000000
734.62932 18.5910462984725 0.8125000000 0.0000000000
690.60310 16.9847488289727 0.8125000000 0.0000000000
886.78582 20.5689864060295 0.8125000000 -0.0959858272
734.62932 18.0313215530983 0.8125000000 0.0000000000
754.53573 10.1538623908481 0.8125000000 0.1215621953
369.35158 21.1707662960087 0.8125000000 -0.1044590391
682.54050 12.2558316489976 0.8125000000 0.0000000000
752.52248 8.40281504295583 0.8125000000 0.0000000000
780.55378 8.62808563887929 0.8125000000 0.0637540407
686.57180 15.9654149812827 0.8125000000 0.0000000000
856.64260 13.9341442612362 0.8125000000 0.2581173990
593.47757 4.55185692542188 0.8125000000 -0.1841387280
960.89537 21.0543832240577 0.8125000000 0.2524554374
608.59762 17.1278515911952 0.8125000000 0.0000000000
804.55138 9.80440119660059 0.8125000000 0.1367960170
930.84842 21.0342588558108 0.8125000000 0.0414309693
922.78582 20.3539450232585 0.8125000000 -0.2473672357
956.79130 18.2809158884653 0.8125000000 0.0639063895
778.69192 17.9411885302442 0.8125000000 0.3767430438
820.51231 7.22694746136388 0.8125000000 0.0000000000
860.61398 13.3799551707263 0.8125000000 0.0000000000
848.60937 8.31997001575712 0.8125000000 -0.1195767024
680.63401 20.9741333105279 0.8125000000 -0.0807800932
887.56200 9.03211311526418 0.8125000000 -0.1151921613
580.32561 4.70399939122124 0.8125000000 0.0000000000
866.59056 8.48356825144931 0.8125000000 0.0343002650
804.51740 9.11919690134941 0.8125000000 0.0000000000
716.52248 10.7508630510489 0.8125000000 -0.1056963353
662.64457 17.870110823799 0.8125000000 0.1281685372
804.51850 11.3263225046212 0.8125000000 0.0000000000
968.77017 19.7574627327258 0.8125000000 3.8871813125
764.52248 9.08166283994999 0.8125000000 -0.1374809296
836.73378 18.2878433172025 0.8125000000 -0.0640103242
782.63792 9.11959454265665 0.8125000000 0.0000000000
858.60073 9.39929989853473 0.8125000000 0.0526079147
791.61366 12.3881898744884 0.8125000000 0.0000000000
922.84333 19.9170818205574 0.8125000000 0.0000000000
862.69192 18.8890142787847 0.8125000000 0.7458953124
909.54986 8.85308910423651 0.8125000000 0.1267243256
878.78073 19.6686886948245 0.8125000000 -27.6562974286
974.75022 16.9362575111927 0.8125000000 0.0000000000
927.81720 20.755136055392 0.8125000000 0.1791146541
910.80695 19.639266776861 0.8125000000 1.6444717518
836.54361 4.80313582363978 0.8125000000 0.0000000000
783.63745 12.5822459095545 0.8125000000 0.0000000000
808.73887 19.4789433221002 0.8125000000 -26.2854519652
757.62180 10.582432341997 0.8125000000 -0.0070728799
792.57601 11.5524762918147 0.8125000000 -0.0264922763
998.81712 20.5375483102129 0.8125000000 0.0000000000
766.53813 11.4098198392024 0.8125000000 0.0602499058
972.73457 15.5643539966878 0.8125000000 0.0000000000
766.53573 10.1042840974005 0.8125000000 -0.1417847382
860.54361 5.9976161847069 0.8125000000 0.7072485126
764.52248 10.0117698170554 0.8125000000 -0.0213669035
996.80147 20.2808981984853 0.8125000000 0.0000000000
662.57180 15.4290186726661 0.8125000000 0.0000000000
898.78582 20.4625150733069 0.8125000000 0.0356469987
645.54525 17.326768853654 0.8125000000 1.8480166712
700.57220 10.2433176901315 0.8125000000 0.0000000000
899.76983 19.5192648001211 0.8125000000 0.0000000000
738.50683 9.06434144561287 0.8125000000 -0.0455234893
766.53573 12.6762752449308 0.8125000000 -0.0652731203
788.52008 13.188931568567 0.8125000000 0.1370936859
857.67533 14.8225245983435 0.8125000000 -0.0347175621
840.57601 9.74422867036594 0.8125000000 0.0478585657
636.55615 15.2007447017287 0.8125000000 0.0266713911
664.58745 16.5915303155701 0.8125000000 0.0000000000
778.53573 9.27395638253587 0.8125000000 -0.0750331997
790.53923 12.0710857916984 0.8125000000 0.0342239826
798.59833 12.2436626760011 0.8125000000 0.0000000000
926.74435 16.8933009556608 0.8125000000 0.0000000000
898.78582 20.6126099765998 0.8125000000 0.0854911629
594.37655 2.99198249115227 0.8125000000 0.0000000000
926.74435 17.5858811997927 0.8125000000 0.2083271059
828.69231 17.2137732777944 0.8125000000 -0.3318703513
953.75686 20.3308731897674 0.8125000000 0.0000000000
944.77017 19.7557496249126 0.8125000000 0.2116502520
904.76000 17.7429242930023 0.8125000000 0.0000000000
928.59096 9.0351711901142 0.8125000000 0.0000000000
808.58508 9.57275303253541 0.8125000000 -0.0319294107
888.57251 10.3234294327613 0.8125000000 0.1378063916
976.83277 20.7679484889391 0.8125000000 0.0000000000
926.81712 20.8472913641354 0.8125000000 0.0374893742
606.50920 11.3664559785921 0.8125000000 1.8180350144
920.77017 19.6194986597358 0.8125000000 0.7510402890
660.55615 14.7983884212096 0.8125000000 0.0168427295
808.58508 12.0302760705724 0.8125000000 0.1044190719
882.60073 11.2291958892711 0.8125000000 -0.2315408102
790.53923 11.3707863287423 0.8125000000 0.4561805427
766.53813 10.5906541623826 0.8125000000 -0.1908265829
612.55615 16.2959897737381 0.8125000000 0.3779054993
926.81712 20.8231705070098 0.8125000000 0.0346773525
792.55488 13.6628891651468 0.9375000000 -0.2574213272
587.40822 3.02760195502158 0.9375000000 0.0168180455
686.57180 15.4507181641884 0.9375000000 0.0000000000
814.56036 8.70784836086253 0.9375000000 0.0364663303
828.56250 7.70033268976266 0.9375000000 -0.0454265774
828.56312 7.70033268976266 0.9375000000 -0.0119932442
686.57180 14.8685647194608 0.9375000000 0.0000000000
781.48726 7.15971061618098 0.9375000000 0.0465925741
904.59096 9.65470530168122 0.9375000000 -0.1882784629
842.59166 11.1797763754823 0.9375000000 0.3114389484
766.53813 10.6408584802938 0.9375000000 -0.2288534882
848.54471 12.7158979315603 0.9375000000 0.0118476282
684.55615 14.0212976895966 0.9375000000 0.0000000000
734.49776 6.15760990380038 0.9375000000 0.0314416814
587.40822 3.02760195502158 0.9375000000 0.0168180455
764.52248 11.4149055732965 0.9375000000 -0.2048717448
778.53813 11.0364371463682 0.9375000000 -0.0180074287
790.56036 9.58067464557815 0.9375000000 0.0301298316
810.60073 10.6539352456157 0.9375000000 0.0171870126
752.55887 14.0124081160384 0.9375000000 0.1306979051
1016.77017 19.4037236732008 0.9375000000 0.1649295625
708.40934 2.72117811946089 0.9375000000 0.0371357216
792.57491 6.25706140767907 0.9375000000 0.0004186057
980.86407 20.3334856839622 0.9375000000 0.0000000000
770.49666 8.7233577179488 0.9375000000 0.0000000000
786.66062 18.7552834757157 0.9375000000 0.3358086885
742.53813 7.9032488405802 0.9375000000 0.0000000000
862.55926 6.14886646467297 0.9375000000 0.0239244066
838.55926 4.81403846069614 0.9375000000 0.0000000000
940.73887 19.2568685978849 0.9375000000 0.6627241043
840.57491 5.17233813631043 0.9375000000 0.0000000000
760.58508 13.6784031410833 0.9375000000 -0.0252610950
1004.86407 20.7677610825149 0.9375000000 0.0000000000
1004.86407 20.8282943621821 0.9375000000 0.0000000000
784.64497 18.1130067841994 0.9375000000 0.0000000000
788.54361 5.03673171860434 0.9375000000 0.1202188621
1010.91102 21.2903281116972 0.9375000000 0.0000000000
782.68683 18.6950798691491 0.9375000000 0.0000000000
764.52358 11.249843012875 0.9375000000 0.2299605756
928.76000 18.1150713059698 0.9375000000 0.0000000000
810.56435 9.73288587403672 0.9375000000 -0.0653689684
932.77017 20.0116510240289 0.9375000000 0.0000000000
926.74435 17.7968690197008 0.9375000000 0.0000000000
794.56943 10.9076942958864 0.9375000000 0.0231050703
878.74435 18.7662066812243 0.9375000000 0.0719686177
974.91102 21.1054190039006 0.9375000000 -0.3039015116
638.57180 16.837530747892 0.9375000000 -0.4804914899
910.78582 19.5903718907248 0.9375000000 0.0000000000
674.43915 3.99701216912249 0.9375000000 -0.0818266483
840.70757 19.2947741222214 0.9375000000 0.0000000000
819.64731 19.2645504718872 0.9375000000 0.0000000000
860.77017 20.5551104196995 0.9375000000 -0.0543647744
528.30847 2.75739817509036 0.9375000000 -0.0423209661
872.77017 17.4569158865644 0.9375000000 -1.7214244426
765.60036 18.7723689624469 0.9375000000 0.1612508507
870.75452 20.1676760525226 0.9375000000 0.1507080195
870.75452 20.2184890366306 0.9375000000 0.1505834855
758.62932 17.6912907215723 0.9375000000 0.2126193277
646.61327 16.6655881288927 0.9375000000 -0.0260395568
882.75452 19.2639297982881 0.9375000000 0.0000000000
866.59056 6.64467757590123 0.9375000000 0.0000000000
689.56906 18.965613712175 0.9375000000 0.0000000000
888.80147 20.8119473955546 0.9375000000 -0.0134036686
890.81712 21.012173390491 0.9375000000 -0.1635368543
903.74121 26.4223197218448 0.9375000000 0.1492589862
648.62892 17.5698495820039 0.9375000000 0.1065491399
904.83277 21.1064113922071 0.9375000000 -0.3047617333
830.62695 9.47081111978543 0.9375000000 0.0000000000
920.77017 20.0271059755271 0.9375000000 0.0291630165
850.55926 9.97313958271886 0.9375000000 0.0000000000
792.51740 8.51720523089222 0.9375000000 0.1633938233
652.66022 18.9565300323588 0.9375000000 0.0862533896
800.52248 7.25042467467313 0.9375000000 0.0000000000
610.54050 15.0388247279259 0.9375000000 -0.0638181606
502.37383 2.54547397014855 0.9375000000 0.0497941100
838.56036 8.02647337930021 0.9375000000 -0.3594746952
626.57180 16.9606438751328 0.9375000000 0.0000000000
907.70215 17.5619717156372 0.9375000000 0.0614130824
662.57180 15.5908266441928 0.9375000000 0.0000000000
640.58745 17.3168212821192 0.9375000000 -0.7012749231
907.70215 17.7316289680842 0.9375000000 0.0481908203
696.57728 15.8457917899866 0.9375000000 -25.8039063071
572.52485 15.3794694053575 0.9375000000 0.4756740304
779.60615 8.88831180841904 0.9375000000 0.0000000000
870.62296 12.2863974177693 0.9375000000 0.0412037157
716.63401 20.8641595968282 0.9375000000 0.1310175984
739.63876 16.900312756479 0.9375000000 0.0000000000
828.75921 21.4075115003261 0.9375000000 0.0000000000
298.31044 4.60763436225434 0.9375000000 0.0203699418
587.40822 3.02760195502158 0.9375000000 0.0168180455
790.53813 10.1376915294494 0.9375000000 0.0000000000
658.54050 12.8856863424462 0.9375000000 0.0000000000
812.54361 4.75777593475662 0.9375000000 0.0000000000
810.68175 16.368849155244 0.9375000000 0.0706629734
806.56703 10.7532530230852 0.9375000000 0.2090715143
814.55926 4.93970511985715 0.9375000000 25.1883820789
907.70215 17.2735716599763 0.9375000000 0.0478065425
818.55528 6.92229191705089 0.9375000000 0.2775618248
842.70796 17.694879108752 0.9375000000 0.0000000000
832.58508 10.2907777895735 0.9375000000 0.0082793105
755.60615 9.77593965244202 0.9375000000 0.0000000000
900.59714 6.12023959738057 0.9375000000 0.0000000000
960.82260 18.8231641035878 0.9375000000 0.0000000000
615.49830 14.7970414634254 0.9375000000 0.0000000000
608.35691 3.10659482580248 0.9375000000 -0.2578375974
933.71780 17.6915891918748 0.9375000000 0.0000000000
958.80695 18.8135919199941 0.9375000000 0.1000066479
933.71780 17.4551530890066 0.9375000000 0.0000000000
814.63203 12.6613429025469 0.9375000000 0.0000000000
796.54980 8.69745924566983 0.9375000000 0.0854940626
1036.92667 21.2203718984661 0.9375000000 0.0000000000
876.72870 17.4887805084043 0.9375000000 0.0000000000
872.56584 4.96633835499076 0.9375000000 -0.1382521195
796.58508 14.4598345498102 0.9375000000 -0.0086900297
1034.91102 21.6242738234341 0.9375000000 0.0000000000
400.34214 2.75683372821921 1.0000000000 0.2239595135
844.64370 15.9871121200936 1.0000000000 0.0976602145
756.55138 11.9555150360957 1.0000000000 0.0000000000
812.65514 18.911232777149 1.0000000000 0.0000000000
917.72048 18.7076729355266 1.0000000000 0.0000000000
916.79638 19.7921841218105 1.0000000000 -0.2727905817
858.75452 20.5596565742527 1.0000000000 -0.4178426208
688.58745 16.0393490043176 1.0000000000 0.0000000000
862.78582 20.7958659569877 1.0000000000 -0.2101347250
526.29282 2.29104696651524 1.0000000000 0.0000000000
835.53421 9.07165114702388 1.0000000000 -0.0858544969
794.56703 13.4993131154608 1.0000000000 -0.1472615733
748.64497 18.8205068382173 1.0000000000 0.0000000000
792.55378 12.2489819937957 1.0000000000 -0.0738898245
828.56312 7.70033268976266 1.0000000000 -0.0431242631
994.78582 19.9427527160353 1.0000000000 0.0000000000
660.55615 15.3663824574461 1.0000000000 0.0000000000
766.53813 7.65739773700549 1.0000000000 0.0000000000
966.84842 20.8354479557231 1.0000000000 -0.0568276625
858.59833 11.798831533089 1.0000000000 -0.0437097067
954.77565 18.8474141098594 1.0000000000 0.0478315325
768.55378 11.5990952444136 1.0000000000 0.1725052944
594.58197 16.5808252982973 1.0000000000 -0.1329524087
821.62658 12.2074870089472 1.0000000000 0.0000000000
782.68683 19.4732445342659 1.0000000000 0.0000000000
825.68440 14.7942929438249 1.0000000000 0.0000000000
785.65310 13.0593623394444 1.0000000000 0.0998215794
806.56943 10.7447375430588 1.0000000000 0.0724992770
312.32609 6.04525990208375 1.0000000000 -0.0541094280
920.82768 20.6273148520773 1.0000000000 0.3073884504
996.80147 20.212933606418 1.0000000000 0.0000000000
996.80147 20.0499702842408 1.0000000000 0.0000000000
844.51341 9.89377038181134 1.0000000000 0.0739722685
860.54121 8.47092903531008 1.0000000000 0.0000000000
885.54986 9.39242550148017 1.0000000000 -0.0808197861
940.83277 21.0017683424938 1.0000000000 0.0000000000
832.64260 12.320496784545 1.0000000000 0.0141067536
736.49228 8.97475847568944 1.0000000000 0.0322481478
766.53573 12.2186684930661 1.0000000000 0.0898355769
907.69974 17.5044412299098 1.0000000000 0.0605316693
658.54050 14.1221329561315 1.0000000000 0.0000000000
716.52248 10.5192519460083 1.0000000000 0.0980984402
942.75452 19.8410686516691 1.0000000000 0.0000000000
688.60271 20.4871782455611 1.0000000000 0.0440827134
786.60073 11.535491056944 1.0000000000 -0.0488368177
804.55378 8.34116613876049 1.0000000000 0.1777420701
