"m.z" "r.t" "p.value" "t.score"
956.77017 19.9634717117313 0.0000920533 -32.5291708081
872.57759 11.4901192517225 0.0000358813 -2.7663509101
880.76000 18.8551280257099 0.0000358813 -4.1287625673
860.61638 10.814572123533 0.0000730563 -32.5676558666
860.61638 10.4766470056212 0.0000730563 -32.5095408274
580.56632 15.6431414919584 0.0000578099 -3.1796878481
539.43062 4.05616896686207 0.0000730563 -32.7161190575
806.68683 17.5470926919131 0.0000358813 -33.7362064144
644.59762 15.2198626568904 0.0000730563 -32.5391884551
942.81203 20.5328877850625 0.0000358813 -2.7437447247
942.81203 20.1232368911019 0.0000358813 -2.7223970766
634.61327 17.046546987421 0.0000358813 -2.6243115058
634.61327 17.2609706958659 0.0000358813 -2.3809605187
816.55138 9.00539700019513 0.0000920533 -32.5517641107
624.32719 2.37772744078826 0.0000730563 -32.5818155911
770.56943 12.3151054857801 0.0000920533 -32.5662590166
743.60615 14.7694142748399 0.0000578099 0.0000000000
802.53573 8.15660751544341 0.0000578099 -32.5355785040
626.34284 3.15904989717205 0.0000730563 -32.5597587289
942.81203 19.4462315033979 0.0000358813 -2.3033806577
932.77017 19.8525281248487 0.0000730563 -32.4743370493
942.81203 19.2286735879301 0.0000358813 -2.4989084407
776.52008 7.4031156410416 0.0000920533 -32.4628977045
674.64457 17.6769971067008 0.0000730563 -32.5346900052
819.61093 10.7711743305582 0.0000358813 -1.8914354802
857.51856 6.78720399650259 0.0000157586 -1.8088609230
932.73378 18.7780916692925 0.0000358813 -2.7083115235
826.53573 8.05664216501058 0.0000920533 -32.5334213634
826.53573 7.74611818368022 0.0000920533 -32.5994383291
620.59762 16.7396977575606 0.0000358813 -2.3756480463
966.84842 20.353538437359 0.0000358813 -4.8760555264
864.64768 14.4603596661296 0.0000358813 -2.4274718486
862.63203 12.2833803435442 0.0000920533 -32.5477971610
862.63203 11.9512535006425 0.0000730563 -32.4930061735
916.60381 13.1587670191815 0.0000920533 -32.5527265624
608.59762 17.1278515911952 0.0000920533 -32.5171673075
752.52008 7.93427582991434 0.0000920533 -32.6931049998
564.53502 13.016760221587 0.0000920533 -32.5404577907
694.59802 17.7874457901788 0.0000358813 -28.4031745757
793.55889 8.66615893672386 0.0000920533 -32.5812488736
818.56703 10.0990382757739 0.0000358813 -2.1906964715
666.63949 17.0532694771335 0.0000730563 -32.5316311956
736.49228 7.94913734105586 0.0000157586 -31.3956677358
754.53813 9.88018527485945 0.0000358813 -2.4163019678
620.59762 16.4863827907993 0.0000358813 -2.6484325202
634.61327 17.6319395883584 0.0000358813 -2.1816810166
860.61398 14.0406008432365 0.0000920533 -32.5439756690
780.52901 7.25572502669142 0.0000920533 -32.5490284419
753.59050 8.67537806258626 0.0000730563 -32.5075551543
964.83277 20.4689942462704 0.0000730563 -32.5155173740
796.54629 7.98897680006058 0.0000920533 -32.5459481724
1040.95797 21.0951352585558 0.0000358813 -2.1754447792
907.53311 7.80151880012668 0.0000358813 -34.6829797025
640.60271 20.8730521925162 0.0000578099 -32.8496095675
832.70248 19.3221789584865 0.0000358813 -2.2589737414
891.70483 18.8863638533251 0.0000920533 -32.5144354350
763.63876 17.9344687427686 0.0000358813 -2.5940606830
832.70248 19.1785617031494 0.0000358813 -2.2002813157
886.78582 19.9591459073843 0.0000358813 -2.0003531875
593.51395 14.7986388488556 0.0000358813 -2.5351816950
774.60073 16.2362152812099 0.0000358813 -2.7083705774
832.70248 17.9104454003649 0.0000358813 -2.6449463923
808.66610 15.0654361565242 0.0000358813 -2.8237687011
832.70248 17.6077147587415 0.0000358813 -2.6695350795
808.66610 15.2926862036791 0.0000358813 -2.6980024398
779.60615 8.88831180841904 0.0000578099 -32.4181057623
825.68440 14.7942929438249 0.0000920533 -32.5092877141
927.61096 14.2420765502054 0.0000358813 -2.7361459814
791.61366 12.3881898744884 0.0000920533 -32.5330333356
783.45714 2.98186299648712 0.0000730563 -32.5740916651
860.61398 13.3799551707263 0.0000920533 -32.5730146753
552.53502 13.5982849335961 0.0000730563 -32.5406655430
860.61398 12.8436534231233 0.0000730563 -32.5361470485
618.58197 16.8515136611189 0.0000730563 -32.5398612129
780.67118 19.0957418247026 0.0000358813 -2.5685231369
780.67118 18.9099025139418 0.0000358813 -2.2025710262
755.60615 12.6154342502388 0.0000578099 -32.6010324690
568.56632 15.451306688055 0.0000920533 -32.5344788581
524.50372 11.3822844500956 0.0000730563 -32.5362597435
614.53542 5.02286815760841 0.0000730563 -32.6868064095
783.63745 12.5822459095545 0.0000920533 -32.4767995358
868.73887 19.5012183316609 0.0000358813 -2.5891104168
805.62180 11.9884327858594 0.0000730563 -32.4997993425
805.62180 10.0358196364818 0.0000578099 -32.4982926513
831.63745 12.5092239702787 0.0000358813 -2.6682690683
831.63745 12.3309298603856 0.0000358813 -2.7035080373
819.63745 13.1161312191406 0.0000730563 -32.5049413188
767.60615 12.7337436123045 0.0000920533 -32.5308552278
505.42623 9.42082750728656 0.0000157586 -3.0614112759
964.83277 20.746725863282 0.0000578099 -32.5044319526
803.66367 7.49280608940534 0.0000358813 -2.7121224658
1010.91102 21.2903281116972 0.0000730563 -32.5295398648
910.55686 9.90662773587235 0.0000730563 -32.4735034633
902.74435 17.2563816857018 0.0000358813 -2.2490185633
788.52248 10.6156606168787 0.0000730563 -32.5989910246
970.78345 19.5917473672994 0.0000920533 -32.5776328169
1071.00492 21.8021031932053 0.0000456114 0.0000000000
824.61638 11.9954974542944 0.0000358813 -2.6014592106
1026.94232 21.4520957667081 0.0000920533 -32.5380341354
860.54361 7.08624726430884 0.0000920533 -32.5363657365
860.54361 8.38474410173571 0.0000920533 -32.5653194212
860.54361 9.05982176456638 0.0000730563 -32.6020064782
881.68650 17.350154695584 0.0000920533 -32.5116471653
881.68650 17.4836337700889 0.0000730563 -32.5280301324
902.78073 19.570113456069 0.0000920533 -32.5498093827
748.54870 7.53976224564786 0.0000920533 -32.6339098391
848.54361 10.047191338987 0.0000730563 -32.5349064665
848.54361 10.4299192267077 0.0000578099 -32.4696871998
792.48101 7.38003461304003 0.0000730563 -32.5524793344
842.62695 9.03822113025416 0.0000920533 -32.6048435444
750.50443 6.90835286677073 0.0000358813 -2.5643131159
822.56435 7.46586625635427 0.0000920533 -32.5161731133
822.56435 8.43735291513157 0.0000920533 -32.5982726585
798.52556 9.96851421522603 0.0000358813 -2.8406967064
842.66333 16.0335957915798 0.0000920533 -32.5326263403
930.75452 19.5970339347887 0.0000920533 -32.5392089756
836.67627 18.6357788846501 0.0000920533 -32.5483385797
820.54870 9.30071755361875 0.0000920533 -32.5167041973
820.54870 7.51647340501577 0.0000730563 -32.5342231379
900.61130 13.3894818630432 0.0000920533 -32.5451003473
1040.95797 21.5668988741834 0.0000358813 -2.7469649356
1054.97362 21.6374852635058 0.0000358813 -34.3360765734
790.59565 10.1741571526494 0.0000920533 -32.5634143789
821.62658 12.2074870089472 0.0000578099 -32.7104580814
910.55926 9.20945876592457 0.0000730563 -32.5193229344
776.52248 7.68767677248695 0.0000920533 -32.4749831205
776.52248 7.23964423955735 0.0000920533 -32.5797935649
906.71813 16.7899063087552 0.0000358813 -2.7550916597
820.51231 8.44617022668243 0.0000578099 -32.6003718178
820.51231 9.20583662612468 0.0000730563 -32.5531075530
1036.92667 21.2203718984661 0.0000920533 -32.5119709273
666.53033 6.64359598509578 0.0000730563 -32.5308675094
866.66333 16.1311032822682 0.0000358813 -2.2413450319
888.64528 15.1423347059567 0.0000358813 -2.7187817083
561.48883 13.1581818237378 0.0000157586 -34.9224937482
814.50175 8.28706860620359 0.0000730563 -32.5463753403
818.56943 10.6752780889912 0.0000358813 -2.0540499569
822.56194 7.2826229910224 0.0000920533 -32.5855014943
800.61638 13.1279830128862 0.0000578099 -32.6645151728
826.63203 10.8441037589627 0.0000920533 -32.5925847582
818.49666 7.64414006691952 0.0000730563 -32.5484829110
798.59833 12.2436626760011 0.0000730563 -32.8417860806
878.58816 12.7629630372409 0.0000730563 -32.5430809953
844.58508 10.7854915782518 0.0000920533 -32.5975738788
878.56943 7.3036778221345 0.0000358813 -2.5621366751
1002.84842 20.7777363196825 0.0000578099 -32.4790781457
1034.91102 21.6242738234341 0.0000730563 -32.5424161708
1034.91102 21.1509599448459 0.0000456114 -32.6416571959
734.62932 18.7524257712838 0.0000920533 -32.5444039709
956.79130 19.4535207201066 0.0000920533 -32.5081464004
615.49830 14.7970414634254 0.0000730563 -32.4756614068
798.52796 10.0199104253459 0.0000358813 -2.8267772959
1149.88206 11.9145627667086 0.0000920533 -32.5312163949
800.52008 7.00529186720658 0.0000358813 -2.4096716921
956.79130 18.2809158884653 0.0000456114 0.0000000000
760.64497 17.9993307313395 0.0000358813 -2.3754906131
902.74435 17.6365384225453 0.0000358813 -2.6641046711
770.65045 17.6273221834902 0.0000578099 -5.8836700558
892.60381 14.3065056849868 0.0000358813 -2.6087320097
696.57728 15.8457917899866 0.0000456114 0.2975243938
824.54361 10.7181607840464 0.0000730563 -32.5366329583
776.58000 9.99120757874444 0.0000920533 -32.5447842614
842.56943 9.99018256168592 0.0000358813 -2.5058811369
804.61130 11.6613723077388 0.0000920533 -32.5818910843
848.61638 11.5896624503375 0.0000920533 -32.5482788762
936.76508 18.5186099282481 0.0000358813 -2.7125410106
838.55926 11.9920506155625 0.0000358813 -2.6902407421
838.55926 11.5171097840673 0.0000358813 -2.6877809160
860.54121 8.65870550996592 0.0000730563 -32.5589979565
860.54121 8.47092903531008 0.0000730563 -32.5413393643
860.54121 8.2015241960463 0.0000920533 -32.5435620342
838.55926 6.97461568849113 0.0000358813 -2.3034931428
1075.03622 22.2272700293582 0.0000456114 0.0000000000
838.55926 6.29566271833174 0.0000358813 -2.2089209746
838.55926 5.74322668110538 0.0000358813 -2.2650019226
872.58000 10.9374339665835 0.0000358813 -2.7726182763
768.55138 8.9843632360349 0.0000358813 -2.5634680264
838.55926 5.06340574600331 0.0000730563 -32.5169233151
936.76508 19.1179883382877 0.0000358813 -2.5171445630
1099.03622 22.0229615972476 0.0000578099 0.0000000000
1068.98927 21.7209722491142 0.0000578099 -31.0556799988
668.54598 7.98467547530437 0.0000456114 0.0000000000
834.52796 7.92853126333138 0.0000920533 -32.5649490033
838.55926 5.90826679290631 0.0000358813 -2.4187130028
730.54050 11.6714273823859 0.0000358813 -2.7165430911
682.64966 21.2500256419296 0.0000358813 -2.6350055086
953.75686 20.4907993543649 0.0000578099 -32.5515036281
692.61875 17.6306018998363 0.0000358813 -2.6178366781
692.52248 12.0416949597893 0.0000920533 -32.5639762398
952.83277 20.458637392069 0.0000920533 -32.9707865277
715.58471 19.0322109278503 0.0000358813 -2.1512545226
1000.92667 21.7006674697822 0.0000358813 -2.8892863731
812.65514 18.911232777149 0.0000920533 -32.5321277355
1000.92667 21.0634287715864 0.0000358813 -2.8273149284
996.80147 20.2808981984853 0.0000578099 -32.4458376400
996.80147 20.212933606418 0.0000578099 -32.4706150992
664.58745 16.9059194033 0.0000920533 -32.6254323262
790.69192 18.9613743988494 0.0000358813 -2.3410455461
996.80147 20.0499702842408 0.0000920533 -32.3780382967
930.60661 9.55844054400059 0.0000358813 -1.1396778979
890.72322 19.3382342296112 0.0000358813 -1.9284054101
890.72322 19.4435201936027 0.0000358813 -2.3161187048
762.50683 8.7867781831381 0.0000920533 -32.5510376136
890.72322 19.6916151495635 0.0000358813 -2.7115295927
812.52008 12.5446320617231 0.0000578099 -32.5901717764
912.80147 19.786720202544 0.0000920533 -32.3869859921
885.54635 7.7713487642378 0.0000920533 -32.5484066905
884.73378 17.9493702637135 0.0000358813 -2.1956320244
670.63440 18.5185223829866 0.0000358813 -1.9006471632
906.60661 10.9954806200241 0.0000730563 -32.5551908948
582.50920 12.5131635258936 0.0000358813 -2.3397378450
788.52248 8.630284343459 0.0000358813 -2.6427301854
690.60310 16.9847488289727 0.0000730563 -32.5268329143
690.60310 16.8133125031881 0.0000730563 -32.5120018923
936.80147 20.5558443683721 0.0000920533 -32.3087745305
938.81712 19.8425766580366 0.0000358813 -2.6008341888
884.73378 18.2921117320691 0.0000358813 -2.6494453912
884.73378 18.1777721222614 0.0000358813 -2.2645712819
914.58816 10.9428386356678 0.0000730563 -32.5453728607
953.75686 20.3308731897674 0.0000730563 -32.5196565661
665.51395 14.8451470102648 0.0000730563 -32.4856053266
642.61836 21.2138729018903 0.0000920533 -32.6034441918
652.58745 16.9354448595998 0.0000920533 -32.5192165537
728.60350 12.3703602829537 0.0000920533 -32.5249743074
598.54050 15.5084030975704 0.0000358813 -2.1474914022
955.77251 20.9201143944706 0.0000358813 -2.7672820020
736.49118 7.95376324806415 0.0000358813 -2.5332802288
918.81203 19.3009013520459 0.0000358813 -2.2860107235
971.70991 19.4800049739226 0.0000920533 -32.5431731709
858.71813 19.1482565223238 0.0000578099 -32.5088682111
980.86407 20.9952050110786 0.0000730563 -32.2814349199
1000.83277 20.5569187697393 0.0000358813 -32.3973246150
538.48299 6.64984389580239 0.0000358813 -34.9418086318
974.75022 16.9362575111927 0.0000920533 -32.5224785956
940.83277 21.0017683424938 0.0000730563 -32.4284346787
940.83277 20.7497846482681 0.0000730563 -32.4697330047
972.73457 15.5643539966878 0.0000730563 -32.4900795154
970.71892 14.152363837516 0.0000730563 -32.5767973264
670.64966 21.4265644864745 0.0000920533 -32.5439332272
908.73378 17.5335121646671 0.0000358813 -2.7561177459
1006.87972 21.0670194722587 0.0000578099 -32.3808364319
1006.87972 20.9550512295005 0.0000730563 -32.3774969645
946.71892 15.6794470700887 0.0000358813 -2.7283148679
740.52248 9.29037375530442 0.0000920533 -32.5398798193
762.50443 8.7639163553579 0.0000920533 -32.5486741397
688.58745 16.0393490043176 0.0000920533 -32.4547284356
938.78073 19.4082545818847 0.0000358813 -2.8170906315
582.50920 12.7753852773845 0.0000358813 -2.0522601409
878.61994 8.43416308088934 0.0000358813 -2.7182740790
806.56242 5.8302685831104 0.0000358813 -2.0867271058
686.57180 15.4507181641884 0.0000730563 -32.4081178116
686.57180 14.8685647194608 0.0000920533 -32.4384666035
684.55615 13.7310499656203 0.0000730563 -32.4823819748
946.78582 19.8770708820694 0.0000920533 -32.3792437538
744.59254 17.5258161752218 0.0000920533 -32.5358071712
951.74121 20.2440568300512 0.0000456114 -32.5980490004
830.56703 9.26299199256904 0.0000920533 -32.5608125611
838.69192 19.2785591862241 0.0000358813 -2.1828023235
600.32719 2.9382701936241302 0.0000730563 -32.6582260644
838.69192 19.1221229252974 0.0000358813 -2.4450943015
994.78582 19.7892142749866 0.0000920533 -32.6437121772
994.78582 19.9427527160353 0.0000730563 -32.3219044332
998.81712 20.324465212769 0.0000358813 -32.5042635246
998.81712 20.5375483102129 0.0000456114 -32.4025165658
610.50412 4.24553244043687 0.0000730563 -32.5866805751
610.50412 4.10610576732975 0.0000456114 -32.6658157318
918.68762 13.7460953575189 0.0000730563 -32.5457881832
624.55615 15.2359536765845 0.0000730563 -32.5425249294
838.69192 18.8158373469008 0.0000358813 -2.8056628605
628.35849 3.85206451276393 0.0000730563 -32.5697028346
822.52796 7.86313854524781 0.0000730563 -32.4328827555
660.55615 15.3663824574461 0.0000920533 -32.4912952002
1004.86407 20.8282943621821 0.0000578099 -32.4049836918
826.71305 17.9751998039885 0.0000358813 -2.6978327631
996.64655 6.94142941247537 0.0000920533 -32.5489042718
694.63440 18.3553007082915 0.0000358813 -2.3733359415
910.74943 17.7345957013036 0.0000358813 -2.7316567704
1136.80305 16.5401036363083 0.0000920533 -32.5582140147
694.63440 18.598961260615 0.0000358813 -2.3022596552
645.56051 18.3142285392967 0.0000920533 -32.3278650322
834.71813 18.4485323971623 0.0000920533 -32.5276438052
718.64966 20.9885479032109 0.0000730563 -32.6576149635
796.54870 6.73042125074951 0.0000730563 -32.5336928387
1134.78740 15.346940214106 0.0000920533 -32.5601607251
796.54870 7.97134259044364 0.0000920533 -32.5383511574
1134.78740 15.0179941635531 0.0000920533 -32.5671508775
727.56599 18.2335352367007 0.0000730563 -32.4941648512
575.46700 5.38680386869267 0.0000920533 -32.6323594008
592.49355 4.9402285411521 0.0000578099 -32.6233563708
828.55966 9.00662114892922 0.0000358813 -2.4284619684
919.73613 19.1677797138039 0.0000358813 -2.3077977362
1108.77175 15.1342740346312 0.0000920533 -32.5567873776
672.54090 8.20773676598412 0.0000920533 -32.5506922777
918.75452 19.1835581393877 0.0000920533 -32.5013160509
718.64966 20.7345479674261 0.0000358813 -32.7362889166
1024.67785 8.65224253047407 0.0000358813 -2.4809694714
742.64966 20.5986169077755 0.0000730563 -32.6313531209
916.73887 19.687053728927 0.0000358813 -2.3694506491
660.55615 14.1730374212904 0.0000920533 -32.4600984612
650.57180 15.9704632345045 0.0000730563 -32.5309332965
916.73887 19.4646229304789 0.0000358813 -2.4140502012
742.64966 20.6011187736777 0.0000730563 -32.6265883917
1004.86407 21.0179301694015 0.0000920533 -32.5631052012
842.70796 17.694879108752 0.0000730563 0.0000000000
512.46734 6.90917724543291 0.0000358813 -2.6900821953
641.51395 15.1740289860443 0.0000578099 -2.0947776335
920.77017 19.6194986597358 0.0000358813 -5.7068449016
662.57180 16.0205121754695 0.0000920533 -32.5571591190
892.73887 19.5021780171159 0.0000730563 -34.0528735672
1004.86407 20.7677610825149 0.0000578099 -32.4049836918
645.54525 17.326768853654 0.0000358813 -2.0700053021
956.73251 18.2063702884559 0.0000157586 -34.8316568523
622.54050 14.2298657740344 0.0000730563 -32.5246289931
716.63401 20.8641595968282 0.0000358813 -32.6488100410
746.68096 21.2352965492086 0.0000730563 -32.5466819081
1010.91102 20.8292256386248 0.0000730563 -32.2565489323
1008.89537 21.3493391355033 0.0000358813 -2.3516811859
662.57180 15.4290186726661 0.0000920533 -32.4230270404
662.57180 15.5908266441928 0.0000920533 -32.3747499900
778.53573 8.83688841170851 0.0000358813 -2.0382631569
744.66531 20.9369401257098 0.0000358813 -2.6765257741
1106.75610 13.4691689992642 0.0000358813 -2.7158012131
682.64966 21.2037438795692 0.0000358813 -2.6324691873
716.56711 9.64189199345199 0.0000730563 -32.5432166464
557.45644 4.03606346915314 0.0000920533 -32.5971609944
700.57220 10.2433176901315 0.0000578099 -32.5751668628
521.42005 4.56245991383664 0.0000358813 -2.3591797945
926.81712 19.9961071843996 0.0000358813 -2.1237181308
1022.66220 7.16196778049472 0.0000730563 -32.5429512034
907.77251 26.3700618026339 0.0000730563 -32.5289779816
1132.77175 13.3299254915796 0.0000920533 -32.5612101366
664.60271 20.6638709867292 0.0000358813 -2.1357663566
1008.89537 21.1674514292546 0.0000358813 -2.4136282049
906.75452 20.0215279646577 0.0000358813 -2.2089281000
684.55615 14.0212976895966 0.0001156510 -32.3483969393
848.61638 12.4766974271809 0.0001156510 -32.5146154806
770.56943 14.0563745517994 0.0001156510 -32.6602450218
762.50443 8.17792824107983 0.0001156510 -32.6779939962
800.52248 7.25042467467313 0.0001156510 -32.5494294264
873.69426 19.9600399364991 0.0001156510 -32.5124739157
974.81712 20.261442945698 0.0001156510 -32.2765434711
589.48025 14.6938891025669 0.0001156510 -32.5135423287
822.56435 6.98915339023115 0.0001156510 -32.5704823809
1010.91102 21.3809305163438 0.0001156510 -32.4519952473
624.55615 15.5823917350051 0.0001156510 -32.5054383992
835.53311 7.87810370052952 0.0001156510 -32.5184637124
834.71813 18.4029145964906 0.0001156510 -32.5152899655
778.53573 9.27395638253587 0.0001156510 -34.4515494341
934.78582 20.2942234800067 0.0001156510 -32.3380264964
889.57765 10.2944029330796 0.0001156510 -32.5288139019
858.71813 19.3689287705758 0.0001156510 -32.6284457772
745.62180 16.1458603866542 0.0001156510 -32.5545768229
686.57180 15.9654149812827 0.0001156510 -32.5150640570
754.53813 8.19847468907275 0.0001156510 -32.6609636608
900.55966 7.26078663209715 0.0001156510 -32.4838511925
748.64497 18.8205068382173 0.0001156510 -32.4882657679
754.69192 18.7537397440771 0.0001156510 -34.2918694050
754.69192 18.9316579655695 0.0001156510 -34.2850509896
790.53813 10.1376915294494 0.0001156510 -32.2191623675
752.52008 8.38462031932374 0.0001156510 -32.5270319744
852.55138 7.82364064179835 0.0001156510 -32.5800570642
658.54050 14.1221329561315 0.0001156510 -32.4815567968
819.64731 19.2645504718872 0.0001156510 -32.3898743205
819.64731 19.4473886504971 0.0001156510 -32.5323624360
771.63745 16.0121158351908 0.0001156510 -32.5283860701
770.56943 13.1877330009195 0.0001156510 -32.5816437546
854.72322 19.9405815392757 0.0001156510 -32.4897947211
682.54050 12.2558316489976 0.0001156510 -32.4624804195
862.63203 13.9793865361005 0.0001156510 -32.5688470647
756.55138 11.9555150360957 0.0001156510 -32.8858410452
936.80147 20.3239508673701 0.0001156510 -32.5190480839
932.77017 20.0116510240289 0.0001156510 -32.4929648902
734.62932 18.3386039538541 0.0001156510 -32.0137896164
700.48878 7.51491353390292 0.0001156510 -32.6413454817
860.77017 19.5521233850854 0.0001156510 -32.3145629597
976.83277 20.5932494912448 0.0001156510 -32.4707094141
909.54876 9.52944471960353 0.0001156510 -32.5099029364
743.60615 10.5243643238476 0.0001156510 -32.5679667102
800.54361 11.5977043071417 0.0001156510 -32.4908455105
626.57180 16.9606438751328 0.0001156510 -32.5145228191
742.53573 12.0805817474551 0.0001156510 -32.7061360548
755.60615 9.77593965244202 0.0001156510 -32.3282537298
742.53813 12.0213414389539 0.0001156510 -32.6252002313
752.52248 8.40281504295583 0.0001156510 -32.4700438524
762.50683 8.17303562964144 0.0001156510 -32.6757238259
742.53813 7.9032488405802 0.0001448735 -32.4487973266
750.50683 8.87963413499846 0.0001448735 -32.5106520374
884.54121 8.56678313424988 0.0001448735 -32.6220409326
916.60381 13.4903661896687 0.0001448735 -32.6276166017
928.59096 9.0351711901142 0.0001448735 -32.3903508399
826.53573 7.43053805823641 0.0001448735 -32.5515116218
766.53813 7.65739773700549 0.0001448735 -32.4822719757
526.29282 2.29104696651524 0.0001448735 -32.4746105089
873.69426 20.1698019502014 0.0001448735 -31.9009288075
664.58745 16.5915303155701 0.0001448735 -32.3363561998
964.83277 19.941587796613 0.0001448735 -31.9190985892
778.53813 6.85727614892335 0.0001448735 -32.6229870943
790.53813 9.86387168759099 0.0001448735 -32.2914283786
884.54361 8.41095632218902 0.0001448735 -32.6154346183
886.56036 6.96652449498132 0.0001600090 27.2860671402
912.80147 20.596400283124 0.0001809505 -32.3047349097
742.53813 11.5687569218062 0.0001809505 -33.2267824237
688.60271 20.4871782455611 0.0001809505 -32.8818166616
854.72322 19.7196279872418 0.0001809505 -32.4949450826
976.83277 20.7679484889391 0.0001809505 -33.0260045233
828.55138 8.50758787087697 0.0001809505 -32.4869906009
886.78582 19.6966578494945 0.0001809505 -2.6188197899
658.54050 12.8856863424462 0.0001809505 -32.4030236698
639.49830 13.3423273390183 0.0002253529 -31.4703399860
742.53813 11.3931641140085 0.0002253529 -32.7864846947
912.80147 20.4616649087917 0.0002253529 -32.2668742915
972.85898 20.1777156725036 0.0002798342 0.0000000000
974.81712 20.384280103872 0.0002798342 -32.7453753432
754.65553 17.7675590795001 0.0002798342 34.7877182873
914.81712 20.8205031467714 0.0002798342 -31.9753315334
615.49830 15.0490793396637 0.0002798342 -32.5086571061
1006.87972 20.4391355232986 0.0002798342 -31.9665410980
832.70248 18.9964478641512 0.0003464769 -2.3157787368
481.42514 4.04330644716952 0.0003464769 -2.3649773416
754.53813 7.21731266224712 0.0003464769 -32.4993918524
734.62932 18.5910462984725 0.0003464769 -32.3331579921
960.73457 16.4040791377762 0.0003464769 -1.5480437796
678.47045 4.03781475879018 0.0003464769 -7.6246680490
670.59802 18.7985306813644 0.0003464769 -32.8576807116
1097.02057 21.8577031791158 0.0003464769 -32.2835750547
808.70248 19.53252474725 0.0003464769 -2.2282420120
808.70248 19.7207297847253 0.0003464769 -2.4023285154
932.79130 17.8258773830643 0.0003464769 -35.3146521016
834.71813 19.7024842141707 0.0003464769 -2.4983163278
838.55926 5.42834274301472 0.0003464769 -2.4156759115
838.55926 5.56502084678931 0.0003464769 -2.8353688122
790.50175 8.11831765233682 0.0003464769 -34.2267695561
834.71813 19.5884635380838 0.0003464769 -2.1409660676
396.31084 0.98204159640549 0.0003464769 -32.1959023642
944.82768 20.8102044715988 0.0004277451 0.0000000000
884.77017 19.3221372557493 0.0004277451 0.0000000000
828.55138 8.70478008207161 0.0004277451 -32.4810685488
660.55615 14.7983884212096 0.0004277451 -32.5309318493
606.50920 11.3664559785921 0.0004277451 -4.8823361793
968.77017 19.7574627327258 0.0004277451 -32.1965272830
942.75452 19.8410686516691 0.0005265443 -32.4497340445
692.63401 20.9725110038892 0.0005265443 -33.2219497627
774.52906 7.87181094106 0.0006045313 0.0000000000
942.75452 19.6028425657993 0.0006462873 -32.2161525089
752.52008 8.13585410742861 0.0006462873 -32.3681680849
876.57601 8.19824993908171 0.0007242603 0.0000000000
734.62932 18.0313215530983 0.0007909682 -32.4792254178
754.53573 10.1538623908481 0.0007909682 -2.1044710616
840.70757 19.5456883292014 0.0007909682 -31.3344108561
714.50683 8.93825499182348 0.0007909682 0.0000000000
840.70757 19.2947741222214 0.0007909682 -32.2324027235
806.72322 19.2355055086854 0.0007909682 0.0000000000
860.54361 5.9976161847069 0.0009652435 -2.3531048075
814.53813 12.2523247458168 0.0009652435 0.0000000000
944.77017 20.1130707501232 0.0009652435 -31.5642154177
934.80695 19.1902897071621 0.0009652435 -30.6214704907
566.34635 2.07466059055652 0.0010324405 7.2008854045
898.65426 14.8815554206521 0.0010324405 -0.6884160828
661.52790 9.69447754506992 0.0011745221 0.0000000000
934.80695 18.7914005540053 0.0011745221 -32.0906384968
781.63166 19.5054389752395 0.0011745221 0.0000000000
968.77017 19.9537432075493 0.0011745221 -32.2557184736
818.55528 6.92229191705089 0.0012284633 1.1447453384
608.35691 3.10659482580248 0.0012284633 1.6761841195
664.41951 3.30834380407739 0.0012284633 1.2034226004
808.73887 19.6163037534519 0.0014250626 0.0000000000
757.62180 15.5650548262963 0.0014250626 -1.5923689010
980.86407 20.3334856839622 0.0014250626 -31.1455291603
890.57531 8.56170672772429 0.0017240789 2.2717240912
624.29431 3.21329177627375 0.0017273789 -0.6001439019
642.56672 17.5627122923697 0.0017240789 0.0000000000
690.50683 10.2541770466429 0.0017240789 0.0000000000
642.56672 17.3170901896051 0.0017240789 0.0000000000
746.56943 14.616686840722 0.0017240789 -3.5225688172
642.56672 17.8943152494222 0.0020798543 0.0000000000
890.81712 20.2140279003404 0.0020798543 -32.2744518102
742.53813 10.9538884115265 0.0020798543 -32.5230836136
770.56943 13.7949172257704 0.0020798543 -32.6606020592
948.85898 20.3127156013115 0.0020798543 0.0000000000
358.29628 3.67315702398483 0.0024069349 -0.5780842206
1101.05187 22.1911342757731 0.0025018626 0.0000000000
788.54361 5.03673171860434 0.0025018626 0.6309687460
935.73345 18.2582126927483 0.0025018626 1.3553101095
770.56703 13.797233012235 0.0025018626 -32.6206781131
828.75921 21.4075115003261 0.0025018626 0.0000000000
770.56943 13.7982120308637 0.0025018626 -32.6500116461
958.80695 18.8135919199941 0.0025018626 0.2646628768
742.53813 10.460452919561 0.0025018626 -32.5376968326
914.72322 19.374899610818 0.0025018626 -2.9484768899
778.53573 9.10865057062369 0.0030008968 -1.6438085043
678.56672 16.2927558222061 0.0030008968 0.0000000000
800.66101 16.0513020085876 0.0030008968 0.0000000000
887.56200 9.03211311526418 0.0035892030 1.6505539720
632.52485 12.2504468890402 0.0042806212 0.0000000000
904.59096 9.65470530168122 0.0042806212 1.6202481788
854.62695 11.710716483512 0.0050907276 0.0000000000
904.59096 9.52193022737572 0.0050907276 1.6365361996
888.70757 19.1638807447092 0.0050907276 -1.8496276361
786.52796 8.31755657965752 0.0050907276 1.0183166737
995.89771 21.7376585462497 0.0050907276 0.0000000000
782.72322 19.5597745781931 0.0050907276 0.0000000000
894.62296 11.6446721268431 0.0053023035 -0.7441297254
940.83277 20.1661815948031 0.0060369811 -31.0934537742
796.51231 6.39891832833015 0.0060369811 -0.5181307383
742.53813 11.1492621359779 0.0060369811 -32.7435359535
904.54980 8.14853124545839 0.0061678141 0.0000000000
885.54986 9.39242550148017 0.0061678141 1.4679420886
904.54980 8.14853124545839 0.0061678141 0.0000000000
887.56551 10.1732158611296 0.0061678141 1.6719471807
860.63861 14.9034921259111 0.0061678141 0.3847840562
507.44188 10.2344286229577 0.0071585404 -34.8619049301
911.56551 9.50308592837286 0.0071585404 1.6184709284
913.58116 10.8268609934318 0.0071585404 2.1682575841
810.75452 19.9849887103618 0.0071388677 30.7855120636
908.79130 19.1546367349306 0.0071388677 0.0000000000
792.57491 6.25706140767907 0.0071388677 -0.0077184984
678.56672 16.431549127195 0.0071388677 0.0000000000
736.44064 3.69118304403745 0.0071585404 0.2803314361
535.47318 12.3276548719111 0.0082898401 0.0000000000
876.55966 7.67783157205526 0.0084180441 1.7346101018
881.51746 7.67061403001131 0.0084180441 1.1654190673
840.70757 19.4793375238574 0.0084180441 -30.9895687006
819.58980 10.106011857773 0.0084180441 0.0000000000
512.29940 1.8988154721447 0.0095785178 1.2778698837
633.50887 8.41454721275307 0.0098984743 1.8451696762
828.57601 9.17683585111281 0.0110428974 -0.7188219364
840.70757 19.3775205163669 0.0116065596 -31.5468467545
816.57491 6.54104460144424 0.0116065596 0.0000000000
769.62180 14.6479309917326 0.0116065596 -32.9340657888
878.74435 18.7662066812243 0.0116065596 0.0995309638
904.79638 19.6350400633875 0.0116065596 0.0000000000
907.70215 17.2735716599763 0.0116065596 0.2193139423
883.53421 7.70091079716446 0.0127028883 1.2625408338
890.59166 9.44134340764166 0.0127028883 -0.8287154089
770.57053 14.9447183623338 0.0127028883 -0.6151308481
814.56036 8.70784836086253 0.0127028883 -0.7028399529
903.74121 26.4223197218448 0.0135712548 0.4817472199
902.57531 7.8476288981191 0.0135712548 0.0000000000
914.81712 20.1061089271613 0.0135712548 -30.8912274389
692.65514 17.5342247435258 0.0135712548 1.2942897059
842.59056 6.44734556710153 0.0135712548 0.4928387027
1052.70915 10.6948651490635 0.0135712548 1.4019230294
704.63401 20.8362749700071 0.0135712548 0.4293292994
283.15160 0.777603382514871 0.0135712548 0.9787880087
840.57491 7.24425473313992 0.0135712548 0.6060190093
840.57491 6.56318676086745 0.0135712548 0.6306725400
840.57491 6.98302179574783 0.0135712548 0.5975575975
840.57491 6.07030481037946 0.0135712548 0.6412304623
979.86641 21.4848472667142 0.0135712548 0.0000000000
790.65553 16.0535794870784 0.0135712548 29.1738267146
946.84333 20.3755432478324 0.0135712548 -32.7868691239
840.57251 6.5611544030305 0.0135712548 0.7614481452
840.57251 6.99006307663248 0.0135712548 0.7365672254
840.57491 6.39393155746639 0.0135712548 0.6414054355
974.87463 20.3029731425367 0.0135712548 0.0000000000
749.62311 18.2614813650962 0.0135712548 0.5160783115
881.51856 6.846961686859 0.0145800443 0.9497523943
898.58149 7.76283948997714 0.0145800443 0.9150450008
859.53421 8.24101135509744 0.0145800443 0.8048729624
909.54986 8.85308910423651 0.0145800443 0.9512441924
1035.00492 22.09824741533 0.0158241702 -33.5621658349
652.55107 16.4689038839025 0.0158241702 0.0000000000
906.81203 19.9086914544665 0.0158241702 0.0000000000
813.69426 20.5201278422302 0.0158241702 0.0000000000
576.29431 3.59203282784882 0.0166976143 -31.9706837483
818.59166 11.746784880334 0.0166976143 -0.6156054424
578.30996 4.01765601032919 0.0166976143 0.0000000000
691.66098 19.8595490829256 0.0166976143 0.0000000000
856.64260 13.9341442612362 0.0183996529 -30.4450670542
885.54986 8.41930328969624 0.0190805801 0.7031637268
832.60731 12.9683338889536 0.0190805801 -0.6174328790
857.51856 7.51366050660253 0.0190805801 1.5516774905
812.54361 4.75777593475662 0.0213348443 0.3365307615
670.59802 17.678965354013 0.0213348443 0.0000000000
970.87972 21.3626190675767 0.0213348443 0.0000000000
752.55887 13.9768290065122 0.0213348443 -33.3270434803
538.51937 12.6347754672218 0.0213348443 0.0000000000
822.60073 11.6133237959531 0.0213348443 0.4650537979
830.59166 11.2053244385669 0.0217556834 -0.3070414704
728.52358 11.4838282938149 0.0217556834 -0.9495686626
833.51856 7.87926381918979 0.0217556834 0.8911092876
590.34635 2.71744863036992 0.0217556834 31.4064464188
782.63792 9.11959454265665 0.0247514361 0.0000000000
790.53573 8.61770766977979 0.0246697095 0.0000000000
886.61788 11.5219161262171 0.0247514361 -0.9556783074
587.40593 3.02881482781673 0.0247514361 -0.3598792318
872.77017 17.4569158865644 0.0246697095 0.3675953118
652.55107 15.7972972243683 0.0246697095 0.0000000000
906.77565 19.1793709313384 0.0246697095 0.0000000000
772.51341 5.96456573024283 0.0247514361 -0.2200200974
992.77017 19.6172518313539 0.0246697095 0.0000000000
1056.98927 21.7393811083369 0.0246697095 0.0000000000
946.84333 20.1393152901222 0.0246697095 0.0000000000
821.66296 19.9192597458782 0.0246697095 0.0000000000
811.62223 10.3901499952463 0.0280981151 -0.4349173288
811.62223 10.3901499952463 0.0280981151 -0.4349173288
870.62296 12.2863974177693 0.0280981151 -0.8239159902
811.62223 10.3901499952463 0.0280981151 -0.4349173288
768.55488 13.0541579667641 0.0280981151 -1.0815693930
830.51889 5.79259261034692 0.0280981151 -0.2357682401
828.56250 7.70033268976266 0.0280981151 2.3738244051
811.61995 10.3903172586242 0.0280981151 -0.4349219335
856.58268 10.7614273483348 0.0284470330 0.5903051859
944.77017 19.9101787173837 0.0284470330 -30.9965970394
882.60073 11.2291958892711 0.0284470330 1.3867564335
762.58785 18.9646196899545 0.0284470330 0.8322303562
798.52906 7.04077675779076 0.0318277372 0.0000000000
587.40822 3.02760195502158 0.0318277372 -0.3002516581
858.58658 7.25741261056723 0.0318277372 0.3623118311
828.56312 7.70033268976266 0.0318277372 2.3460007747
850.58149 6.18428849202841 0.0318277372 -0.5557075941
587.40822 3.02760195502158 0.0318277372 -0.3002516581
863.56551 11.1939219766798 0.0318277372 1.1137070360
587.40822 3.02760195502158 0.0318277372 -0.3002516581
502.37383 2.54547397014855 0.0327123777 0.4524024743
942.84842 21.2651997878172 0.0327123777 0.0000000000
680.63401 20.9741333105279 0.0327123777 -0.3414524898
502.29282 2.42363161790282 0.0327123777 0.0000000000
798.56435 7.74104100674684 0.0327123777 0.0000000000
828.70757 19.682232899643 0.0327123777 0.0000000000
827.66367 13.4443841781333 0.0327123777 0.0000000000
864.70757 19.3124897141101 0.0327123777 0.0000000000
822.55019 8.15084487162761 0.0359740139 0.5806686830
798.52906 8.27524659245033 0.0359740139 -1.0259873953
859.53421 7.92057324881927 0.0359740139 0.8591281178
822.55019 8.15084487162761 0.0359740139 0.5806686830
816.57601 9.98910138246181 0.0359740139 -0.2741844816
864.70757 19.1255593728647 0.0375140016 0.0000000000
820.51231 7.22694746136388 0.0375140016 0.0000000000
904.59096 7.68094156461773 0.0375140016 0.0000000000
882.75452 19.2639297982881 0.0375140016 0.0000000000
874.55926 7.78244762153085 0.0375140016 0.0000000000
794.56943 13.8108287014337 0.0375140016 0.0000000000
918.75452 19.7211827315918 0.0375140016 -31.9608953364
764.52358 10.4697163186512 0.0405722833 -0.6675725646
824.54471 12.6215207088815 0.0405722833 0.0000000000
838.78582 20.3699000055068 0.0429027288 0.0000000000
888.76508 18.2461233448749 0.0429027288 0.0000000000
808.70248 18.1216121349425 0.0429027288 0.3555193258
899.76983 19.5192648001211 0.0429027288 0.6714873450
828.70757 19.5893528903648 0.0429027288 0.0000000000
998.91102 21.3514110167093 0.0429027288 0.0000000000
794.56943 9.22258334352286 0.0429027288 0.0000000000
878.57531 8.00328355330391 0.0429027288 0.0000000000
864.76508 18.5487957679309 0.0429027288 0.0000000000
907.69974 17.5044412299098 0.0429027288 0.6871187052
810.60073 11.843308732296 0.0429027288 0.3762275625
834.58658 9.37576488646634 0.0456594178 -0.4074156187
844.60731 12.3088040433833 0.0456594178 -0.3398402824
837.54986 10.9564082702198 0.0456594178 0.0000000000
840.57601 8.68447863864778 0.0456594178 -0.5407597226
391.22550 1.95022124283357 0.0456594178 -24.6131163742
774.66062 18.9367944515235 0.0489317708 0.0000000000
878.57531 8.33550877663642 0.0489317708 0.0000000000
794.56943 9.62792156052975 0.0489317708 0.0000000000
666.60310 16.3950706417439 0.0489317708 0.0000000000
794.56943 9.80425172899345 0.0489317708 0.0000000000
866.59056 8.48356825144931 0.0489317708 0.5590621929
862.74943 18.3761521168708 0.0489317708 0.0000000000
840.72870 20.1467182274454 0.0489317708 0.0000000000
814.59675 11.1910876235275 0.0512737061 -0.6678510997
928.76000 18.1150713059698 0.0556564948 0.1657011279
856.58268 11.9721737527777 0.0556564948 0.3207346257
866.59056 6.64467757590123 0.0556564948 0.2243795353
926.74435 17.5858811997927 0.0556564948 0.2506618393
758.62932 18.0689527429452 0.0556564948 0.0000000000
970.78582 19.9160094318401 0.0556564948 0.0000000000
886.74943 18.4161279046149 0.0556564948 0.0000000000
876.72870 17.4887805084043 0.0556564948 0.3472355039
893.72048 18.9673373341336 0.0556564948 0.0000000000
572.48847 13.085586598735 0.0556564948 -35.1636792907
866.72322 19.9644538148942 0.0556564948 0.0000000000
970.87972 21.0948246984237 0.0556564948 0.0000000000
828.56312 7.70033268976266 0.0574547081 2.4617214028
866.81712 20.6864549321464 0.0631341370 0.0000000000
742.53573 10.0062373355179 0.0631341370 0.0000000000
948.80147 20.0720898335975 0.0631341370 0.0000000000
666.56672 16.7917730699918 0.0631341370 -35.3897688497
914.58816 12.1295437681812 0.0631341370 0.0000000000
908.77017 20.2589387360271 0.0631341370 0.0000000000
1002.94232 21.625995387222 0.0631341370 0.0000000000
676.66022 18.0880555919204 0.0631341370 -0.0653200808
892.79638 19.2859606993813 0.0631341370 0.0000000000
894.69463 17.26798736618 0.0631341370 0.0000000000
720.66531 20.8553086450585 0.0631341370 0.0000000000
888.76508 18.4553307275951 0.0631341370 0.0000000000
843.70723 18.4689944607603 0.0631341370 0.0000000000
680.63401 21.0205391312414 0.0631341370 -0.2962427805
900.66991 16.2834845684093 0.0642430816 -0.9963100932
714.50793 10.6346404336776 0.0642430816 -0.3668048338
736.44064 3.63035858141885 0.0642430816 0.2006528351
792.57601 11.5524762918147 0.0642430816 -0.5296856381
942.84842 20.9329945481314 0.0714234577 0.0000000000
764.54471 9.32333773598623 0.0716803808 -0.3887798282
889.58116 11.4035752748231 0.0716803808 1.2430005315
888.80147 20.0545330641803 0.0714234577 0.0000000000
911.56200 10.3169881981364 0.0714234577 0.0000000000
712.60271 20.2896396465817 0.0714234577 0.0000000000
904.60621 15.7121643288585 0.0714234577 0.0000000000
690.50683 10.2633397689426 0.0714234577 0.0000000000
774.66062 19.10110760512 0.0714234577 0.0000000000
449.36254 4.69384636354502 0.0714234577 0.0000000000
892.60621 14.1193307211879 0.0714234577 0.0000000000
916.79638 18.7577446168061 0.0714234577 0.0000000000
882.59833 11.2774711133797 0.0714234577 0.0000000000
690.50683 10.254350732483 0.0714234577 0.0000000000
902.57531 8.40777597764156 0.0714234577 0.0000000000
650.64457 18.2046555342791 0.0714234577 0.0000000000
864.57491 7.16949664425744 0.0714234577 0.3441196367
835.53421 9.07165114702388 0.0716803808 0.9323761569
910.78582 19.5903718907248 0.0805843391 0.0000000000
890.65632 11.3010359829542 0.0805843391 0.0000000000
848.60937 8.31997001575712 0.0805843391 1.0655531317
812.54361 10.7224346048556 0.0805843391 0.0000000000
812.54361 8.69583647723979 0.0805843391 0.0000000000
648.32719 2.17865509719125 0.0805843391 0.0000000000
826.59565 6.30493958316165 0.0805843391 0.0000000000
828.51740 8.78639476467082 0.0805843391 0.0000000000
592.56632 15.263897634046 0.0805843391 0.0000000000
826.59565 5.41358206450525 0.0805843391 0.0000000000
794.56943 10.0512169828038 0.0805843391 0.0000000000
844.51231 8.40001784466841 0.0805843391 0.0000000000
904.76000 17.7429242930023 0.0805843391 0.0000000000
476.27717 1.86263426161962 0.0805843391 0.0000000000
738.50793 9.3891293478669 0.0798088256 -0.7658619838
864.70757 19.5347191991189 0.0805843391 0.0000000000
844.51231 7.60670784244211 0.0805843391 0.0000000000
830.55528 7.71586559912584 0.0798088256 -0.6956336639
854.57531 9.23324022612519 0.0805843391 1.7322351048
886.62963 14.1753157763862 0.0805843391 0.0000000000
836.54361 5.89059209797699 0.0805843391 0.0000000000
836.54361 6.69187420605594 0.0805843391 0.0000000000
912.57251 10.1489104584263 0.0805843391 0.0000000000
608.52485 12.9131676509597 0.0805843391 0.0000000000
798.56435 9.39019550686799 0.0805843391 0.0000000000
686.55655 8.93954766289255 0.0805843391 0.0000000000
950.81712 20.1666057797395 0.0805843391 0.0000000000
886.63203 14.1498379234974 0.0805843391 0.0000000000
758.62932 18.4987935386269 0.0805843391 0.0000000000
914.58816 11.4549287797669 0.0805843391 0.0000000000
892.60621 14.269776412408 0.0805843391 0.0000000000
886.55686 9.77556956966247 0.0805843391 0.0000000000
838.55686 11.6489497894507 0.0805843391 0.0000000000
836.54361 9.52829618383562 0.0805843391 0.0000000000
858.60073 9.39929989853473 0.0805843391 0.3309795945
540.33070 1.84850309373919 0.0798088256 0.1910712598
800.54471 7.78684331794852 0.0886710419 -0.5681610863
241.14453 0.751799644535705 0.0886710419 -0.3317155212
844.64370 15.9871121200936 0.0886710419 -0.7324696743
774.52906 6.77889265692154 0.0886710419 -0.9204550627
847.53421 8.60069259165601 0.0886710419 0.8989287921
692.41443 3.7976868451019 0.0886710419 -34.1749778298
896.63861 14.4323845984573 0.0886710419 -0.5560558649
836.54361 5.56437474523934 0.0906773240 0.0000000000
826.59565 6.61402762876569 0.0906773240 0.0000000000
798.56435 7.40936832634803 0.0906773240 0.0000000000
886.55686 9.91590302768569 0.0906773240 0.0000000000
970.84333 20.787414113719 0.0906773240 0.0000000000
926.74435 17.7968690197008 0.0906773240 0.4529828061
972.73457 15.9008881752571 0.0906773240 0.0000000000
796.66610 15.6209886249695 0.0906773240 0.0000000000
886.55926 8.57816991215886 0.0906773240 0.0000000000
614.57180 17.3938530870431 0.0906773240 0.7261093899
832.54870 11.3722044632676 0.0906773240 0.0000000000
796.66610 15.453594050896 0.0906773240 0.0000000000
786.56435 11.6864428816002 0.0906773240 0.0000000000
660.62892 16.8651646243239 0.0906773240 1.6972906780
540.49864 8.7195918250089 0.0906773240 0.0000000000
935.76743 19.7157583960086 0.0906773240 0.0000000000
747.51816 9.49434090209419 0.0983097740 0.6372487350
680.41443 3.78815629557579 0.0983097740 31.5261231079
846.62296 14.1480869236257 0.0983097740 -0.3651840082
892.60731 10.577662703913 0.0983097740 -0.6222340571
594.34126 2.51071489736444 0.0983097740 0.8399784362
898.58149 5.60587406267922 0.0983097740 0.7121976663
930.71686 17.9905511258975 0.0983097740 -1.2758139254
790.56036 9.58067464557815 0.0983097740 -0.7092258748
439.22550 2.19356720458965 0.0983097740 -34.6037885014
738.66062 18.845843684782 0.1017630986 0.0000000000
794.53305 5.40879971691005 0.1017630986 0.2915891346
712.64497 19.4779248020852 0.1017630986 0.7354335513
880.59096 9.77374469016367 0.1017630986 1.4812627937
916.83277 21.2181831868393 0.1017630986 0.0000000000
836.54121 9.66111197969298 0.1017630986 -0.4352445853
692.63401 21.041892340345 0.1017630986 -32.4400973212
848.77017 18.1875551675254 0.1017630986 0.7486614227
474.30615 1.6451602143514 0.1017630986 0.4078092885
913.74910 19.302198557412 0.1017630986 0.0000000000
886.55686 8.74647435991662 0.1017630986 0.0000000000
787.67861 20.5205245932454 0.1017630986 0.0000000000
842.66333 16.4569772072823 0.1017630986 0.0000000000
726.66062 19.5659650583043 0.1017630986 0.9952492886
848.54471 7.29505914299636 0.1087675697 0.3164548182
902.61279 7.52701308865099 0.1087675697 0.3805483630
738.50793 10.3223454629904 0.1087675697 -0.2626352823
914.64918 13.7230281777726 0.1087675697 -0.8002268806
766.53923 11.9637099189358 0.1087675697 -0.1597529026
842.59166 10.4629958197791 0.1087675697 -0.1679796641
857.67533 14.8225245983435 0.1087675697 -0.5338878899
552.29431 3.93674128282783 0.1087675697 0.3937202078
992.86407 20.3242270711278 0.1139019199 0.0000000000
776.63988 15.4470356803124 0.1139019199 0.0000000000
832.73887 20.2421245068439 0.1139019199 0.3017508316
768.55138 12.8482763736528 0.1139019199 0.3918093088
740.67627 19.9589682141611 0.1139019199 1.7256721802
806.72322 19.9441742952686 0.1139019199 3.8225604984
898.58149 6.01125290382151 0.1200864398 0.3158340049
762.50793 9.88437228359852 0.1200864398 -0.5045702479
716.52358 11.9465095907597 0.1200864398 -0.5624648213
856.54980 13.2285364361674 0.1200864398 -0.5898003428
786.52906 9.54781366597177 0.1200864398 0.0000000000
766.53923 11.4782118136062 0.1200864398 -0.9191434268
918.62296 11.4890559076187 0.1200864398 -0.6504137260
806.59166 12.3291959793821 0.1200864398 -0.5720202746
742.53923 13.051048931761 0.1200864398 -0.5063150859
505.42623 8.56639182555465 0.1200864398 -23.1306021364
861.54986 9.64228640547383 0.1200864398 1.2280712604
864.57601 9.271659570933 0.1200864398 -0.3026784020
666.60420 16.9236782031008 0.1200864398 -0.4913861427
848.56584 4.59011008861944 0.1200864398 0.2359173729
848.54471 12.7158979315603 0.1200864398 -0.3472033449
732.61367 17.526794006018 0.1271529926 0.3363400280
790.65553 16.5310349134248 0.1271529926 0.0000000000
834.75452 19.623617780153 0.1271529926 0.0000000000
866.72322 19.7874246248282 0.1271529926 0.0000000000
842.70796 17.4882012477371 0.1271529926 0.0000000000
756.63480 14.9382181617438 0.1271529926 0.0000000000
814.55926 5.68613653091241 0.1271529926 27.0969663204
784.58508 14.2519779255557 0.1271529926 0.1767348140
812.54361 5.61346600504397 0.1271529926 0.0000000000
882.62296 13.7517202717092 0.1323074942 -0.3553030952
844.51341 9.89377038181134 0.1323074942 -0.3614670420
858.62296 14.4865074634277 0.1323074942 -0.3839666732
738.50793 9.18889688125833 0.1323074942 -0.3307014822
580.32561 4.70399939122124 0.1323074942 0.0000000000
554.34635 2.9150829282304 0.1323074942 -0.1409343992
950.68556 15.933915867878 0.1323074942 0.0000000000
826.59675 11.3604975803528 0.1323074942 -0.4517906274
846.52906 7.84948201325996 0.1323074942 0.0000000000
954.77565 18.8474141098594 0.1415738012 0.2423534136
796.58508 10.5598451276684 0.1415738012 0.2155763950
766.69192 19.5151673166915 0.1415738012 0.0000000000
558.50920 14.4930865314761 0.1415738012 0.0000000000
908.79130 18.9241115323477 0.1415738012 0.0000000000
558.50920 14.6358506551898 0.1415738012 0.0000000000
674.43915 3.99701216912249 0.1415738012 -2.6410003379
282.27914 4.05225055027731 0.1415738012 -0.4533298715
642.60310 18.4860728535768 0.1415738012 0.4686953024
654.61836 21.0416689520848 0.1415738012 -0.2002672524
818.53305 10.012809250657 0.1415738012 0.0000000000
738.66062 19.5020359915863 0.1415738012 0.9165164260
780.70866 18.8798975705685 0.1454705573 1.3108786312
417.24115 3.00222020015042 0.1454705573 -0.3927952634
872.56584 5.14933363678303 0.1454705573 -0.5302255805
954.77565 19.2538908230624 0.1572194017 0.4795209945
913.74910 19.1360211597815 0.1572194017 0.0000000000
913.74910 19.0395013049888 0.1572194017 0.0000000000
768.55378 12.8432310112672 0.1572194017 0.4273603539
828.61130 11.736746831848 0.1572194017 0.0000000000
838.55926 4.81403846069614 0.1572194017 0.2150880836
832.58508 10.2907777895735 0.1572194017 0.4472593382
642.60310 18.4937055413521 0.1572194017 0.5287937415
824.54361 8.60993483439603 0.1572194017 0.0000000000
802.53573 8.8072254871286 0.1572194017 0.0000000000
792.55378 12.2489819937957 0.1572194017 0.5667935450
784.58268 14.0451754389781 0.1572194017 0.1205873446
776.54471 8.56905255440471 0.1596137650 -0.4122689406
842.59166 10.6327775433985 0.1596137650 -0.3020740942
750.54432 13.8459072743801 0.1596137650 -0.5675514266
766.53923 12.707427916444 0.1747731493 -0.2657649482
866.78073 19.4648205694529 0.1741416832 0.7700772759
687.55341 17.9772641607232 0.1741416832 0.0000000000
864.76508 19.4686000531756 0.1741416832 0.9224917810
283.26425 5.54413522518662 0.1747731493 -0.3185936041
754.69192 20.1556688906248 0.1741416832 0.7554728594
862.62502 9.24482835869706 0.1741416832 0.0000000000
687.55341 17.9907817872888 0.1741416832 0.0000000000
790.53813 12.8512910956349 0.1741416832 0.0000000000
750.66062 19.303631926467 0.1741416832 0.6070548760
419.25680 3.70931000022401 0.1747731493 -0.3259508411
770.49666 8.7233577179488 0.1741416832 0.9641525619
834.75452 19.8122443409182 0.1741416832 0.0000000000
650.40386 3.11774402177906 0.1747731493 -0.5285194371
678.56672 15.9855257875705 0.1741416832 0.0000000000
845.72288 18.8317151343534 0.1741416832 0.6250146503
856.58508 8.70629782001326 0.1923886064 0.7278803969
846.55019 4.92473130045344 0.1909822112 0.1380809390
820.51341 10.3338103400281 0.1909822112 -0.3283913964
482.32412 3.95183895239711 0.1923886064 0.4051312600
934.74943 19.0842250857724 0.1923886064 -0.6188959613
876.55138 7.51800595058321 0.1923886064 -0.7767161611
279.15909 2.08814028821953 0.1923886064 -0.1902622197
846.55019 4.69614526550089 0.1909822112 0.1385414887
606.28375 2.14189733332432 0.1909822112 0.0000000000
714.60310 16.4127143615306 0.1923886064 0.0000000000
924.59714 6.44189087338189 0.1909822112 0.7678756252
784.64497 18.1130067841994 0.1923886064 0.2895223850
758.46138 3.8462541015738 0.1909822112 0.0000000000
812.54361 5.4848494774895 0.1923886064 0.0000000000
784.64497 18.5061961041781 0.1923886064 0.2462162123
834.75452 20.5419295597483 0.1923886064 0.3479219477
784.64497 18.4519098295377 0.2120034309 0.2196625444
944.77017 19.7557496249126 0.2120034309 -32.9690385930
850.55926 9.97313958271886 0.2120034309 0.0000000000
690.47045 4.05779859626465 0.2120034309 0.7147321952
600.29431 3.49984980830846 0.2082714900 0.0000000000
768.70757 19.8991416440939 0.2120034309 0.8419548202
916.79638 19.7921841218105 0.2120034309 27.3578598105
591.49830 16.2051605704834 0.2120034309 0.2461937474
918.75452 19.7629886366507 0.2120034309 0.0000000000
818.72322 19.9347146472392 0.2120034309 0.6315500184
752.63988 16.3912993696017 0.2120034309 -0.2623560456
972.80147 20.1841074795638 0.2120034309 0.0000000000
854.56943 9.30511668582244 0.2120034309 -0.2332570122
708.40934 2.72117811946089 0.2082714900 0.3292026473
732.44573 3.9558180703373 0.2082714900 -0.6150746914
972.80147 20.3421750978582 0.2120034309 0.0000000000
818.72322 19.5139440914823 0.2120034309 0.0000000000
786.66062 18.5270266098151 0.2120034309 0.9312361555
834.59833 13.1038855851378 0.2120034309 0.2593720373
856.60731 11.3111523877457 0.2082714900 -0.4988908459
536.50482 11.9927273865675 0.2082714900 -0.5095507137
616.36200 3.22359374491745 0.2082714900 0.0000000000
764.52248 9.08166283994999 0.2120034309 -0.7233729157
840.57601 9.74422867036594 0.2266681320 -0.2108539601
807.50291 7.43071866250971 0.2266681320 0.3420253497
748.49228 8.77720742785254 0.2266681320 -0.6226322667
772.51341 6.98020684902401 0.2266681320 -0.3096269379
824.54471 7.51477064789875 0.2266681320 -0.3328801344
762.66062 19.1494242182228 0.2330239414 0.6444931296
782.65045 15.1582073084874 0.2330239414 -0.3843624899
788.67627 19.1019091305746 0.2330239414 1.3131313104
854.56943 8.76940203453354 0.2330239414 0.2324470538
595.49322 4.59309164913435 0.2330239414 -0.4949703676
866.72322 19.5272690278866 0.2330239414 0.0000000000
566.55067 14.9770299074136 0.2330239414 0.0861948193
814.63203 12.6613429025469 0.2330239414 0.0000000000
890.78073 20.1930690555323 0.2330239414 0.6321831916
864.80147 20.3671931500569 0.2330239414 -3.7852376140
568.36200 3.84595053331385 0.2461954642 -0.1233667564
568.36200 3.4839113258688 0.2461954642 -0.1256573146
832.54980 13.8466342636181 0.2461954642 -0.5523021588
638.36748 2.87184771456332 0.2461954642 0.0394642104
736.49228 8.51287416030218 0.2461954642 -0.4852676837
790.53923 11.3707863287423 0.2461954642 -0.3060811043
907.70215 17.5619717156372 0.2554816863 0.1657191334
822.60073 10.8100594438517 0.2554816863 0.3908323350
978.84842 20.8363407855246 0.2554816863 -0.2990963263
882.75452 20.1657219730558 0.2554816863 0.3141991420
856.73887 20.0751401044702 0.2554816863 0.3196307085
882.77565 19.0902499633058 0.2554816863 0.1040336413
936.82260 19.8146090045997 0.2554816863 -1.6967000693
890.78073 19.4456108316391 0.2554816863 0.9405158697
764.67627 19.5727436936319 0.2554816863 0.3613634679
297.24352 3.67371959514229 0.2668725795 -0.3606134213
762.50793 8.91601757017107 0.2668725795 -0.5657178955
692.61985 17.4848633218795 0.2668725795 -1.2630946483
878.59166 10.3264429958715 0.2668725795 -0.4229316383
297.24352 3.67371959514229 0.2668725795 -0.3606134213
866.59166 9.92024020757231 0.2668725795 -0.2170283401
636.35183 2.91066391919065 0.2668725795 -0.0497834919
790.53923 12.0710857916984 0.2668725795 -0.4749952344
860.77017 20.7904013020572 0.2794012405 0.1422180793
778.53813 11.0364371463682 0.2794012405 0.4028211816
792.70757 20.0128427929347 0.2794012405 0.6233989403
804.55378 8.34116613876049 0.2794012405 0.2547720641
598.50412 13.7863523370105 0.2794012405 0.0000000000
907.70215 17.7316289680842 0.2794012405 0.5826789111
982.68955 3.12520071322685 0.2794012405 0.0000000000
600.55615 16.6047355297481 0.2794012405 -0.1363700455
770.65045 15.744097481983 0.2794012405 -0.2992110400
500.27717 1.80526225662231 0.2794012405 -0.9918251402
892.60731 10.8208545468372 0.2887139389 -0.4282460040
912.57601 7.65674305910021 0.2887139389 -0.4699895940
498.26262 1.78215904919559 0.2887139389 -0.5638093358
734.49776 6.15760990380038 0.2887139389 -0.3430477244
868.60731 11.2473227269963 0.2887139389 -0.5936098660
766.69192 19.9642690390832 0.3047995066 0.7599644739
610.54050 15.0388247279259 0.3047995066 0.2531871356
782.68683 18.1693132593408 0.3047995066 0.0000000000
758.53305 9.56620509239456 0.3047995066 0.0000000000
1089.05187 22.2640553517993 0.3047995066 0.0000000000
796.73887 19.7977855137768 0.3047995066 0.0000000000
612.55615 16.2959897737381 0.3047995066 0.2399400098
760.64497 18.3896311393913 0.3047995066 0.4116058747
772.58508 14.8183615857382 0.3047995066 -0.2959130225
862.78582 20.0472493350856 0.3047995066 0.7486542999
739.63876 16.900312756479 0.3047995066 0.1907296166
818.72322 20.0338848425105 0.3047995066 0.4307638989
694.64966 20.9081246444429 0.3047995066 0.0000000000
764.55646 11.1847196551103 0.3047995066 -0.0384337165
878.78073 19.5099114299722 0.3047995066 -0.0707315733
878.78073 19.6686886948245 0.3047995066 0.0000000000
936.57601 6.96630602871089 0.3117289962 -0.3445906052
852.57601 9.1575747483828 0.3117289962 0.1421907811
662.36748 3.05994006398348 0.3117289962 -0.0839602590
900.59714 6.76682040608038 0.3117289962 0.2517690987
694.63550 18.5406403840492 0.3117289962 -0.8565501328
906.62296 12.2694733747612 0.3117289962 -0.1154576640
712.64497 18.7308969181232 0.3316850681 -1.0414412164
844.60621 7.61999523216409 0.3316850681 0.5673531634
844.73887 20.1003227634172 0.3316850681 0.1132506442
808.66610 17.3130593589511 0.3316850681 0.0000000000
860.60937 7.92503841474245 0.3316850681 -1.0264459119
634.54050 13.3829831408155 0.3316850681 0.4696510822
778.53573 10.989356969197 0.3316850681 0.2419720270
812.66101 15.4849345277848 0.3316850681 0.0000000000
766.53573 12.2186684930661 0.3316850681 -0.1042848213
858.75452 20.2874561402326 0.3316850681 0.0048768451
591.49590 16.2122872123923 0.3316850681 0.2046522719
860.77017 20.5551104196995 0.3316850681 0.0770378705
786.60073 11.535491056944 0.3316850681 -0.0821779132
298.31044 4.60763436225434 0.3316850681 -1.9674125980
858.59833 11.798831533089 0.3316850681 0.1578256685
810.75452 20.803038640365 0.3316850681 0.4602576456
816.70757 19.6638951849072 0.3316850681 0.3431342889
689.56906 18.965613712175 0.3316850681 4.3500987038
696.61367 18.5094407700841 0.3316850681 0.2733872937
696.61367 18.4863938934817 0.3316850681 0.2733872937
762.66062 19.2269143263533 0.3316850681 0.5456187021
912.76508 17.8787071922527 0.3316850681 0.0387093624
400.34214 2.75683372821921 0.3316850681 0.2828705487
892.60731 11.4788278968874 0.3359218519 -0.1563309386
870.62296 13.0522604846586 0.3359218519 -0.2150078256
890.59166 8.8999990423556 0.3359218519 -0.4275577490
910.78582 20.5091294842484 0.3600576071 0.0288758349
732.61367 17.6182328647394 0.3600576071 0.1684439199
890.81712 20.3922009142705 0.3600576071 -31.7519701501
917.72048 18.7076729355266 0.3600576071 -0.2412852002
1077.05187 22.3149972740452 0.3600576071 0.0000000000
836.77017 20.796253076464 0.3600576071 0.1204832712
634.54050 13.2313475527551 0.3600576071 0.4470586101
593.47757 4.55185692542188 0.3600576071 -0.3384236864
838.74943 19.2308373135313 0.3600576071 0.3541016156
369.35158 21.1707662960087 0.3600576071 -0.1254023069
716.52248 10.7508630510489 0.3600576071 -0.1055596948
808.73887 19.4789433221002 0.3600576071 2.2120914922
846.60073 10.2250847957101 0.3600576071 0.4191941714
862.78582 20.131039248869 0.3600576071 0.6934697489
864.57601 8.42552388797496 0.3612909419 -0.0535882382
812.54471 7.81306659205716 0.3612909419 -0.1589520731
736.49228 8.97475847568944 0.3612909419 -0.7319880207
834.62296 14.2641245045085 0.3878287666 -0.0703100383
781.59528 11.9242255849815 0.3899074016 0.3846162557
766.53573 9.20532126393346 0.3899074016 0.1057987295
806.56943 8.24593676582157 0.3899074016 -1.2878401163
836.61638 11.2458731168424 0.3899074016 0.1744272811
648.62892 17.7893797949017 0.3899074016 -0.2612745434
664.38313 3.84527286284107 0.3878287666 -0.0306832747
854.59166 10.549563876613 0.3878287666 -0.1345611629
752.67627 19.7364073030962 0.3899074016 1.0415111764
666.61836 20.9163576335506 0.3899074016 -0.0304900582
796.70248 18.7920251571022 0.3899074016 0.0000000000
898.78582 20.6126099765998 0.3899074016 -0.1971454709
839.74630 19.5302285560416 0.3899074016 -3.6693513663
764.52358 11.249843012875 0.3878287666 0.0941476407
832.64260 12.320496784545 0.3899074016 0.2353811000
836.77017 20.0263596233108 0.3899074016 0.8290133878
656.58237 18.1953468075651 0.3899074016 -0.5132077687
920.82768 20.1359677045881 0.3899074016 -0.1365400198
764.52248 9.05626457131515 0.3899074016 0.4137151684
694.64966 20.9714780654114 0.3899074016 0.0000000000
772.58508 12.1252067023408 0.3899074016 0.1809399070
804.55138 8.77656548044588 0.3899074016 -0.1255661270
594.37655 2.99198249115227 0.4212149126 -0.4163692294
860.60223 7.88585511404219 0.4155216664 -0.7731599333
784.66610 16.4558181851827 0.4212149126 -0.0438489512
718.53813 12.5773093985538 0.4212149126 -0.2898662007
650.64457 18.6323604040323 0.4212149126 -0.2790951196
808.58508 12.0302760705724 0.4212149126 -0.0914918549
558.28375 2.49449716638524 0.4155216664 -0.2843100644
836.61398 14.570955316115 0.4212149126 0.0436490646
838.56036 8.49260297716673 0.4155216664 -0.5672429281
864.80147 20.9858952501716 0.4212149126 0.0879271653
826.54401 7.42890087014012 0.4212149126 0.0000000000
740.52248 10.4417155448795 0.4212149126 0.1666131723
876.80147 20.8894861974896 0.4212149126 0.1569879168
892.73887 19.9859357963146 0.4212149126 0.1202276727
858.60073 9.63352025319336 0.4212149126 0.1585073889
760.64497 19.1452866048731 0.4212149126 0.3476383807
732.55378 13.7898606452611 0.4212149126 -0.1040870666
970.78582 20.0961155933915 0.4212149126 0.0000000000
766.53813 10.5906541623826 0.4212149126 -0.2180683615
862.55926 6.14886646467297 0.4212149126 0.7109391762
680.58237 17.21947713271 0.4212149126 -1.1826675242
852.76508 19.5195850782149 0.4212149126 0.0000000000
610.33618 1.00581372339599 0.4155216664 0.6324523513
344.27954 1.17961021580051 0.4212149126 0.1574878052
776.52358 10.597279058561 0.4155216664 -0.4025042000
781.48726 7.15971061618098 0.4155216664 0.1981802552
768.55378 11.5990952444136 0.4212149126 -0.3263053383
814.55926 5.97949093240209 0.4212149126 0.5069365808
850.78582 21.0328132545998 0.4212149126 0.3223183613
572.52485 15.3794694053575 0.4212149126 -0.1345235709
415.22550 2.2971871782529 0.4443496472 0.0065672926
894.62296 12.1688712332503 0.4443496472 0.0389290545
677.64533 19.6289636219167 0.4443496472 0.0000000000
826.56036 8.89322465729424 0.4443496472 -0.2898374345
778.56036 10.3678682672453 0.4443496472 -0.1815455142
810.56435 9.73288587403672 0.4539504738 0.5596296576
988.92667 21.1107415457453 0.4539504738 -0.3097464523
544.45717 10.6548749156376 0.4539504738 -1.1749074717
940.60381 12.0061833729497 0.4539504738 31.0903236950
858.75452 20.5596565742527 0.4539504738 0.0297890079
920.82768 20.4830579070842 0.4539504738 -0.2461988816
811.66875 16.5864032197892 0.4539504738 -0.0844364428
830.62695 9.47081111978543 0.4539504738 -32.0323895025
783.61093 11.7380588391728 0.4539504738 -26.7028859591
842.72322 19.7756649267803 0.4539504738 0.2053128810
594.37655 3.63708330876173 0.4539504738 0.4830923641
630.50920 10.3275777366483 0.4539504738 0.3401644789
940.73887 19.2568685978849 0.4539504738 -27.0877409480
794.72322 20.3548455367529 0.4539504738 0.0499953391
940.60621 12.272387208172 0.4539504738 31.0749065046
1016.77017 19.4037236732008 0.4539504738 -29.9612484660
827.55963 7.71119040490319 0.4742862624 0.3222675049
900.59714 6.12023959738057 0.4742862624 0.0208561697
854.59166 10.8790042287516 0.4742862624 0.0120760198
866.59166 11.3918812773896 0.4742862624 -0.1710846974
882.62296 13.2721389221678 0.4742862624 -0.2871826521
827.55963 7.71119040490319 0.4742862624 0.3222675049
820.51341 5.60057732510117 0.4742862624 0.0000000000
827.55963 7.71119040490319 0.4742862624 0.3222675049
878.81712 21.2157968899821 0.4880740932 -0.0283323571
920.82768 20.6273148520773 0.4880740932 -0.2082533847
766.65553 17.2361887475667 0.4880740932 0.1464800108
636.55615 15.2007447017287 0.4880740932 0.4334008631
779.60615 11.941578065939 0.4880740932 0.0776192497
634.54050 13.8233926110864 0.4880740932 -0.0369351908
580.49355 11.105666543637 0.4880740932 0.0000000000
1103.06752 22.3870488232244 0.4880740932 0.0000000000
617.51395 16.2934649041849 0.4880740932 -0.0163658210
780.55378 7.62769635644574 0.4880740932 -0.2940663535
972.89537 21.2939994107217 0.4880740932 -0.1996969104
280.26349 3.19974283945907 0.4880740932 0.0000000000
838.78582 21.0177456000067 0.4880740932 0.3708463357
314.23259 0.858734122982426 0.4880740932 0.2022192448
968.86407 21.0233859718751 0.4880740932 -0.2111689407
652.66022 18.9565300323588 0.4880740932 -0.2098998084
794.57053 14.3596110292374 0.5052985531 -0.0869343507
768.55488 13.6632194275774 0.5052985531 -0.3216794153
792.55488 13.6628891651468 0.5052985531 -0.2107772984
794.49776 5.46257694858127 0.5052985531 -0.3799786228
678.67587 19.3487219475599 0.5235353759 -0.1096229329
854.53305 8.8617910459713 0.5235353759 -0.7887472403
888.80147 19.8628934003178 0.5235353759 0.0000000000
633.50646 17.0899299089191 0.5235353759 0.0000000000
802.69192 19.5474843364263 0.5235353759 0.2018834119
760.58508 13.6784031410833 0.5235353759 -0.1636965878
810.68175 16.6437867142649 0.5235353759 -0.0359168154
772.54870 7.78099368630519 0.5235353759 -0.1194644709
636.62892 17.9776998627378 0.5235353759 0.0203710091
894.75452 19.8568965973651 0.5235353759 -0.2280878663
676.55107 15.1931824760204 0.5235353759 0.3649787413
782.68683 18.6950798691491 0.5235353759 -0.4238075966
766.53573 10.1042840974005 0.5235353759 -0.2326929498
762.66062 18.9031009536148 0.5235353759 0.4858843915
766.50175 8.15633711614708 0.5235353759 0.0000000000
796.54980 8.69745924566983 0.5373470507 0.4773230517
716.52248 10.5192519460083 0.5602735733 -0.0467712603
820.58508 10.0547049703842 0.5602735733 0.2397092989
866.81712 21.1917113644046 0.5602735733 0.0739099369
810.59833 14.2968601810478 0.5602735733 0.1382617936
480.30847 3.32203324393808 0.5602735733 -0.0478277473
958.87972 21.1887436128506 0.5602735733 -0.0947531077
794.60582 13.239657597937 0.5602735733 0.0741332786
812.67627 19.2339459476073 0.5602735733 0.1705841798
922.78582 20.3539450232585 0.5602735733 0.0754299818
888.57251 10.3234294327613 0.5602735733 -0.1193630572
798.68175 16.9964989272478 0.5602735733 -0.0115169349
766.53813 10.6408584802938 0.5602735733 -0.1675879585
835.66875 15.0213345601098 0.5602735733 -0.2077225242
862.78582 20.7958659569877 0.5602735733 -0.0422725447
814.55926 6.37993733446262 0.5602735733 0.3287298249
640.58745 17.3168212821192 0.5602735733 0.1769481204
426.35779 2.96213578956672 0.5602735733 0.1819943063
536.50372 10.509208423509 0.5602735733 29.2756295460
910.80695 19.639266776861 0.5602735733 -0.3584291375
451.45205 17.3397220101266 0.5703858445 -0.0802412151
612.33070 2.13505952074836 0.5703858445 0.4395883701
838.56036 8.02647337930021 0.5703858445 0.0333805583
780.70757 18.8977527335424 0.5982177645 0.0000000000
836.73378 18.2878433172025 0.5982177645 -0.0487090441
810.71813 19.0531617797204 0.5982177645 -0.4022711396
764.67627 18.9609767038825 0.5982177645 0.0000000000
822.75452 20.6626827325744 0.5982177645 0.0922570465
846.75452 20.3996068946452 0.5982177645 0.1131762390
752.63988 17.8127702102955 0.5982177645 -0.4303965785
795.63745 17.2437848228664 0.5982177645 0.0000000000
886.74943 19.8293334938339 0.5982177645 0.0118432978
756.61367 17.6770244796814 0.5982177645 -0.2327691349
460.36327 5.97311485141087 0.5982177645 0.2329313071
780.55138 9.79972772539102 0.5982177645 0.1053340558
922.84333 19.9170818205574 0.5982177645 0.0000000000
312.32609 6.04525990208375 0.5982177645 0.3089303441
894.81203 19.8348260234993 0.5982177645 -0.4795799857
561.41497 4.05267503384357 0.5982177645 -0.2813946281
1051.96031 22.0699268190539 0.5982177645 0.0000000000
774.60073 16.239879683181 0.5982177645 -0.2871368611
662.64457 17.870110823799 0.5982177645 0.2483608510
752.55887 14.0124081160384 0.5982177645 0.0501121972
902.81712 20.9108048706781 0.5982177645 0.2856885373
930.84842 21.0342588558108 0.5982177645 -0.2233719681
746.49776 8.20006651458217 0.6043627147 0.1922074709
713.56906 18.0533920310098 0.6372871703 0.0080419161
820.73887 20.3870925868491 0.6372871703 -0.0532646575
926.74435 16.8933009556608 0.6372871703 -0.1768070968
906.84842 21.2989558922693 0.6372871703 0.1418314037
848.77017 20.6807771811994 0.6372871703 0.0744972226
820.73887 20.4635039794541 0.6372871703 -0.0532720526
648.62892 17.5698495820039 0.6372871703 0.0220553514
898.78582 20.4625150733069 0.6372871703 -0.1037916210
856.57093 5.59898090401648 0.6392193320 0.1546215394
850.56036 7.46523297334516 0.6392193320 0.0000000000
894.62296 11.1820495510885 0.6392193320 -0.2639963367
690.61836 20.7653896034918 0.6372871703 0.0943450464
526.29392 2.86628042953785 0.6392193320 0.0489562978
622.61327 17.6665487371794 0.6372871703 -0.1762486534
316.24824 0.911313870521185 0.6372871703 0.0133432356
794.56943 10.9076942958864 0.6372871703 0.1532669914
812.67627 18.9236297817154 0.6372871703 0.2659133104
824.58000 9.6926698481206 0.6372871703 -0.1677341507
718.53813 12.6119143033882 0.6372871703 0.0000000000
326.34174 5.72823548083821 0.6372871703 0.1530904824
831.50291 6.78658871939567 0.6748915230 0.0000000000
792.51740 8.51720523089222 0.6773916019 0.1677206694
912.76508 19.8415631670713 0.6773916019 -0.2733142327
1122.78740 15.8363295455154 0.6773916019 0.0071468546
794.56703 13.4993131154608 0.6773916019 -0.0820236421
638.57180 16.4073643619277 0.6773916019 0.1131036718
684.61367 18.8156612971124 0.6773916019 -0.0581632530
860.60937 7.69006025387614 0.6773916019 0.1709245786
760.64497 18.5930055205169 0.6773916019 0.1585026706
796.73887 20.6695718689207 0.6773916019 0.0728574649
960.89537 21.0543832240577 0.6773916019 0.0650497553
682.59802 18.1858372139026 0.6773916019 -0.8748055210
669.56051 17.9790592463352 0.6773916019 -0.2601656871
668.63401 21.1877234383072 0.6773916019 -0.0560087717
966.84842 20.8354479557231 0.6773916019 -0.1825536579
281.24860 4.55722166813514 0.6748915230 0.0009483239
812.69740 17.4862072751591 0.6773916019 -0.0635721670
828.57601 9.5650283442539 0.6748915230 -0.2982907427
976.92667 21.3071020836908 0.7184320389 0.3485886584
806.56703 10.7532530230852 0.7184320389 -0.0282015944
914.59166 8.74099188690999 0.7113096001 0.1905499362
804.55378 8.81059673369339 0.7184320389 -0.0606703313
714.61836 20.4773139342567 0.7184320389 -0.2700202476
836.54361 4.80313582363978 0.7184320389 0.0059804850
920.77017 20.0271059755271 0.7184320389 0.1199626853
890.81712 21.012173390491 0.7184320389 -0.0884591069
804.51740 9.11919690134941 0.7184320389 0.0000000000
840.64768 14.7822018531406 0.7184320389 -0.0118079855
870.75452 20.2184890366306 0.7184320389 0.1229752026
870.75452 20.1676760525226 0.7184320389 0.1236979615
764.52248 10.0117698170554 0.7184320389 0.3171949805
710.62932 18.9236599374701 0.7184320389 0.1524050922
871.53421 8.44473902873824 0.7113096001 0.0000000000
765.60036 18.7723689624469 0.7184320389 0.0727381880
880.73887 19.9132617818535 0.7184320389 -0.0518076056
678.39878 3.38303720394832 0.7113096001 0.7529436655
838.63203 13.2259585884285 0.7184320389 0.0141222583
664.38313 3.46430112791016 0.7483987531 0.1945579079
450.26262 2.12921976162158 0.7483987531 -0.2878594384
872.56584 4.96633835499076 0.7483987531 -0.2084851468
866.59166 10.2392818144882 0.7483987531 0.0190909960
842.59166 11.1797763754823 0.7483987531 0.1423394292
572.48847 12.7974983020348 0.7603013330 -0.2089037449
738.50683 9.06434144561287 0.7603013330 -0.0567158746
870.75452 20.3412563136878 0.7603013330 0.0974971818
808.58508 9.57275303253541 0.7603013330 -0.0305880156
884.77017 20.2962955262457 0.7603013330 -0.0145231745
808.58508 10.0363339847443 0.7603013330 0.0613778669
806.56943 10.7447375430588 0.7603013330 0.0687922334
832.58268 11.1712248907127 0.7603013330 0.0555794374
896.77017 20.1628227835612 0.7603013330 -0.0316640351
933.71780 17.6915891918748 0.7603013330 0.0389251752
822.60073 10.4066146224881 0.7603013330 -0.0977282437
933.71780 17.4551530890066 0.7603013330 0.0388412251
920.77017 20.2206750068248 0.7603013330 0.2244469808
816.64768 14.1567685630827 0.7603013330 0.0000000000
874.78582 20.6551008507198 0.7603013330 -0.0681836206
652.55107 16.1077760555979 0.7603013330 0.0000000000
834.60073 13.9094896302591 0.7603013330 0.0845904638
785.65310 13.0593623394444 0.7603013330 -0.3333552733
932.86407 21.2841935441372 0.8028850291 -0.1128993771
872.77017 20.4651812734825 0.8028850291 0.1544651076
646.61327 16.6655881288927 0.8028850291 -0.0005261153
528.30847 2.75739817509036 0.8028850291 -0.2047891201
804.55138 9.80440119660059 0.8028850291 -0.0476762412
810.66062 18.5768638517623 0.8028850291 -0.1055737700
773.65310 17.2781521674756 0.8028850291 -0.0261909904
886.78582 20.5689864060295 0.8028850291 0.0329841608
788.52008 13.188931568567 0.8028850291 0.1879545803
740.63401 20.5689674938009 0.8028850291 -0.2511687187
960.82260 18.8231641035878 0.8028850291 -0.2370256752
840.57491 5.17233813631043 0.8028850291 -0.3714708288
658.40544 3.61046134045157 0.8028850291 0.0000000000
778.69192 17.9411885302442 0.8028850291 -0.4774094468
678.61836 20.6683180146395 0.8028850291 0.9216997628
342.26389 1.0117714934768 0.8028850291 -0.2356468467
768.51740 7.92862167289972 0.8028850291 0.0000000000
814.55926 4.93970511985715 0.8028850291 0.1134628979
880.71774 19.7805826656054 0.8028850291 0.1205480402
934.87972 20.9370845076923 0.8028850291 0.4026051936
796.58508 14.4598345498102 0.8028850291 0.2177892548
926.81712 20.8472913641354 0.8028850291 0.0339953757
938.81712 20.7857558021573 0.8028850291 -0.1359876705
860.73378 19.7167902627459 0.8028850291 0.0545652070
798.52796 7.58688371826229 0.8028850291 0.2048984090
668.65514 17.9540843972568 0.8028850291 -0.1021484515
734.47663 7.85423995381365 0.8242681901 0.0000000000
279.23295 3.97452791301577 0.8242681901 -0.1502976611
882.58658 6.95010110983653 0.8242681901 -0.0608665479
255.23295 4.44104822206778 0.8242681901 -0.1552129414
868.60731 12.0187943927317 0.8242681901 -0.0560464637
810.60073 10.6539352456157 0.8460622932 0.0426971317
780.55378 8.62808563887929 0.8460622932 -0.4197698478
766.53573 12.6762752449308 0.8460622932 -0.1666079785
666.60310 17.4600631742548 0.8460622932 -0.1635290895
908.62226 11.6883948918954 0.8460622932 -0.0731652993
810.71813 18.8814848582909 0.8460622932 0.1521679972
368.27954 1.11949597398012 0.8460622932 -0.2642424243
750.62423 18.9794039360553 0.8460622932 -0.0161636513
1023.92901 21.8985576701038 0.8460622932 0.0000000000
937.74669 18.1964243961727 0.8460622932 33.7907147050
558.47282 19.3047972289926 0.8460622932 0.0000000000
893.66296 18.9258016594971 0.8460622932 -0.7087687923
924.80147 20.5899344752001 0.8460622932 -0.2111268077
884.73378 19.4554963506516 0.8460622932 0.3025555825
940.73887 19.3919776691838 0.8460622932 0.0231996398
804.51850 11.3263225046212 0.8628775594 0.0000000000
738.50683 8.6070909281738 0.8897069355 0.0646368460
474.30615 1.53272052921968 0.8897069355 0.0178022943
984.89537 21.2837825292426 0.8897069355 -0.0572740070
757.62180 10.582432341997 0.8897069355 0.0582214087
810.68175 16.368849155244 0.8897069355 0.0078672826
764.52248 11.4149055732965 0.8897069355 -0.0798699325
766.53813 11.4098198392024 0.8897069355 0.2330825544
920.86407 21.3591606765783 0.8897069355 -0.1988813403
802.55926 10.3202341629118 0.8897069355 0.0000000000
826.67666 15.9411548377082 0.8897069355 -0.2228010407
1002.94232 21.263914453612 0.8897069355 0.1129009005
744.55378 13.1816891747472 0.8897069355 0.0864453856
784.58508 10.3233036038536 0.8897069355 -0.0133996860
862.69192 18.8890142787847 0.8897069355 -25.7970156931
832.58508 9.52978056734568 0.8897069355 0.0406094128
638.64457 18.5261975271008 0.8897069355 0.0545747216
888.80147 20.8119473955546 0.8897069355 -0.0895491432
774.62423 18.3132368173869 0.8897069355 -0.0825543822
782.68683 19.4732445342659 0.8897069355 -0.0513520448
910.74943 19.2548489487144 0.8897069355 0.2447077290
636.62892 18.1737697021783 0.8897069355 -0.0933324886
790.53923 10.8349915198868 0.9018173247 0.0872896369
794.53415 9.89714753220415 0.9018173247 -0.1776676989
782.53415 13.6397363078019 0.9018173247 0.0000000000
535.47318 12.6725741779396 0.9018173247 0.0000000000
772.58508 15.071718443991 0.9336885137 -0.0014680052
946.87972 21.3465143213717 0.9336885137 -0.2426566222
478.29282 2.51055646603237 0.9336885137 0.0463994705
664.66022 18.8590914128475 0.9336885137 0.0594589207
926.81712 20.8231705070098 0.9336885137 0.0888264160
654.56672 17.0491844284422 0.9336885137 -0.1910535926
832.58508 8.63191998538658 0.9336885137 0.1542184181
948.89537 21.406196054594 0.9336885137 -0.4066524511
424.34214 2.23884645680796 0.9336885137 -0.0939967940
950.81712 20.688621773897 0.9336885137 0.0000000000
682.63440 19.037569606701 0.9336885137 0.0014902734
962.91102 21.1182268551194 0.9336885137 -0.1377708016
807.57454 10.0418056473801 0.9336885137 -0.1325865371
758.62932 17.6912907215723 0.9336885137 -0.0178916667
640.62384 16.8566078083224 0.9336885137 0.0074749042
792.55378 11.5036067657378 0.9336885137 -0.1621278493
796.54980 10.1020926217767 0.9409948168 0.0659763701
582.28375 2.16568011387043 0.9409948168 0.2020363159
628.36200 2.740829679828 0.9409948168 -0.0626485282
920.86407 21.274428634414 0.9778735006 -0.4361575898
834.60073 10.0765451541135 0.9778735006 -0.1187307145
664.66022 19.0291120692078 0.9778735006 0.0048334457
454.29282 3.10399841091146 0.9778735006 0.1752360605
624.62892 18.080783619151 0.9778735006 -0.0643923342
806.56943 10.3150696441416 0.9778735006 -0.0084195797
828.69231 17.2137732777944 0.9778735006 0.1878233833
654.56672 17.08224639763 0.9778735006 -0.1928591849
1004.95797 21.4395827699356 0.9778735006 0.1898186849
932.62226 10.990910959421 0.9778735006 0.1851700788
768.55378 12.0939846851885 0.9778735006 0.0193176152
750.66062 19.4397721180416 0.9778735006 0.0232115444
370.29519 1.38490071583004 0.9778735006 0.1396002161
786.66062 18.7552834757157 0.9778735006 0.1335121628
703.58471 19.034943597028 0.9778735006 0.0000000000
780.51740 7.52666946501343 0.9778735006 0.0000000000
842.59056 6.97840730105147 0.9778735006 -0.0543901901
900.80147 20.701114540079 0.9778735006 0.0666487025
927.81720 20.755136055392 0.9778735006 0.0428363900
852.57601 9.13167035851157 0.9803156410 0.0163677487
880.73887 19.154743256211 1.0000000000 0.0000000000
480.30957 3.80069758487822 1.0000000000 0.0183757723
802.55926 10.6574420779 1.0000000000 0.0000000000
904.83277 21.1064113922071 1.0000000000 -0.0329132634
594.58197 16.5808252982973 1.0000000000 -0.1000817281
882.75452 19.9974779552551 1.0000000000 0.0286281427
888.76508 20.0952089837461 1.0000000000 0.1132215988
940.73887 19.5700696641439 1.0000000000 0.0003831457
892.60731 10.2780298686904 1.0000000000 0.0701916283
605.47516 15.2824436412883 1.0000000000 0.0000000000
974.91102 21.1054190039006 1.0000000000 -0.1719610494
638.57180 16.837530747892 1.0000000000 -0.0428696786
986.91102 20.8580526666136 1.0000000000 -0.1641523852
816.57491 5.88522899420606 1.0000000000 0.0664682484
