"m.z" "r.t" "p.value" "t.score"
157.14146 7.82 0.0000000001 -0.5723642402
325.17107 10.465 0.0000000001 -1.3621051435
268.15443 8.687 0.0000000001 -28.2737066901
240.15945 8.688 0.0000000001 -0.3574499968
340.26912 12.54 0.0000000001 -0.6413428770
216.06872 8.046 0.0000000001 -0.7499642298
191.99763 10.928 0.0000000001 -1.4696817283
340.13251 6.956 0.0000000005 0.5597814340
331.95245 4.82 0.0000000008 -0.2612408641
277.08920 2.364 0.0000000010 -0.2294246387
445.81506 12.734 0.0000000027 -1.4441621027
417.30441 12.205 0.0000000069 -1.2205099875
199.96928 8.234 0.0000000231 -0.1598253050
401.15295 10.707 0.0000002642 -0.2239431984
209.03017 5.657 0.0000005570 -31.2627053706
311.15530 10.615 0.0000007197 -0.4669304469
328.10279 10.232 0.0000006867 -0.2223880491
360.99793 9.63 0.0000008632 -0.4205126847
174.14874 8.541 0.0000011996 -0.5640341813
147.11266 1.298 0.0000017684 -0.3562288140
508.01346 5.713 0.0000028093 -0.3098163279
289.22728 9.974 0.0000054723 -1.6434349794
155.15427 5.154 0.0000078828 0.2216226255
338.11688 6.931 0.0000089542 1.6730345536
387.28674 11.884 0.0000125531 -0.1295808134
245.12827 10.024 0.0000246811 -0.0968828697
272.13379 2.368 0.0000272980 -0.3271820858
165.06909 3.268 0.0000307868 -0.2704003299
416.35181 10.38 0.0000383109 -0.2591203897
111.02003 12.66 0.0000448463 -28.7388626711
190.92841 8.648 0.0000469901 0.3239703518
165.04176 12.772 0.0000635443 0.2149546576
414.33618 10.38 0.0000700359 -0.3268795196
447.89196 1.202 0.0000713895 0.2713989921
182.08107 8.577 0.0000687065 -0.2583651998
177.10193 10.234 0.0000713895 -0.1237350633
326.23230 10.263 0.0000800456 -0.2185697182
185.11830 12.558 0.0000822220 0.2021661680
208.06134 11.426 0.0000907017 -0.2079564206
212.11265 2.743 0.0000985501 -0.4310013505
384.12233 6.947 0.0001566999 0.3952089164
778.20494 9.657 0.0001743297 -0.6616046528
253.09279 5.964 0.0001844581 -0.1864778868
253.11829 6.707 0.0001984666 0.3701397627
705.82720 8.883 0.0002132906 26.5942897861
101.01674 5.642 0.0002505309 1.0390124034
226.09353 10.051 0.0003322019 1.4374335610
221.15347 12.88 0.0003264430 -0.1635302823
307.11092 12.054 0.0004021452 -0.1788197831
480.00681 6.217 0.0004021452 -0.4277643980
195.11263 6.089 0.0004382892 -0.2262241862
530.20775 7.351 0.0004308263 0.3204235127
508.08591 1.012 0.0004856612 0.1443010166
212.11807 9.798 0.0005024848 -0.9860333677
569.26508 11.514 0.0005881137 -0.0713072513
412.86265 1.253 0.0006363526 0.2489711926
105.03673 2.076 0.0006690547 -0.7382894859
440.29200 12.712 0.0006802981 -0.7252793032
229.56251 1.002 0.0006802981 0.1852185987
310.14136 10.22 0.0008573058 3.0245993520
206.10229 7.942 0.0008573058 2.7906020521
168.07661 2.356 0.0009302582 0.0000000000
246.04396 9.126 0.0011428028 -0.1009391957
219.12255 11.03 0.0011294398 0.0000000000
207.14903 10.244 0.0011850530 -0.0796922436
177.14837 10.693 0.0012041459 -0.4159353582
189.08795 4.9 0.0014393490 -32.0809989251
207.14907 8.611 0.0014796133 -0.2060116664
285.97708 9.15 0.0015869481 0.9187832181
396.45639 11.969 0.0015509311 -0.1061836111
421.20414 10.379 0.0015753985 -0.5280375491
245.09525 8.796 0.0017298201 0.5360848287
156.96584 6.254 0.0017843104 -0.0913102025
190.15486 1.3 0.0018403745 0.4017449585
309.11905 9.619 0.0018942764 -0.1208797247
238.09924 7.85 0.0018980530 0.1186877776
188.16425 9.634 0.0019876892 -0.0854951165
307.85583 8.541 0.0020189642 0.1376276914
321.89751 4.849 0.0020512913 -1.0510505311
186.11234 2.243 0.0022121497 -0.4533523043
345.07263 11.048 0.0025565925 0.4447925543
279.11598 10.313 0.0025348476 -0.1595854728
518.83193 1.289 0.0025967185 0.1711636442
240.11491 9.07 0.0026516321 0.2495457753
256.01510 9.976 0.0026916399 -0.1176965666
356.24298 12.717 0.0029000783 -0.1810372608
226.12834 4.744 0.0029434939 -0.9608344044
379.14916 11.813 0.0030321093 -0.1764655374
336.85849 10.106 0.0030777067 0.2139022388
756.24129 8.822 0.0032643944 1.3969641171
256.10980 7.843 0.0033127532 0.2360889324
211.10753 8.605 0.0034114333 0.2425878852
365.10535 5.437 0.0038894505 0.6494951188
228.07861 8.707 0.0038894505 0.5472587022
241.15468 4.688 0.0038894505 0.0645556967
267.17197 12.682 0.0038334847 -0.1834067130
360.02505 8.292 0.0041208121 -0.1552483546
232.05761 9.265 0.0041033726 2.0045319659
575.39459 12.631 0.0043645941 -0.1579723799
583.15175 9.301 0.0045534977 29.9250639756
207.12252 10.344 0.0045559305 -0.5798741517
174.04068 9.047 0.0046213303 -0.6144346083
85.02833 1.167 0.0046876758 0.1092236152
489.16273 12.42 0.0047548334 -0.1789991306
128.04539 9.945 0.0048917674 0.6715739767
266.06696 10.05 0.0049019068 -0.0571543170
242.13058 8.916 0.0052498432 1.1713277929
180.01162 0.852 0.0053995839 -0.1994650308
706.32819 8.954 0.0053242381 25.7940647048
453.18585 12.336 0.0053995839 -0.1198429868
249.02274 11.666 0.0058384886 0.1311295529
276.13611 4.661 0.0062942319 0.1481823325
172.07175 9.946 0.0065603528 2.5108286308
288.00378 4.675 0.0067433445 0.0000000000
345.07272 11.44 0.0072345541 0.2101251883
418.16272 8.633 0.0072210547 0.2741730296
249.15572 1.016 0.0071231511 0.0983438925
251.17527 9.996 0.0073201644 -0.1049267946
191.10249 10.256 0.0075220528 -0.1496562850
289.06943 3.383 0.0075473317 -0.0358691286
209.10183 7.667 0.0079408705 0.1727329329
575.39471 12.566 0.0080487856 -0.1550683147
449.30468 12.874 0.0083804525 -0.1752806695
278.17495 7.936 0.0084936945 0.0185353713
281.07666 10.459 0.0087242915 0.1943496883
370.07339 6.623 0.0089604672 -0.1772060026
294.14084 3.52 0.0092023363 0.3639046506
331.09246 10.166 0.0092023363 0.1777129031
320.20668 12.357 0.0094500156 -0.3655778100
466.81659 1.86 0.0095597131 0.1131595689
204.15923 8.684 0.0098326882 -0.0652310277
108.04423 11.408 0.0099632804 0.1722854558
107.04896 8.69 0.0106396933 -0.0830606636
175.04773 9.931 0.0113566418 0.1494812139
177.10207 3.9 0.0119607510 0.4576830761
190.92842 8.022 0.0126973254 0.1503710396
153.06571 9.803 0.0127558415 0.2207016776
199.03354 0.882 0.0130391319 -0.2310928925
308.18542 9.698 0.0134252320 -0.1089059438
99.51218 7.619 0.0134252320 -0.0515186514
133.08570 7.047 0.0134252320 -0.4959227654
257.11322 8.472 0.0132550369 0.1397163657
158.09236 9.95 0.0144875409 0.1703031759
642.31799 0.711 0.0144875409 0.0670846164
115.07521 4.193 0.0148577616 -0.2330234670
217.11826 7.86 0.0148577616 -0.1063960026
473.97051 0.82 0.0148731069 -0.1373792715
152.05663 10.045 0.0152362934 0.0885011359
412.19637 8.44 0.0156232909 -0.1551177384
262.18017 8.577 0.0160189105 -0.1181334406
275.03886 11.955 0.0158200131 0.1706232712
711.06927 2.468 0.0160189105 -0.6950062207
434.21735 8.685 0.0164233106 0.0677682757
162.83902 11.979 0.0169306779 -0.3177288655
461.80297 1.263 0.0170467261 0.1581907750
553.88232 12.299 0.0170467261 0.1564175869
146.93846 9.294 0.0169306779 0.0902222310
91.50454 9.41 0.0168366518 -0.1139052263
379.19346 9.538 0.0179101944 -0.3398903810
110.54134 1.31 0.0181319584 0.1137104865
243.13377 10.443 0.0181319584 -0.2681619472
258.91731 1.113 0.0178212173 -0.1383627623
434.15768 9.106 0.0190432373 0.1107169436
193.09709 3.414 0.0192772201 0.6300855274
793.36467 9.087 0.0197527336 -0.1553355369
258.15450 8.641 0.0199943082 0.1499321415
261.21717 11.699 0.0207345706 -0.1083576294
307.11091 10.806 0.0207345706 -0.1043189487
354.93174 12.592 0.0212412523 0.1780949841
149.11722 7.029 0.0217586850 0.0403713855
258.12554 8.709 0.0220214904 0.1066170910
358.25885 9.566 0.0220214904 0.2770189773
302.01923 4.916 0.0222870529 -0.8569830180
549.21370 9.63 0.0223555624 -0.1404955565
165.01160 11.331 0.0225553956 0.2004911457
465.12645 12.602 0.0228265423 -0.1741786092
459.28007 10.076 0.0233773415 0.0299751642
160.84199 11.608 0.0237809672 -0.1970972353
463.48311 1.347 0.0256974750 -0.1251380860
143.10651 6.511 0.0256974750 0.1202272649
353.26603 0.658 0.0256974750 0.1147208516
336.85871 2.805 0.0255949542 0.0768980622
632.05540 0.993 0.0253969708 0.1856046824
158.08099 7.879 0.0260010497 -0.0639413621
144.10184 1.135 0.0263077199 -0.6013010791
131.04616 0.888 0.0268697336 -0.1207172840
190.92841 8.49 0.0271968655 0.1124645317
233.09932 6.804 0.0275658604 -0.7854686822
190.92839 9.84 0.0278614522 0.0827476089
209.94902 5.841 0.0278614522 0.1471969724
132.06535 4.662 0.0282141630 0.1251782506
239.14878 8.324 0.0282141630 0.1172892480
137.04564 10.098 0.0288755620 -0.2886504575
151.06264 11.301 0.0292112377 0.1935582819
297.09353 5.148 0.0298926726 0.0000000000
397.15988 10.063 0.0298926726 0.4038461304
440.02592 5.068 0.0306616692 -0.1325718462
236.22177 12.503 0.0305877288 0.1771286865
416.37491 11.688 0.0321501915 -0.0741966254
124.00731 0.904 0.0325318559 0.1148079139
445.07303 5.714 0.0329173947 -0.0945593752
241.03105 1.001 0.0331307910 0.0621475462
416.28513 11.536 0.0338898111 -0.1772914348
90.50677 12.471 0.0350561957 -0.1562073492
388.87366 2.809 0.0349042804 0.0613263416
515.56788 1.001 0.0354525304 0.1555789992
211.14407 9.009 0.0362566790 0.3160656435
286.20103 9.535 0.0366645498 -0.1066056278
191.06606 11.966 0.0366645498 -0.0125228217
179.05488 1.986 0.0374920270 0.1461880828
471.24462 10.798 0.0374228846 0.1003466067
178.08624 9.139 0.0370763229 1.2375280274
100.07559 2.81 0.0374920270 0.4280172497
102.12759 12.537 0.0383353439 -0.4662067634
189.14840 10.117 0.0391947323 -0.1141582779
239.09126 11.735 0.0409626592 -0.0557909226
258.11248 9.938 0.0414150525 0.2234113619
266.08820 1.001 0.0414899281 0.0375940574
101.07896 2.801 0.0418716698 0.4257961728
426.21209 8.442 0.0418716698 -0.1371491213
150.12764 10.599 0.0432671652 0.0391796584
237.08688 10.308 0.0432671652 0.2117475366
282.11969 8.251 0.0437409783 0.0023206133
175.11892 1.026 0.0442191657 -0.0421136899
208.10014 4.098 0.0447017579 -0.0208735962
193.09712 6.272 0.0451887853 0.1877776549
690.50885 12.897 0.0451887853 -0.1219274964
480.15680 12.825 0.0456802784 -0.4782662260
309.12663 11.904 0.0456802784 -0.0550036254
333.09137 11.511 0.0464417774 -0.0617064103
302.01938 5.534 0.0471818590 -0.6415531727
231.08377 4.726 0.0482058057 -0.5246055675
317.14938 10.984 0.0508476120 -0.1264401108
259.09244 5.411 0.0519377688 0.4229432187
231.93157 9.376 0.0518820233 0.0554720039
421.20432 9.899 0.0519377688 0.1340597597
306.08103 11.419 0.0513902707 0.2339235961
187.94177 12.093 0.0530317296 -0.1047458383
223.09228 0.991 0.0536096166 0.1627888893
278.19036 9.315 0.0536096166 -0.2804062831
432.27996 10.695 0.0541767898 -0.3418335700
111.02019 7.619 0.0564957895 -0.0869923699
297.04541 6.041 0.0572246050 0.4188562089
138.05484 4.812 0.0588968267 0.4152111991
334.12581 1.044 0.0591041316 0.0261168288
330.91568 12.664 0.0595101473 -0.1033828586
698.16820 9.398 0.0595101473 0.0944693823
172.20593 8.813 0.0595101473 -0.0339384088
168.12286 3.898 0.0601287576 0.0946530975
255.04659 1.162 0.0607526902 0.1380920023
308.20093 9.228 0.0613819778 -0.2780707166
450.01277 1.949 0.0613819778 0.1941144804
191.08138 10.787 0.0633022988 0.1542610690
241.10289 0.989 0.0646098903 0.2335041647
269.12445 6.202 0.0659396920 0.1678070316
191.06619 1.892 0.0679766180 0.1489370158
264.19561 6.634 0.0686669858 -0.1548950383
250.17998 6.152 0.0686669858 -0.0619982586
245.16055 5.096 0.0700650100 -0.1515847974
289.15454 10.891 0.0700650100 -1.6572942100
219.96644 7.563 0.0700650100 0.1389692819
332.24300 9.924 0.0693631054 0.1224303605
317.14536 3.942 0.0693631054 0.1459236248
308.20098 9.244 0.0707727330 -0.2844325150
249.10805 2.365 0.0714863078 0.0171583599
344.20657 10.379 0.0729311469 -0.0965957498
439.28392 12.663 0.0743997951 -0.3525537145
320.13331 1.017 0.0751431314 0.1001244739
144.06544 5.699 0.0751431314 0.1611607853
286.20099 9.676 0.0751431314 -0.1144365849
569.31421 11.238 0.0751431314 0.0451827673
422.92822 10.675 0.0743997951 0.1395749606
261.14835 12.903 0.0758925207 -0.4822081481
196.09662 9.84 0.0766479965 -0.0420683562
272.16433 10.137 0.0774095924 -0.0961642852
647.41104 12.469 0.0781773421 0.0813252591
476.30655 10.048 0.0789512793 0.0098364167
332.19155 8.904 0.0797314375 -0.0341818741
405.01419 1.275 0.0808657997 -0.0808259585
196.14204 0.68 0.0821095755 -0.0124338951
305.22233 11.03 0.0821095755 -0.1318161098
233.10721 6.699 0.0821095755 -0.0935850597
207.07621 8.806 0.0813105520 -0.0523847314
382.34265 11.093 0.0829149550 -0.0814629650
372.25891 11.165 0.0837267239 0.0936678744
364.09756 6.636 0.0842059884 0.0449081334
199.09645 9.587 0.0845449161 0.1055793941
117.06976 7.935 0.0853695653 0.0481135971
487.03583 1.444 0.0859174800 -0.0152202025
437.29077 11.98 0.0867837065 -0.0341938990
247.07118 11.161 0.0895908440 0.1520718989
371.17238 10.818 0.0894247594 -0.2100710213
471.19640 11.271 0.0887334049 -0.0637790607
313.01459 8.756 0.0895908440 0.0533305856
245.21099 11.725 0.0904549421 0.1177701192
132.07667 1.015 0.0913257327 0.1315121695
310.21667 9.245 0.0913257327 -0.3081331108
296.20090 9.244 0.0930875263 -0.2970134312
179.05607 7.974 0.0939700075 0.5648656200
88.07557 0.874 0.0948764933 -0.0557865179
257.09930 9.85 0.0957812507 -0.0507961083
202.17990 9.685 0.0966929020 0.0377102135
205.08168 1.646 0.0976114807 0.0373407538
289.06771 9.654 0.0986986750 -0.0783221128
189.15960 1.36 0.1023094528 0.0930150202
145.04945 1.0 0.1023094528 0.1014045249
198.09718 1.002 0.1013557368 0.1045449571
145.04935 0.994 0.1023094528 0.1014045249
486.24869 9.759 0.1023094528 -0.1002019278
113.03080 1.937 0.1013557368 0.5644597974
113.03078 1.938 0.1042382997 0.5682316949
163.06002 1.001 0.1042382997 0.1235914362
229.91606 11.99 0.1046217453 -0.0504703357
401.24885 9.151 0.1052134969 0.1021732087
101.05956 10.514 0.1071856040 -0.0340613323
129.05452 7.943 0.1071856040 0.3295803478
186.11247 5.226 0.1071856040 -0.3733030213
663.43469 12.755 0.1081825799 0.0306184648
161.12841 1.01 0.1091868812 0.1694574570
173.09307 1.007 0.1097702886 0.0469748811
487.28036 11.49 0.1101985407 -0.0995482954
237.08701 10.015 0.1112175912 0.0993892678
464.08922 11.123 0.1118849495 -0.2380103608
92.04305 1.438 0.1129542637 0.0255965103
522.08875 9.141 0.1143194148 0.1163138945
294.20602 6.275 0.1143194148 -0.1069350624
410.56647 0.991 0.1153683552 0.0980671055
272.07651 7.249 0.1164248492 1.9945510361
270.19113 8.84 0.1164248492 -0.0177300163
163.09646 8.511 0.1164248492 0.0068265161
114.09122 5.331 0.1164248492 0.2965408821
705.32525 9.166 0.1153683552 -0.2856018181
294.20617 9.687 0.1174889291 -0.0377456104
170.11762 6.354 0.1185606271 -0.3749459935
78.91870 3.875 0.1184221215 -0.0402637341
217.06176 9.907 0.1195402024 0.1764621570
785.50444 12.594 0.1207270060 -0.0721087320
557.34613 12.217 0.1207270060 -0.0285179459
138.05490 5.226 0.1218217507 0.1613868596
379.97192 3.482 0.1240954144 -0.0060935558
180.08652 1.003 0.1240345103 0.1085037210
761.58417 12.508 0.1251525884 0.0000000000
526.33502 11.108 0.1264232492 -0.0968092418
273.15962 10.88 0.1262785076 -0.4695896405
253.05434 6.017 0.1285539947 -0.4193988681
73.06475 7.028 0.1285539947 0.0644277716
215.17541 7.058 0.1297036251 -0.1667898625
652.35148 0.688 0.1297036251 0.1526860829
269.08932 8.607 0.1320268154 -0.1487707743
233.00668 11.007 0.1320268154 0.1410662709
255.04329 11.107 0.1320268154 0.1295220420
139.03992 10.477 0.1323915854 -0.0594604776
160.13321 5.706 0.1320268154 0.6592951578
136.04808 1.003 0.1332004370 0.0686564826
257.09938 9.828 0.1355718873 -0.0427887288
229.05791 5.313 0.1360759705 -0.0970260726
174.95605 1.643 0.1373215347 0.0422159945
210.13344 8.407 0.1404124681 0.0470817162
88.98779 8.834 0.1423918701 0.0000000000
190.11859 1.167 0.1428820814 0.0872304394
92.52214 1.525 0.1453848947 -0.0713024700
321.13092 8.71 0.1441293233 0.0013424295
271.18060 10.852 0.1453848947 0.3476593150
659.33848 0.69 0.1453848947 0.1071793901
315.04161 9.833 0.1449803516 -0.1077108855
130.05081 0.9 0.1436816404 0.1893262891
437.23540 10.424 0.1466488250 0.2432874053
458.98352 1.44 0.1462880363 -0.0509302554
290.26883 12.224 0.1466488250 -0.0391341759
270.08905 11.955 0.1492018793 0.0558363826
311.12905 0.991 0.1489304568 0.0962021497
165.11209 5.944 0.1492018793 -0.0958597874
258.91571 10.016 0.1489304568 0.1603411738
726.82403 0.698 0.1479211435 0.0457924027
81.52054 0.787 0.1504910611 -0.0760653711
107.07014 1.305 0.1544095703 0.0896434764
397.11301 1.167 0.1544095703 -0.0656900137
130.06211 1.029 0.1556958063 0.0813450158
388.25410 9.464 0.1557328225 -0.0413359770
187.87340 8.427 0.1584663308 0.0648594218
426.21226 8.517 0.1584051197 -0.0755715391
315.04162 10.418 0.1584663308 -0.0409255351
146.05992 10.774 0.1597542201 0.0336965176
446.29603 10.761 0.1624784626 0.0455311945
89.05965 3.335 0.1611119920 0.0349122934
310.17598 10.833 0.1624784626 -0.0723997605
419.14191 9.659 0.1626918781 -0.1601980680
203.04026 4.626 0.1624784626 0.1695308309
250.18018 7.42 0.1638536591 -0.0221462421
348.89496 2.036 0.1641191188 0.0719846839
189.12341 0.99 0.1666303375 0.1217882565
328.24808 10.663 0.1652376084 -0.1946375207
206.10339 0.808 0.1655557721 -0.0940916487
198.04960 1.023 0.1670018679 0.0727094291
317.18723 11.592 0.1670018679 0.0544389327
665.37395 0.645 0.1670018679 0.0344092751
189.08695 10.311 0.1680318728 0.0529760951
162.07594 1.02 0.1680318728 0.0341326752
147.11269 2.171 0.1708614676 -0.0457319388
99.09158 0.871 0.1708614676 -0.1934930198
132.99174 11.641 0.1699225049 0.0038073969
146.08105 6.033 0.1708614676 0.0815647334
115.03881 4.262 0.1708614676 0.0925564264
85.07597 9.659 0.1694422408 0.0464870009
170.15375 8.756 0.1737266015 -0.0254259694
312.21699 8.835 0.1751725600 0.1885543397
173.10430 1.503 0.1758783739 -0.0838437148
231.06209 9.352 0.1758783739 27.5784955821
250.03838 8.012 0.1766274799 -0.0961524298
237.12318 6.91 0.1766274799 0.0143860924
317.05597 8.648 0.1751725600 0.0452216959
119.52785 7.619 0.1795643047 0.0360686263
213.03271 11.009 0.1795643047 0.1462464408
190.92833 2.326 0.1789140620 0.0083984649
366.11176 6.382 0.1810462592 -0.0897305570
126.97134 0.92 0.1840373747 -0.0489591190
572.35541 12.497 0.1840373747 -0.0779197314
180.08653 1.783 0.1855465839 -0.0037514971
287.10956 8.45 0.1855465839 -0.0476601014
375.16199 11.717 0.1870649260 0.0324686265
434.87184 1.655 0.1866735070 0.1793718408
185.00655 4.81 0.1882547926 -0.0938462351
102.95671 8.75 0.1898459385 0.0866796587
146.93845 2.351 0.1946787937 0.0203191738
237.08673 7.957 0.1947944434 -0.0280992833
343.12322 5.46 0.1963680681 0.5311210528
217.05670 5.627 0.1979509852 0.0802076599
447.08203 1.032 0.1979509852 0.0502934870
333.14431 9.911 0.1979509852 -0.0129228988
252.12307 9.556 0.1995432165 0.1603121662
272.17023 7.569 0.1995432165 0.0233865915
242.02522 10.323 0.1996013009 -0.0377223381
189.13456 6.238 0.2011447837 0.0208418398
219.07628 10.787 0.2011447837 0.1041842354
290.15961 6.066 0.2027557079 0.5856972832
487.62840 3.778 0.2046141161 -0.1046123002
187.07130 10.882 0.2043760103 0.0862798343
356.24314 11.873 0.2060057115 -0.0232952016
141.06581 4.488 0.2060057115 0.0747944838
307.16514 10.397 0.2076448320 0.1688527676
97.02825 1.049 0.2076448320 0.0828439886
437.93057 3.589 0.2097178708 -0.0281347118
145.08582 10.901 0.2092933920 -0.0917659740
244.15546 11.136 0.2097178708 0.0521039978
329.08807 11.946 0.2131711963 0.0392818788
126.97144 0.943 0.2126189102 -0.0471061610
206.10331 0.816 0.2131711963 -0.0907529595
361.18300 10.229 0.2142959073 -0.5827113602
415.54919 1.007 0.2159824219 0.0539981648
689.95621 12.574 0.2176784729 0.0606976909
316.04490 10.475 0.2184278506 -0.0760796944
75.00862 7.446 0.2202005966 -0.0649399306
316.04492 9.022 0.2202005966 -0.0742052516
210.05015 7.025 0.2193840787 0.0683913432
210.05010 7.041 0.2193840787 0.0684835487
129.06566 9.317 0.2210992576 0.0375953055
694.92303 12.344 0.2228240275 -0.0461287944
281.15950 9.565 0.2245584059 0.0166173240
296.95007 11.91 0.2255807002 0.2482266344
522.20241 6.584 0.2263024102 0.0580916101
105.05448 1.968 0.2263024102 -0.2217913997
168.07780 1.032 0.2273947547 0.0623913537
117.09095 7.027 0.2280560574 -0.0312968449
96.96958 2.479 0.2292191841 0.0554750251
269.05336 10.389 0.2315923468 0.0812783342
147.07632 5.289 0.2315923468 0.0198627352
382.58487 0.991 0.2315923468 0.0607752790
384.11905 1.015 0.2333750216 0.0887032119
187.87337 8.733 0.2347549034 0.0516462515
118.08623 0.915 0.2351674041 0.1037537096
311.00842 7.066 0.2351674041 0.0294005899
158.04011 0.897 0.2387813541 0.1313888402
120.08070 7.05 0.2387813541 0.1020778834
317.05589 8.206 0.2387813541 0.0615739136
128.95069 2.586 0.2406029513 -0.0590834882
102.95674 5.952 0.2422821838 0.1160172030
118.04970 3.758 0.2442754629 -0.0805024997
188.93295 2.197 0.2441902430 0.0361011495
379.17993 11.998 0.2442754629 0.0308473109
223.98822 12.487 0.2442754629 -0.1043871108
524.15241 10.436 0.2461264051 0.0552560430
160.93532 9.172 0.2461088293 -0.0335378131
409.08652 10.494 0.2461264051 0.0885317227
182.98610 9.194 0.2480379576 -0.0444968103
305.14947 10.889 0.2498577297 -0.1108548449
237.89749 2.487 0.2519278984 0.0444961762
85.02830 0.999 0.2517381380 0.1123218717
87.00860 1.205 0.2538887391 0.0788813344
276.14394 5.173 0.2536283937 -0.2437857245
612.36945 9.954 0.2555285090 -0.0491216260
408.08248 9.042 0.2593583647 0.1248229932
698.16849 9.637 0.2593583647 0.0978577604
96.04426 4.377 0.2593583647 0.1112249432
387.11466 5.628 0.2618382122 0.0268921539
129.93629 10.623 0.2618382122 0.1406158620
250.17998 7.782 0.2612881276 -0.0120901542
705.32528 9.119 0.2632277950 -0.1897426089
154.12262 4.195 0.2632277950 -0.0245246117
228.99393 11.618 0.2638521702 0.0204881616
502.85944 1.678 0.2658767876 0.0933811881
371.12243 11.684 0.2671368841 0.1122621596
97.02831 0.999 0.2671368841 0.0684538469
181.07165 0.988 0.2679120753 -0.0491041426
203.05260 0.997 0.2691063254 0.0841043432
83.03560 0.578 0.2710857104 -0.0221608310
326.70016 9.515 0.2710857104 0.0414180832
272.20084 10.484 0.2710857104 0.0205764329
271.09953 11.391 0.2710857104 0.0498934358
203.05251 1.003 0.2691063254 0.0841043432
311.00018 10.361 0.2720147035 -0.0131658119
283.01366 7.055 0.2730750479 0.0457789585
166.08610 7.964 0.2750743465 -0.1319650749
190.92842 5.012 0.2740820638 0.0977097801
226.92738 2.457 0.2740820638 0.0827492586
148.06036 0.977 0.2750743465 0.1806570657
374.59629 1.031 0.2770836142 0.0949686954
191.08147 10.173 0.2770836142 0.0883970627
183.09899 6.515 0.2770836142 0.0828413298
635.06921 9.54 0.2791028590 0.0235274395
604.13812 8.48 0.2791028590 0.0000000000
184.04007 6.249 0.2811320881 0.0745748952
298.18579 10.238 0.2811320881 0.2260090097
130.08608 3.859 0.2872797501 -0.0609299694
328.16675 10.866 0.2867114320 -0.0742015583
279.13378 10.427 0.2872797501 0.2257416515
377.91489 4.919 0.2888539335 -0.0952391436
153.06584 9.4 0.2893489831 0.0421747237
275.05621 0.754 0.2888539335 -0.0054033161
169.09472 0.91 0.2914282317 0.0663080412
667.32529 0.715 0.2935175011 0.0594767963
419.04828 1.448 0.2931712309 -0.0165178554
635.06932 10.199 0.2935175011 0.0152670750
427.09502 6.181 0.3019748736 -0.0399107419
243.75525 3.939 0.3019351486 -0.0278009684
265.15854 9.744 0.2977261203 -0.0663057210
159.05110 3.693 0.2998454784 -0.1382357569
290.13862 11.042 0.3019748736 -0.1258899960
230.98854 11.635 0.2998454784 -0.0402713792
166.94304 3.234 0.3019748736 -0.0464203603
195.05092 2.207 0.3019351486 -0.0665267503
212.07631 2.342 0.2956167958 0.2570734992
180.05942 1.204 0.2997279926 0.0187164618
315.04150 8.971 0.3019351486 -0.0595411256
261.14441 5.814 0.2977261203 0.1027090409
303.20673 9.547 0.2977261203 0.0915642760
176.12800 11.055 0.2977261203 -0.5705533597
487.30560 11.514 0.3041530953 -0.0639003326
259.18052 10.234 0.3041143090 0.2536010962
293.09537 12.356 0.3062637874 0.0263818174
171.02739 2.092 0.3108717067 -0.1063281326
88.04027 1.037 0.3108717067 0.0543899313
335.19002 11.609 0.3127725008 -0.0814474937
399.49400 1.286 0.3127725008 -0.0210466488
168.09294 7.024 0.3171618889 0.0614535307
242.28430 9.88 0.3193716586 0.0123586017
235.07137 9.931 0.3193716586 0.0648703564
146.96129 2.582 0.3215914787 -0.0502202549
144.06298 0.713 0.3215914787 -0.0033951018
388.25419 9.449 0.3260612670 -0.0160342293
172.13321 4.594 0.3283112328 -0.0332869849
116.07055 0.913 0.3283112328 0.2016460460
290.13863 10.97 0.3283112328 -0.1229733226
111.52172 12.498 0.3305712440 -0.1695944802
117.08494 1.011 0.3351213931 -0.0290335344
360.96807 11.999 0.3351213931 0.0305701935
131.54204 0.971 0.3351213931 0.0823895132
444.99817 11.416 0.3339690688 -0.0073434377
88.03921 2.029 0.3397116907 0.0568798274
324.19171 10.394 0.3374115251 0.1297110705
116.92850 11.957 0.3387180834 -0.0729703912
229.15463 3.876 0.3374115251 0.0160171938
188.94906 1.465 0.3387180834 0.1112470928
146.06332 5.783 0.3397116907 -0.2187434955
101.07077 0.99 0.3420218860 0.0703049920
269.02976 10.317 0.3443421065 0.0333850803
190.92835 1.975 0.3459224511 0.0194332782
173.92616 11.435 0.3459224511 0.0157938669
279.17010 9.088 0.3466723472 0.0632488807
127.03885 1.001 0.3560934000 0.0132516648
166.05314 0.939 0.3560934000 0.0945128104
169.97727 2.61 0.3560934000 -0.0268051418
477.00025 10.29 0.3537231358 0.0577245339
269.08778 1.414 0.3532237045 0.0963551423
353.16799 1.006 0.3507791988 -0.0271549634
232.15429 4.856 0.3560934000 -0.0630286079
133.10515 1.114 0.3560934000 0.0645826591
147.07643 0.914 0.3560934000 0.0321081549
203.04007 4.18 0.3490126029 0.0575508913
209.13823 7.93 0.3560934000 0.0241961639
783.57184 12.247 0.3560934000 -0.1015136861
480.15680 12.579 0.3513628679 -1.2929668947
90.52578 1.842 0.3490126029 -0.0340998818
349.08928 10.373 0.3537231358 -0.0673427883
228.12846 0.972 0.3584736534 -0.0142931792
199.06869 9.063 0.3608638886 0.0027674155
139.53088 1.201 0.3608638886 -0.1147552073
328.24829 9.581 0.3608638886 0.0124459100
239.12775 12.444 0.3608638886 -0.0512596435
314.18103 9.221 0.3632640975 0.1561620107
90.52582 0.761 0.3632640975 -0.0105988256
90.50687 7.619 0.3656742716 -0.0742355124
261.09446 1.214 0.3680944021 0.0628511945
353.14236 11.998 0.3681160933 0.0403418376
197.12844 8.684 0.3680944021 0.0277554551
209.09206 9.067 0.3705244796 0.0013749447
200.10289 1.337 0.3705244796 -0.0869886450
242.98245 7.562 0.3705244796 0.1224481241
305.09646 11.916 0.3731658507 -0.0558875198
199.06892 9.647 0.3754144362 0.0029372591
217.04941 1.246 0.3754144362 0.0124334768
188.94916 1.43 0.3757067371 0.1640936242
171.09920 7.29 0.3778742943 0.0283939732
314.18100 9.212 0.3803440576 0.1385033650
426.35752 12.401 0.3803440576 0.1113414712
134.04472 2.01 0.3803440576 0.1064715793
632.05529 1.0 0.3803440576 0.1018440737
99.04488 1.009 0.3833932825 -0.0603005601
239.01644 1.016 0.3833932825 0.0823173782
161.96956 5.914 0.3853132526 -0.0232604572
612.88161 0.614 0.3853132526 0.0219306828
222.99521 11.996 0.3853132526 0.0758666904
88.07560 1.067 0.4004572587 -0.0085793567
314.18103 9.232 0.3979087110 0.1495059284
242.98246 7.374 0.4004572587 -0.1543779849
233.07664 7.143 0.3979087110 -0.0440651567
279.01201 9.316 0.3979087110 0.0372044266
91.05396 9.695 0.4004572587 0.0334649982
200.23726 9.743 0.3928410285 0.0015443818
652.33835 11.955 0.3979087110 0.0482116377
490.28535 11.201 0.3979087110 0.2295838802
437.23557 9.826 0.3928410285 0.0052597653
185.09192 7.552 0.3953699626 0.3263840383
276.19543 8.459 0.3928410285 0.0441347898
445.11963 12.49 0.3903219229 -0.0006664094
269.08792 0.988 0.3911753776 0.0218151546
201.01679 2.458 0.3885707527 0.1107997368
264.09794 10.479 0.3979087110 0.0573180458
721.86372 0.651 0.3990526277 -0.0111177166
635.06930 10.43 0.3903219229 0.0107470498
160.07973 4.375 0.3928410285 0.0961489189
236.58849 1.017 0.4004572587 0.0078421750
235.96117 3.8 0.4004572587 -0.2337836602
480.85041 0.749 0.4030155905 -0.0092765278
398.32649 11.304 0.4081615426 0.3537873623
147.05113 9.687 0.4081615426 0.0004497566
165.01913 9.687 0.4070245946 0.0327531818
335.22869 10.076 0.4055836905 -0.7171686046
279.13399 9.833 0.4081615426 0.0780133957
283.10376 10.507 0.4081615426 0.2027963755
239.01650 0.999 0.4097028832 0.0761026336
180.10164 9.656 0.4133464355 0.0198956541
178.09029 4.179 0.4133464355 -0.0564198686
379.28156 0.626 0.4133464355 0.0330429089
297.98564 9.851 0.4133464355 0.0381149124
158.11745 10.092 0.4133464355 -0.3419655593
197.06686 8.384 0.4159534415 -0.2542845298
283.16937 12.138 0.4185701299 -0.2614180822
113.02429 0.991 0.4205203603 -0.0440133151
165.07559 2.494 0.4211964821 -0.0662757415
310.11444 1.452 0.4232507090 -0.0455575597
288.21670 9.624 0.4264781013 -0.0240612099
432.04721 8.318 0.4264781013 0.0058122373
159.07629 1.01 0.4264781013 -0.0608123547
386.29016 12.02 0.4264781013 -0.0029202434
195.12266 6.237 0.4264781013 0.0249210121
257.02774 4.803 0.4287424321 -2.1859606592
187.08647 12.053 0.4291333287 -0.1205791279
309.18085 10.921 0.4291333287 0.0678477503
242.98224 6.978 0.4344725168 -0.0153051833
227.03508 9.688 0.4398498740 0.0324503943
195.99212 3.004 0.4370572403 0.0251912212
185.03049 9.821 0.4398498740 -0.0085027928
217.03298 1.411 0.4370572403 0.0700449676
164.95691 2.482 0.4398493413 0.0575491106
247.14414 10.417 0.4398498740 0.0095543679
91.00367 9.096 0.4398493413 -0.0053460037
115.03993 0.99 0.4426516504 0.0179054822
190.92831 11.975 0.4426516504 0.0430402743
161.04543 0.992 0.4426516504 -0.0352878270
134.89444 9.219 0.4426516504 -0.0443222276
279.18024 10.347 0.4452652233 0.0108200643
243.11284 11.056 0.4452652233 0.3284871440
272.95899 0.639 0.4454641420 -0.0578083404
333.11538 10.392 0.4452652233 -1.1955853878
347.84913 2.085 0.4479870876 0.0372065475
205.10695 10.206 0.4479870876 0.1773911709
199.10770 8.742 0.4534590765 0.1522224643
205.06814 1.161 0.4562091521 -0.2267061635
427.21881 10.726 0.4568154064 -0.0594590035
102.95673 5.012 0.4539624499 0.1175309861
225.06165 1.205 0.4568154064 0.0799534201
182.10223 1.084 0.4534590765 -0.1006153378
200.07205 9.032 0.4507183800 0.0363540825
182.98867 11.912 0.4568154064 -0.0009340464
114.06612 1.012 0.4534590765 -0.0198076899
210.13340 6.021 0.4562091521 -0.0150725633
104.07053 0.875 0.4562091521 0.0762143014
719.96772 12.469 0.4589685817 0.0448562143
307.11093 11.428 0.4589685817 -0.0189781847
265.11811 10.779 0.4589685817 -0.0935000394
149.04539 1.234 0.4596784101 0.0488195984
145.12218 6.4 0.4645153996 -0.1108841521
178.05854 1.363 0.4645153996 0.2345320133
360.23904 9.879 0.4654344433 -0.0430788808
635.06859 9.138 0.4673027352 0.0397586124
264.12424 11.817 0.4700993191 0.0000000000
193.10697 8.321 0.4700993191 0.0525664017
220.14418 9.691 0.4700993191 0.0208488611
269.13839 11.789 0.4700993191 0.0144029643
199.10043 1.206 0.4729051239 0.0335392473
83.03866 0.637 0.4729051239 -0.0102989344
98.98413 2.329 0.4729051239 0.0296080388
111.02014 10.424 0.4729051239 0.0205395583
379.14947 11.1 0.4757201214 0.2553956983
451.21470 10.875 0.4813775800 0.2133501578
310.11444 1.459 0.4829405709 -0.0434641234
318.22760 10.422 0.4842199827 0.0317608483
423.12576 9.396 0.4858926392 0.0145787239
567.39009 0.618 0.4870714611 0.0385086291
430.36731 0.756 0.4899319849 -0.0109172457
321.89743 5.763 0.4918259465 -0.0196157091
141.01566 3.755 0.5043691856 -0.0755000616
174.12357 5.985 0.5043691856 0.1209315114
232.93500 9.648 0.5038082669 0.0453313604
172.09674 10.106 0.5014639082 -0.4690914298
187.04184 1.45 0.5038082669 0.0206555411
194.92729 4.977 0.5007983129 0.0298200575
352.16861 12.568 0.4985675168 0.0130012737
432.14178 9.674 0.4956800443 0.0148633365
88.07559 0.78 0.4985675168 -0.0759011564
168.12290 3.516 0.4956800443 0.0352125344
284.17015 9.68 0.5043691856 0.1068927236
291.20654 9.885 0.4956800443 -0.0097779642
406.07755 8.931 0.5014639082 0.0324870935
582.15784 9.692 0.4956800443 0.0771701597
420.92733 9.22 0.5007983129 0.0275654031
303.91345 1.715 0.5038082669 0.0419252453
348.10080 8.211 0.4985675168 0.8519212734
191.98266 0.935 0.4956800443 0.0095484775
385.90170 1.566 0.5072833160 0.0221385224
315.04139 9.462 0.5128951071 -0.0543235980
267.84787 4.643 0.5128951071 0.0170105217
261.18080 11.062 0.5131379998 -26.5027085734
582.15797 10.491 0.5102062654 0.0446730938
367.10526 0.978 0.5128951071 -0.0083017123
156.07664 1.417 0.5102062654 -0.0352948939
201.98379 6.282 0.5131379998 0.1196728592
255.82195 4.296 0.5159429199 -0.0104379583
112.98560 0.672 0.5159429199 0.0304977057
219.19531 12.438 0.5160784844 0.1838980736
71.01366 1.245 0.5159429199 0.0549810009
346.00940 8.557 0.5190276841 0.0700514842
102.01944 2.648 0.5190001009 -0.0460964213
367.10513 0.988 0.5190001009 -0.0082823563
219.13381 10.095 0.5190276841 -5.3526807692
235.12873 7.948 0.5219855634 -0.1495308008
204.05581 1.036 0.5219855634 0.0586835772
382.14517 12.078 0.5251424087 0.0212268616
390.87042 6.254 0.5282274545 -0.0829551626
150.05495 10.804 0.5279272158 -0.0029571384
314.34186 10.586 0.5249520861 -0.0243339960
276.00377 4.139 0.5279272158 -0.0279541942
260.16772 11.756 0.5279272158 0.0287865724
201.03806 1.449 0.5282274545 -0.0461664980
145.07600 11.109 0.5249520861 0.0176388455
396.31046 11.517 0.5339031474 0.0398331539
167.09123 2.306 0.5339031474 0.0016959703
504.99519 10.333 0.5339031474 0.0388159280
116.07153 0.909 0.5344251236 0.1220924097
176.12802 0.894 0.5369038740 -0.0717800670
291.20673 10.714 0.5369038740 0.0000000000
255.82207 3.971 0.5406592814 0.0271949757
145.07600 10.718 0.5399130568 0.0184262094
264.07714 0.994 0.5406592814 -0.0840335162
185.12834 7.4 0.5429306569 -0.0473689494
383.24276 12.069 0.5429306569 -0.0032218910
348.98978 11.448 0.5459566350 0.0075572343
617.28564 8.799 0.5459566350 0.0537616079
258.15462 8.299 0.5459566350 0.0109135356
106.04982 0.84 0.5489909515 0.0174421793
322.12982 12.527 0.5489909515 0.0188430461
226.08222 7.649 0.5489909515 -0.0149520359
103.04006 2.128 0.5500781775 -0.1038041242
309.18077 10.914 0.5520335660 0.1083943840
449.11725 0.993 0.5520335660 0.0376889531
725.33091 10.798 0.5520335660 0.0613083984
725.29382 9.519 0.5532356748 0.0753407448
304.15421 10.089 0.5612107888 0.0093499133
219.07643 9.969 0.5612107888 0.0565960677
551.22772 8.55 0.5612107888 0.0106524560
315.04155 8.621 0.5595771949 -0.0368864952
206.02797 12.026 0.5627611252 0.0117823911
132.10186 1.065 0.5642861844 0.0586942229
307.11085 12.348 0.5642861844 0.0786382218
118.05098 0.862 0.5659537730 0.0169113547
640.16250 9.308 0.5673696701 0.0208868567
120.06550 0.875 0.5704612031 0.0549114910
223.14409 9.125 0.5704612031 0.0248852375
172.09669 9.97 0.5704612031 -0.0977518949
200.54568 1.004 0.5704612031 0.0428646767
368.27930 10.977 0.5735607400 0.0404956709
89.05968 2.623 0.5735607400 0.0054199318
137.04578 8.857 0.5735607400 -0.0451755002
286.17993 9.975 0.5735607400 0.0098330263
356.27935 11.065 0.5766682370 -0.0600997142
130.08616 0.963 0.5797836498 -0.0473702204
725.33099 11.1 0.5797836498 0.0637608732
225.07557 11.622 0.5797836498 0.0106641431
183.07790 9.596 0.5797836498 -0.0163261550
325.20100 11.795 0.5829069337 -0.0029252382
318.05966 8.714 0.5829069337 0.0078513849
317.05572 7.921 0.5829069337 0.0510063109
507.57935 0.991 0.5829069337 -0.0188574510
363.16229 10.301 0.5891769339 0.1617781714
227.17524 7.949 0.5860380436 -0.0286856196
80.97482 3.003 0.5885423377 -0.0222336963
302.06729 10.869 0.5891769339 0.0305149120
227.89438 8.954 0.5885423377 -0.0057577319
584.16293 9.677 0.5891769339 0.0783979725
226.95144 0.643 0.5891769339 -0.0110346928
344.22801 9.105 0.5891769339 -0.0030871468
188.06636 9.702 0.5923235587 0.0105085749
504.99520 10.63 0.5923235587 0.0204915868
264.17474 9.936 0.5923235587 -0.0569381321
190.92843 10.84 0.5918029697 -0.0344229176
342.26364 10.588 0.5954778713 0.0408918668
295.12886 9.271 0.5954778713 0.0269920725
780.21934 9.608 0.5954778713 0.0357845101
277.11832 10.94 0.5986398250 0.1537476967
307.14011 10.363 0.6018093724 -0.0162364402
421.16730 12.055 0.6018093724 -0.0091724648
281.24847 0.429 0.6016342819 -0.0016662763
209.83365 4.953 0.6016342819 -0.0010129923
205.06813 0.998 0.6049864659 -0.1289110924
102.95662 5.572 0.6049276823 -0.0055227412
203.00457 1.459 0.6082291420 -0.0283522295
127.03890 1.207 0.6081710571 -0.0435373424
136.04800 1.494 0.6081710571 0.0339665521
196.09681 9.124 0.6081710571 0.2027176690
582.15729 9.277 0.6113630976 0.0783481688
154.06217 1.055 0.6115386067 -0.0774397277
71.06032 9.925 0.6145625382 0.0796682647
110.54142 0.75 0.6145625382 -0.0252137684
189.95895 3.192 0.6145625382 0.0127340421
181.06275 0.995 0.6181813321 -0.0211387012
93.07378 0.817 0.6177693296 0.0009607808
377.91455 5.802 0.6181813321 0.0029474188
181.05831 4.499 0.6209834219 0.1217810363
331.17529 11.712 0.6209834219 -0.0403366411
83.53570 0.571 0.6242047648 -0.0216669426
229.11827 0.988 0.6242047648 0.0978032231
295.07913 5.605 0.6282040764 -0.0200859154
79.51944 1.507 0.6274333076 -0.0531206895
101.02426 1.2 0.6282040764 0.0369317758
119.08140 9.653 0.6274333076 0.0142219732
454.24306 9.525 0.6306689992 -0.0097969934
129.06569 0.987 0.6306689992 0.0767367356
323.14249 11.965 0.6339117881 0.0832352093
126.10252 0.936 0.6339117881 0.0415295859
153.12730 10.118 0.6339117881 -0.0491798874
197.12923 6.244 0.6371616224 0.0035676006
220.11785 6.676 0.6371616224 -0.0290832654
128.03523 4.581 0.6382958476 -0.0037219030
349.24438 10.041 0.6404184497 -0.0092117158
125.87298 8.404 0.6484550800 0.0137259453
319.20160 9.052 0.6469528720 0.0405908444
197.80798 4.227 0.6484550800 -0.0579340370
143.03486 0.991 0.6450612717 -0.0377720209
143.03486 0.991 0.6450612717 -0.0377720209
323.19003 11.58 0.6469528720 0.0156022359
206.10211 8.266 0.6436822172 0.0446833805
143.03485 0.992 0.6450612717 -0.0377720209
672.85934 0.671 0.6484550800 0.0396106139
246.16996 5.941 0.6502303604 0.0070891975
230.08427 9.943 0.6502303604 0.0013481918
162.07595 3.034 0.6535146284 -0.0240405001
783.81581 0.699 0.6535146284 0.0248418792
130.04974 4.011 0.6535146284 -0.0312018376
233.12847 10.953 0.6601032859 0.1700161634
377.14150 10.798 0.6634075656 -27.3528427058
780.21894 9.092 0.6634075656 0.0346598886
346.08652 8.44 0.6621028867 0.2215373255
229.56254 1.202 0.6667184052 0.1086076583
180.06532 8.396 0.6667184052 -0.0442554977
174.08828 0.997 0.6689694788 -0.0342552863
311.00019 10.587 0.6689694788 0.0191598827
256.16943 9.741 0.6700357491 0.1179380225
245.07683 8.42 0.6733595409 0.0014215609
244.07913 1.192 0.6733595409 -0.0125546943
131.03477 0.991 0.6758638679 -0.0228008836
582.15788 10.23 0.6766897241 0.0525894700
161.09203 4.717 0.6800262415 0.1108993773
86.05991 1.918 0.6800262415 -0.0060712435
272.94442 0.605 0.6800262415 0.0017306810
225.93234 3.726 0.6800262415 -0.0367112238
691.06024 9.046 0.6827855484 -0.1221111452
173.92615 11.13 0.6862564631 0.0303209019
101.02432 0.988 0.6932181180 -0.0238125198
228.99405 11.33 0.6897340080 -0.0721656128
255.13494 9.538 0.6967087275 -0.0379169900
247.08243 10.759 0.6967087275 -0.0184103905
116.92850 12.983 0.6932181180 0.0000000000
186.07591 5.789 0.6900732240 0.0199994012
640.16271 9.119 0.7001751277 0.0894279822
223.96317 2.425 0.6900732240 0.0276817072
140.07021 1.019 0.7001751277 0.0077164468
397.17136 10.833 0.6967087275 -0.0283089968
247.18027 8.894 0.7001751277 0.0567091943
217.04958 0.799 0.6968018222 0.0055858609
204.12289 1.12 0.6900732240 -0.0523353961
150.05492 9.579 0.7001751277 0.0519396413
261.12341 10.988 0.6934345012 0.0469240482
263.12129 11.682 0.6968018222 0.0000000000
118.06085 1.015 0.6968018222 -0.0772703475
86.09634 1.065 0.7001751277 -0.0615534816
255.09499 7.907 0.7035543583 -0.0462576733
211.08237 1.037 0.7072188923 -0.0343579277
95.01369 0.988 0.7107348368 0.0222720090
176.10292 0.994 0.7103303546 0.0254338296
140.07022 1.01 0.7103303546 -0.0128363834
302.23231 9.527 0.7103303546 -0.0088333587
196.09682 7.784 0.7137269995 -0.0133909556
305.06317 10.048 0.7171293278 -0.0384971086
299.01967 4.218 0.7205372781 -0.0903842381
86.09628 1.047 0.7205372781 -0.0593422383
310.20133 9.1 0.7205372781 0.0095156021
177.11198 6.256 0.7205372781 -0.0220967184
209.83377 4.275 0.7213193932 -0.0169248632
193.03524 2.468 0.7284056825 0.0060565990
245.21100 12.02 0.7273697984 -0.0225397849
209.06660 1.251 0.7284056825 -0.0748586362
214.08938 9.197 0.7273697984 0.0032177393
327.93213 5.808 0.7319575953 -0.0161398728
699.36720 0.627 0.7319575953 -0.0422214943
412.30566 11.373 0.7342240637 0.0269251202
376.21774 9.262 0.7307942442 0.0031836705
189.12329 3.624 0.7342240637 -0.0669299662
780.21936 9.632 0.7342240637 0.0627993680
104.03526 0.832 0.7355152606 0.0266213656
159.07624 9.146 0.7376591939 -0.0045687751
269.08780 10.595 0.7376591939 0.0274862387
209.06651 1.5 0.7390786082 0.0475693884
146.96100 1.206 0.7426475674 -0.0192888850
125.02431 1.208 0.7426475674 0.0475880040
171.14906 0.951 0.7410995718 0.0010227478
140.07027 1.006 0.7410995718 0.0060178725
180.97290 1.07 0.7498020365 0.0897356267
409.06754 1.095 0.7498020365 0.0120815516
76.07560 0.762 0.7514515538 -0.0246358737
152.03747 0.922 0.7514515538 -0.0622605809
256.93816 2.426 0.7549122835 0.0271931921
111.02004 12.395 0.7549122835 -0.2050375583
175.10759 1.012 0.7549122835 0.0488579553
520.33185 10.388 0.7549122835 -0.0002947779
87.05520 0.896 0.7583779399 -0.0265070321
281.02414 3.841 0.7618484581 -0.0600225992
177.08678 6.573 0.7653237726 0.0064513107
159.07617 9.025 0.7653237726 -0.0036143115
276.11887 5.255 0.7653237726 -0.0789879082
389.16269 10.288 0.7653237726 0.0122139551
277.15562 9.231 0.7713926726 -0.0051887584
311.00024 10.987 0.7713926726 0.0067504231
135.02986 1.549 0.7713926726 0.0637126952
102.95672 6.736 0.7750089020 0.0253976612
233.87537 2.909 0.7757778366 0.0175453078
583.16022 8.649 0.7757778366 0.0627531110
349.10883 0.973 0.7792716773 0.0342139861
135.10161 5.036 0.7792716773 -0.0095380262
205.08172 2.444 0.7792716773 0.0737385298
230.24769 11.321 0.7792716773 -0.0004592233
210.06989 1.178 0.7822559462 0.0720862102
393.11557 10.785 0.7862726876 0.0429739952
441.19742 11.281 0.7895219407 0.0199728168
506.20748 7.308 0.7932910217 0.0000000000
440.22751 8.348 0.7932910217 -0.1597759934
146.08114 0.943 0.7932910217 0.0009257107
258.10995 0.974 0.7932910217 -0.0173500427
287.07730 9.604 0.7931618566 0.0207868031
162.07700 0.889 0.7931618566 0.0340392795
793.31830 11.544 0.7968065159 0.0619107905
195.05086 2.523 0.7968062845 -0.0458964690
131.08129 8.998 0.8003261377 -0.0262322638
119.03487 0.991 0.8041083720 -0.0109939124
344.22784 9.107 0.8038498187 -0.0030137136
314.23240 10.038 0.8038498187 -0.0825792902
248.96050 0.661 0.8114275929 -0.0010775612
133.06070 0.894 0.8109090835 -0.0193577775
509.38014 12.432 0.8144445294 0.0091085199
316.94798 0.643 0.8150934365 -0.0123221246
102.95673 6.96 0.8150934365 0.0393589989
255.82197 4.751 0.8187633325 0.0434386226
276.10116 7.893 0.8179837588 25.0578788458
246.97734 4.126 0.8179837588 0.0023046217
89.02439 1.449 0.8224372035 0.0208468422
297.98553 8.106 0.8250732893 0.0707421947
180.06885 1.005 0.8250732893 0.0118369515
173.09203 1.034 0.8250732893 0.0586229610
100.07559 1.37 0.8286234507 -0.0176099608
175.05762 0.989 0.8286234507 -0.0350305208
396.03459 4.792 0.8321771160 0.0047561982
161.04539 1.564 0.8334818872 0.0338882071
72.08071 0.917 0.8357342148 0.0853476196
279.11602 12.082 0.8392946765 -0.0574726319
88.11195 0.79 0.8392946765 0.0887891010
438.97194 1.517 0.8408634516 0.0820164460
113.09592 6.146 0.8464254049 0.0846575458
91.05396 10.004 0.8464254049 -0.0008943171
303.22939 0.639 0.8464254049 -0.0270208454
131.07020 9.176 0.8535687321 0.0000187580
324.09111 12.039 0.8519618832 -0.0074973139
608.38342 11.87 0.8535687321 0.0091375955
695.42517 12.546 0.8535687321 0.0810323468
231.17020 3.973 0.8499955293 -0.0788749322
263.17526 10.779 0.8535687321 0.0287747641
414.30011 11.739 0.8607240860 -0.0395097296
200.07224 9.616 0.8607240860 0.0229964808
793.36499 8.806 0.8607240860 -0.0049513825
551.22836 9.747 0.8607240860 0.0119500263
149.08072 5.991 0.8607240860 0.0179382597
275.21163 9.852 0.8607240860 0.6938643398
132.03019 2.166 0.8630897083 -0.0240486394
407.18846 10.548 0.8643060934 0.1567046413
261.94159 4.797 0.8668051417 28.2018416454
133.09701 9.684 0.8678908915 0.0129690558
183.11264 6.732 0.8714784081 -0.0211615004
508.35937 12.585 0.8714784081 0.1452122927
157.01166 1.778 0.8705235204 0.1685293231
105.01920 1.397 0.8705235204 -0.0142914697
215.86845 7.975 0.8742447635 0.0452974191
298.05252 1.172 0.8822565425 -0.0067392374
87.04396 1.983 0.8822565425 0.0057063700
111.02000 9.054 0.8822565425 0.0016394918
220.98079 11.494 0.8816955192 -0.0480406568
372.25923 10.504 0.8822565425 -0.0097444882
428.05961 8.554 0.8786613063 0.0000000000
231.93167 11.489 0.8779687901 -0.0400053626
707.35472 0.668 0.8816955192 0.0264710509
203.01723 1.563 0.8854248694 0.0548512024
128.04530 10.421 0.8858542062 -0.0790775086
276.00379 4.592 0.8894542242 -0.0268865658
365.10514 4.803 0.8894542242 -0.1534202583
297.98584 10.886 0.8966610301 0.0224876520
178.08377 9.047 0.8966610301 0.0076475582
241.08692 11.965 0.8966278317 -0.0019430800
146.11750 0.877 0.8966610301 0.0217140997
435.19839 11.83 0.9003668503 0.0057759977
197.15340 12.767 0.9002676710 0.0144698334
73.07600 9.618 0.9002676710 -0.0169910621
233.16465 9.864 0.9038763723 0.0050959636
145.06186 0.91 0.9041080812 -0.0071649397
205.12233 10.874 0.9038763723 0.0644226157
612.85868 0.702 0.9078514421 0.0416395664
131.08252 0.985 0.9078514421 -0.0248733576
178.09031 10.06 0.9074870602 0.0179400290
180.13815 10.712 0.9110996607 0.0227978214
76.03924 0.818 0.9110996607 0.0244039472
175.09635 5.995 0.9147140999 -0.0112304957
111.08028 10.089 0.9147140999 0.0036356029
189.04672 0.935 0.9183303036 -0.1539704819
319.00836 0.533 0.9190934803 0.0101649629
213.12320 2.188 0.9183303036 -0.0347192631
102.05483 8.933 0.9183303036 -0.0242893564
177.08682 8.887 0.9291887581 0.0082281174
322.94348 10.845 0.9303517146 -0.0386613271
90.05492 0.83 0.9328112758 -0.0616565027
307.24774 12.579 0.9328112758 0.0085073588
204.01919 9.981 0.9400604127 0.0198388458
417.03007 9.815 0.9328112758 -0.0174195238
221.05068 9.929 0.9291887581 -0.0159498645
248.16462 9.682 0.9400604127 -0.0187561817
204.12297 0.92 0.9328112758 0.0304722840
214.03322 0.96 0.9341076715 0.1076818684
157.06169 4.523 0.9378650957 0.0194687997
191.13902 0.914 0.9328112758 0.0243373379
104.10691 0.751 0.9400604127 0.1374906684
179.08471 6.26 0.9255677071 0.1757773106
108.94851 0.711 0.9400604127 -0.0116004702
167.08539 12.572 0.9400604127 0.0433596533
363.06231 1.036 0.9341076715 0.0357586625
247.03088 1.446 0.9378650957 0.0353784764
525.28825 10.405 0.9291887581 -0.0135068744
131.08142 4.505 0.9255677071 -0.0055335314
223.11742 8.987 0.9400604127 -1.4735616510
349.60466 1.028 0.9436868823 -0.0082638980
324.99643 2.073 0.9453840128 0.6540538757
150.02283 0.922 0.9416239039 -0.0472152530
146.96114 0.743 0.9453840128 0.0327015196
738.44891 12.651 0.9436868823 -0.0027907188
370.07357 5.901 0.9436868823 -0.0003907793
231.07733 11.943 0.9491453389 -0.0333379641
203.05259 1.204 0.9509432492 -0.0365958618
231.93170 11.761 0.9491453389 -0.0503719084
437.21277 12.146 0.9473145195 0.0190115356
145.09707 0.931 0.9509432492 -0.0086388122
207.01410 0.908 0.9509432492 -0.0505774739
300.20181 8.715 0.9582036862 0.0063204080
127.05112 0.93 0.9529077985 -0.0068237773
225.04926 4.79 0.9566713080 0.0246983630
187.99651 0.829 0.9566713080 0.0034287458
198.12756 10.512 0.9545729965 0.0194159280
284.17018 9.876 0.9545729965 0.0673484534
221.05066 7.947 0.9582036862 0.0334566610
201.02649 10.16 0.9566713080 -0.0705819870
149.04551 1.551 0.9604357836 0.0501567680
151.09639 3.899 0.9618352431 -0.0006140348
133.08579 6.236 0.9654675920 -0.0195542946
179.09099 9.09 0.9654675920 0.0063212630
439.68412 3.58 0.9679672982 0.0017602497
176.06577 1.113 0.9691006577 0.0434661798
208.09662 10.549 0.9691006577 -0.0868246752
81.52049 1.948 0.9727343647 0.0272568890
418.95567 10.374 0.9763686378 0.0285607521
85.02931 0.991 0.9755016710 0.0419915648
418.95567 10.153 0.9763686378 0.0205173569
310.99992 9.847 0.9755016710 -0.0172727432
564.35886 10.759 0.9800034015 -0.0145480266
179.08727 9.381 0.9836385804 0.0414289190
321.89737 5.269 0.9868071199 0.0046965009
160.13313 0.929 0.9872740990 -0.0078211681
493.13580 8.792 0.9909098820 0.0406525792
209.83376 3.865 0.9905763039 0.0191396949
119.07014 6.478 0.9909098820 0.0052421689
179.09351 9.273 0.9945458537 0.0125562195
132.99174 11.311 0.9943456982 -0.0309975996
202.01221 0.86 0.9981152187 0.0645876942
415.25378 9.765 1.0000000000 -0.0239373994
548.29046 12.305 1.0000000000 -0.0610610373
