"m.z" "r.t" "p.value" "t.score"
1054.97362 21.6374852635058 0.0000000001 -33.7178212938
561.48883 13.1581818237378 0.0000000001 -34.3784010363
806.68683 17.5470926919131 0.0000000001 -33.5294856154
538.48299 6.64984389580239 0.0000000001 -34.0494991069
736.49228 7.94913734105586 0.0000000001 -32.0024556397
956.73251 18.2063702884559 0.0000000001 -34.0065758949
692.61875 17.6306018998363 0.0000000001 -5.5405557550
780.67118 18.9099025139418 0.0000000001 -3.3534911368
620.59762 16.4863827907993 0.0000000001 -4.3484146808
955.77251 20.9201143944706 0.0000000001 -33.4778315970
824.61638 11.9954974542944 0.0000000001 -6.5666038489
634.61327 17.046546987421 0.0000000001 -5.2251523156
832.70248 19.1785617031494 0.0000000001 -3.3212445093
872.57759 11.4901192517225 0.0000000001 -5.5261039762
798.52556 9.96851421522603 0.0000000001 -6.7475454773
754.53813 9.88018527485945 0.0000000001 -5.3385140554
634.61327 17.6319395883584 0.0000000001 -4.8871535584
832.70248 17.9104454003649 0.0000000001 -6.1217928329
832.70248 17.6077147587415 0.0000000001 -4.9196895747
808.66610 15.2926862036791 0.0000000001 -33.4896389191
1008.89537 21.3493391355033 0.0000000001 -6.0061508995
1071.00492 21.8021031932053 0.0000000001 -30.5362959483
1008.89537 21.1674514292546 0.0000000001 -4.6803164054
736.49118 7.95376324806415 0.0000000001 -3.7217048355
808.66610 15.0654361565242 0.0000000001 -7.6674290982
832.70248 18.9964478641512 0.0000000001 -3.3087462719
780.67118 19.0957418247026 0.0000000001 -3.7440938438
878.56943 7.3036778221345 0.0000000001 -6.7781739171
831.63745 12.5092239702787 0.0000000001 -6.1269169973
682.64966 21.2037438795692 0.0000000001 -5.0127252587
521.42005 4.56245991383664 0.0000000001 -4.3091296706
744.66531 20.9369401257098 0.0000000001 -7.0773663941
694.63440 18.3553007082915 0.0000000001 -5.6171841456
694.63440 18.598961260615 0.0000000001 -5.9268611557
902.74435 17.2563816857018 0.0000000001 -33.3990718522
902.74435 17.6365384225453 0.0000000001 -33.2063304624
1024.67785 8.65224253047407 0.0000000001 -4.3207427309
828.55966 9.00662114892922 0.0000000001 -33.4829427960
932.73378 18.7780916692925 0.0000000001 -5.2340079780
826.71305 17.9751998039885 0.0000000001 -6.4077161543
788.52248 8.630284343459 0.0000000001 -4.5196494499
1106.75610 13.4691689992642 0.0000000001 -6.2762772320
768.55138 8.9843632360349 0.0000000001 -3.4021784243
942.81203 20.5328877850625 0.0000000001 -33.4644994361
872.58000 10.9374339665835 0.0000000001 -5.3179868700
942.81203 19.4462315033979 0.0000000001 -33.4263756329
927.61096 14.2420765502054 0.0000000001 -7.1645735028
942.81203 19.2286735879301 0.0000000001 -33.4440263674
598.54050 15.5084030975704 0.0000000001 -3.8793739224
831.63745 12.3309298603856 0.0000000001 -5.2213126136
750.50443 6.90835286677073 0.0000000001 -4.7325244130
803.66367 7.49280608940534 0.0000000001 -4.9769697197
582.50920 12.5131635258936 0.0000000001 -5.7367982584
1075.03622 22.2272700293582 0.0000000001 -30.5040854747
946.71892 15.6794470700887 0.0000000001 -4.6609626102
936.76508 18.5186099282481 0.0000000001 -5.8435276010
512.46734 6.90917724543291 0.0000000001 -4.7462396473
906.75452 20.0215279646577 0.0000000001 -4.2753048770
842.56943 9.99018256168592 0.0000000001 -7.2875687336
1000.92667 21.0634287715864 0.0000000001 -33.5246239763
888.64528 15.1423347059567 0.0000000001 -5.3933905483
878.61994 8.43416308088934 0.0000000001 -6.6151176634
892.60381 14.3065056849868 0.0000000001 -4.1635838671
838.55926 5.42834274301472 0.0000000001 -33.3063560610
682.64966 21.2500256419296 0.0000000001 -4.9108763110
838.55926 5.56502084678931 0.0000000001 -33.1583233783
838.55926 5.74322668110538 0.0000000001 -33.4109988018
838.55926 5.90826679290631 0.0000000001 -8.1513241392
838.55926 6.29566271833174 0.0000000001 -33.4340216766
838.55926 6.97461568849113 0.0000000001 -33.3726058036
838.55926 11.5171097840673 0.0000000001 -7.0954425226
593.51395 14.7986388488556 0.0000000001 -4.1780894250
838.55926 11.9920506155625 0.0000000001 -5.5407531874
763.63876 17.9344687427686 0.0000000001 -33.4796691473
884.73378 17.9493702637135 0.0000000001 -5.2418649382
1000.92667 21.7006674697822 0.0000000001 -4.1136236678
906.71813 16.7899063087552 0.0000000001 -6.1028006346
838.69192 18.8158373469008 0.0000000001 -4.6516769565
838.69192 19.1221229252974 0.0000000001 -3.3056822855
838.69192 19.2785591862241 0.0000000001 -7.1132763802
884.73378 18.1777721222614 0.0000000001 -5.3903064917
798.52796 10.0199104253459 0.0000000001 -7.0810707532
884.73378 18.2921117320691 0.0000000001 -4.8228949706
919.73613 19.1677797138039 0.0000000001 -5.3620462553
800.52008 7.00529186720658 0.0000000001 -4.1506448503
908.73378 17.5335121646671 0.0000000001 -4.8637532705
1040.95797 21.5668988741834 0.0000000001 -5.7057713772
1040.95797 21.0951352585558 0.0000000001 -6.2021711232
910.74943 17.7345957013036 0.0000000001 -5.8467142625
938.78073 19.4082545818847 0.0000000001 -5.4406624504
790.69192 18.9613743988494 0.0000000001 -4.7639047656
890.72322 19.6916151495635 0.0000000001 -4.4188374320
808.70248 19.7207297847253 0.0000000001 -3.2621228821
942.81203 20.1232368911019 0.0000000001 -4.2078315281
866.66333 16.1311032822682 0.0000000001 -4.1999872346
918.81203 19.3009013520459 0.0000000001 -33.3931422178
818.56703 10.0990382757739 0.0000000001 -3.9278444211
890.72322 19.4435201936027 0.0000000001 -3.0630746546
620.59762 16.7396977575606 0.0000000001 -3.6336374197
832.70248 19.3221789584865 0.0000000001 -3.4921339211
634.61327 17.2609706958659 0.0000000001 -3.4950636834
890.72322 19.3382342296112 0.0000000001 -3.7000450147
694.59802 17.7874457901788 0.0000000001 -31.8881982873
774.60073 16.2362152812099 0.0000000001 -3.9644894045
582.50920 12.7753852773845 0.0000000001 -3.3017178562
868.73887 19.5012183316609 0.0000000001 -4.5083960174
936.76508 19.1179883382877 0.0000000001 -3.3365366582
730.54050 11.6714273823859 0.0000000001 -3.2694108089
808.70248 19.53252474725 0.0000000001 -3.4765908667
760.64497 17.9993307313395 0.0000000001 -3.8694104639
864.64768 14.4603596661296 0.0000000001 -3.3791388295
916.73887 19.687053728927 0.0000000001 -3.3414772157
818.56943 10.6752780889912 0.0000000001 -2.9468619773
834.71813 19.5884635380838 0.0000000001 -3.7406007312
834.71813 19.7024842141707 0.0000000001 -4.0928821546
664.60271 20.6638709867292 0.0000000001 -3.3152619281
926.81712 19.9961071843996 0.0000000001 -3.1325438031
1101.05187 22.1911342757731 0.0000000001 -30.8879888737
916.73887 19.4646229304789 0.0000000001 -2.8407449282
645.54525 17.326768853654 0.0000000001 -3.7241954611
938.81712 19.8425766580366 0.0000000001 -2.6590389493
886.78582 19.9591459073843 0.0000000001 -3.4253931565
1097.02057 21.8577031791158 0.0000000001 -33.7949492882
886.78582 19.6966578494945 0.0000000004 -3.1147198632
860.54361 5.9976161847069 0.0000000004 -4.8947380714
995.89771 21.7376585462497 0.0000000004 -29.2505006576
1068.98927 21.7209722491142 0.0000000006 -31.1079870643
1099.03622 22.0229615972476 0.0000000008 -31.4716665752
743.60615 14.7694142748399 0.0000000010 -31.2462846563
819.61093 10.7711743305582 0.0000000023 -2.2697054961
857.51856 6.78720399650259 0.0000000024 -3.9589353995
778.53573 8.83688841170851 0.0000000048 -1.8508499665
754.69192 18.9316579655695 0.0000000057 -33.2783400855
974.87463 20.3029731425367 0.0000000075 -32.7881627611
946.84333 20.3755432478324 0.0000000080 -33.3369977445
668.54598 7.98467547530437 0.0000000080 -32.0499674387
754.69192 18.7537397440771 0.0000000093 -33.2900665720
920.77017 19.6194986597358 0.0000000303 -2.5084399763
880.76000 18.8551280257099 0.0000000312 -31.1883422846
670.59802 18.7985306813644 0.0000000546 -31.9122123381
876.57601 8.19824993908171 0.0000002353 -30.4422403153
781.63166 19.5054389752395 0.0000003094 0.0000000000
814.53813 12.2523247458168 0.0000003361 0.0000000000
714.50683 8.93825499182348 0.0000003552 0.0000000000
661.52790 9.69447754506992 0.0000003964 0.0000000000
998.81712 20.5375483102129 0.0000007393 -30.8549965923
641.51395 15.1740289860443 0.0000008227 -1.7089003026
664.41951 3.30834380407739 0.0000008594 -0.7427245388
806.56242 5.8302685831104 0.0000009911 -2.4605879168
678.47045 4.03781475879018 0.0000011017 -32.7086686836
670.63440 18.5185223829866 0.0000011614 -2.4109582642
1006.87972 20.9550512295005 0.0000012242 -30.7223609919
1006.87972 21.0670194722587 0.0000012568 -30.7253883541
996.80147 20.212933606418 0.0000014327 -30.8182248905
994.78582 19.9427527160353 0.0000014706 -30.9381024089
1004.86407 20.8282943621821 0.0000015095 -30.4874776133
996.80147 20.2808981984853 0.0000015095 -30.8670851898
1004.86407 20.7677610825149 0.0000015095 -30.4874776133
976.83277 20.5932494912448 0.0000015494 -31.8599806488
994.78582 19.7892142749866 0.0000016322 -30.0579016706
996.80147 20.0499702842408 0.0000016752 -30.9704434779
790.53813 9.86387168759099 0.0000017192 -31.1107681134
998.81712 20.324465212769 0.0000018107 -30.9126039449
790.53813 10.1376915294494 0.0000018582 -31.1088623348
1000.83277 20.5569187697393 0.0000019568 -30.8967105899
970.78345 19.5917473672994 0.0000019568 -30.7482944845
918.75452 19.1835581393877 0.0000019568 -29.8283019919
1002.84842 20.7777363196825 0.0000020604 -30.7453363072
964.83277 20.4689942462704 0.0000021693 -30.2547240562
944.82768 20.8102044715988 0.0000022258 0.0000000000
742.64966 20.6011187736777 0.0000024038 -30.8460920721
890.81712 20.2140279003404 0.0000025300 -30.9033503913
842.66333 16.0335957915798 0.0000043027 -30.3568496071
972.85898 20.1777156725036 0.0000025955 0.0000000000
674.64457 17.6769971067008 0.0000040925 -30.1116779144
1010.91102 21.3809305163438 0.0000034318 -30.1678366290
1010.91102 21.2903281116972 0.0000037014 -30.7013389249
742.53573 12.0805817474551 0.0000041964 -29.9996893569
918.68762 13.7460953575189 0.0000041964 -30.1137674073
916.60381 13.4903661896687 0.0000043027 -30.1753706574
762.50683 8.7867781831381 0.0000038923 -30.0405549064
862.63203 11.9512535006425 0.0000036093 -30.5569219628
862.63203 12.2833803435442 0.0000040925 -30.2579771422
814.50175 8.28706860620359 0.0000044116 -30.3562835428
762.50683 8.17303562964144 0.0000043027 -30.0623933403
742.53813 12.0213414389539 0.0000041964 -30.0098907699
750.50683 8.87963413499846 0.0000035195 -30.1107679981
1026.94232 21.4520957667081 0.0000037014 -30.0876249701
936.80147 20.5558443683721 0.0000037014 -31.1729370486
953.75686 20.3308731897674 0.0000044116 -30.4932649341
953.75686 20.4907993543649 0.0000030238 -30.0993605326
770.56943 13.1877330009195 0.0000031015 -30.4364815565
860.54361 7.08624726430884 0.0000041964 -30.1027533352
610.50412 4.24553244043687 0.0000028740 -30.4164564825
762.50443 8.17792824107983 0.0000046374 -30.0575031644
624.32719 2.37772744078826 0.0000043027 -30.2308238325
762.50443 8.7639163553579 0.0000037957 -30.0380461164
964.83277 20.746725863282 0.0000035195 -30.5860068646
826.53573 8.05664216501058 0.0000040925 -30.1408838756
568.56632 15.451306688055 0.0000046374 -30.1557945885
666.63949 17.0532694771335 0.0000033462 -30.1162443405
892.73887 19.5021780171159 0.0000026626 -1.2237170366
664.58745 16.9059194033 0.0000038923 -30.1573155562
860.61638 10.814572123533 0.0000039912 -30.0819609179
854.72322 19.9405815392757 0.0000040925 -30.7666482054
788.52248 10.6156606168787 0.0000029480 -29.9735115099
626.57180 16.9606438751328 0.0000037957 -30.1078753426
971.70991 19.4800049739226 0.0000033462 -29.9754133915
820.51231 9.20583662612468 0.0000038923 -30.2100887164
940.83277 20.7497846482681 0.0000041964 -31.1832055755
838.55926 5.06340574600331 0.0000041964 -30.1410149201
745.62180 16.1458603866542 0.0000041964 -30.0265730509
900.61130 13.3894818630432 0.0000039912 -30.1352716290
790.59565 10.1741571526494 0.0000046374 -30.0544919394
776.52248 7.23964423955735 0.0000044116 -30.3448349867
752.52008 8.38462031932374 0.0000028018 -30.7861465724
552.53502 13.5982849335961 0.0000038923 -30.0976253369
956.77017 19.9634717117313 0.0000037014 -30.0232801556
666.53033 6.64359598509578 0.0000043027 -30.1411105468
902.78073 19.570113456069 0.0000041964 -30.0527367226
881.68650 17.4836337700889 0.0000045232 -30.2015693768
881.68650 17.350154695584 0.0000037014 -30.1417827436
818.49666 7.64414006691952 0.0000039912 -30.2075902160
776.58000 9.99120757874444 0.0000041964 -30.0667987364
891.70483 18.8863638533251 0.0000035195 -30.1545152337
930.75452 19.5970339347887 0.0000040925 -30.0223603094
907.77251 26.3700618026339 0.0000044116 -30.0650387275
618.58197 16.8515136611189 0.0000037957 -30.1027093311
826.63203 10.8441037589627 0.0000040925 -30.3172399168
1036.92667 21.2203718984661 0.0000038923 -30.0598022299
778.53573 9.27395638253587 0.0000036093 -1.5862365295
910.55926 9.20945876592457 0.0000040925 -30.5414754557
836.67627 18.6357788846501 0.0000034318 -30.0270706605
910.55686 9.90662773587235 0.0000044116 -30.7044897967
644.59762 15.2198626568904 0.0000044116 -30.1044388151
686.57180 15.9654149812827 0.0000041964 -30.0821702408
744.59254 17.5258161752218 0.0000046374 -30.0872771734
834.71813 18.4485323971623 0.0000044116 -30.0603776491
860.54121 8.2015241960463 0.0000036093 -30.1158499179
684.55615 14.0212976895966 0.0000046374 -30.7070166210
684.55615 13.7310499656203 0.0000046374 -30.2538468964
670.64966 21.4265644864745 0.0000044116 -30.0989556425
970.71892 14.152363837516 0.0000043027 -30.2622059117
1004.86407 21.0179301694015 0.0000025955 -30.4139799332
524.50372 11.3822844500956 0.0000039912 -30.1287432757
972.73457 15.5643539966878 0.0000039912 -31.0667036073
820.54870 7.51647340501577 0.0000045232 -30.0778456328
834.71813 18.4029145964906 0.0000043027 -30.0489601474
860.54361 8.38474410173571 0.0000043027 -30.0876122745
622.54050 14.2298657740344 0.0000041964 -30.1181085393
626.34284 3.15904989717205 0.0000044116 -30.1440202345
1132.77175 13.3299254915796 0.0000037957 -30.1415447123
690.60310 16.9847488289727 0.0000037957 -30.1003031835
932.77017 20.0116510240289 0.0000046374 -30.2054947507
734.62932 18.0313215530983 0.0000037957 -30.6703317344
932.77017 19.8525281248487 0.0000029480 -30.1178983299
557.45644 4.03606346915314 0.0000039912 -30.1517587452
690.60310 16.8133125031881 0.0000035195 -30.0783229411
748.64497 18.8205068382173 0.0000046374 -30.1903130798
610.50412 4.10610576732975 0.0000037014 -30.2269510934
834.52796 7.92853126333138 0.0000040925 -29.9875258182
658.54050 14.1221329561315 0.0000037957 -30.5507826655
889.57765 10.2944029330796 0.0000044116 -30.3625548490
914.58816 10.9428386356678 0.0000037014 -30.2278900524
934.78582 20.2942234800067 0.0000036093 -30.9461045118
716.56711 9.64189199345199 0.0000043027 -30.5380884127
682.54050 12.2558316489976 0.0000037014 -30.2451969632
878.58816 12.7629630372409 0.0000038923 -30.1152991519
1022.66220 7.16196778049472 0.0000043027 -30.1655463769
906.60661 10.9954806200241 0.0000033462 -30.0979851562
996.64655 6.94142941247537 0.0000039912 -30.1304011852
746.68096 21.2352965492086 0.0000039912 -30.0916046332
672.54090 8.20773676598412 0.0000040925 -30.1185583342
796.54870 6.73042125074951 0.0000044116 -30.1416713077
951.74121 20.2440568300512 0.0000031811 -30.7949271188
660.55615 15.3663824574461 0.0000044116 -30.2238914888
771.63745 16.0121158351908 0.0000045232 -30.2651921078
974.81712 20.261442945698 0.0000036093 -31.4873251417
650.57180 15.9704632345045 0.0000040925 -30.1158267548
1149.88206 11.9145627667086 0.0000043027 -30.1040872669
742.64966 20.5986169077755 0.0000025955 -30.8441237052
718.64966 20.7345479674261 0.0000044116 -31.2111218879
1108.77175 15.1342740346312 0.0000045232 -30.1493523091
592.49355 4.9402285411521 0.0000046374 -30.1454038564
575.46700 5.38680386869267 0.0000044116 -30.4344056448
1134.78740 15.0179941635531 0.0000044116 -30.1626756320
1134.78740 15.346940214106 0.0000040925 -30.1247465791
1136.80305 16.5401036363083 0.0000041964 -30.1215472987
780.52901 7.25572502669142 0.0000044116 -30.1888853252
652.58745 16.9354448595998 0.0000041964 -30.1059444563
798.59833 12.2436626760011 0.0000037014 -30.8026641933
624.55615 15.2359536765845 0.0000037957 -30.0903044835
822.56435 7.46586625635427 0.0000043027 -30.0928582913
885.54635 7.7713487642378 0.0000038923 -30.0797787486
783.63745 12.5822459095545 0.0000046374 -30.2028418783
1034.91102 21.1509599448459 0.0000043027 -30.1058723124
932.79130 17.8258773830643 0.0000036093 -33.6622594803
812.52008 12.5446320617231 0.0000037957 -30.1416962544
755.60615 12.6154342502388 0.0000045232 -30.4268462761
564.53502 13.016760221587 0.0000041964 -30.0862117430
819.63745 13.1161312191406 0.0000046374 -30.5918473874
752.52008 7.93427582991434 0.0000032626 -30.6399734783
805.62180 10.0358196364818 0.0000038923 -30.1461500068
692.52248 12.0416949597893 0.0000040925 -30.0401274256
956.79130 19.4535207201066 0.0000038923 -30.0296443235
860.61398 12.8436534231233 0.0000043027 -30.1051806259
822.56435 8.43735291513157 0.0000041964 -30.0812225347
664.58745 16.5915303155701 0.0000032626 -30.6831564054
792.48101 7.38003461304003 0.0000041964 -30.1900176648
848.54361 10.047191338987 0.0000040925 -30.1969624702
848.61638 11.5896624503375 0.0000040925 -30.0944715624
1034.91102 21.6242738234341 0.0000035195 -30.0389710689
860.61398 14.0406008432365 0.0000037957 -30.0633906579
824.54361 10.7181607840464 0.0000047544 -30.2956852859
662.57180 15.4290186726661 0.0000047544 -30.1866313095
860.54361 9.05982176456638 0.0000047544 -30.2509835654
826.53573 7.43053805823641 0.0000047544 -30.0640761738
624.55615 15.5823917350051 0.0000047544 -30.2745381861
900.55966 7.26078663209715 0.0000048743 -30.3514607658
816.55138 9.00539700019513 0.0000048743 -30.0936205254
734.62932 18.7524257712838 0.0000048743 -30.0795923420
796.54629 7.98897680006058 0.0000048743 -30.0873502837
628.35849 3.85206451276393 0.0000049970 -30.2576375192
980.86407 20.9952050110786 0.0000049970 -31.2846953665
796.54870 7.97134259044364 0.0000049970 -30.0923988963
804.61130 11.6613723077388 0.0000049970 -30.0356630610
783.45714 2.98186299648712 0.0000049970 -30.0866260619
862.63203 13.9793865361005 0.0000049970 -30.3811180001
800.52248 7.25042467467313 0.0000051227 -30.2024673000
822.56435 6.98915339023115 0.0000051227 -30.2376761256
974.75022 16.9362575111927 0.0000051227 -30.5729846038
842.62695 9.03822113025416 0.0000051227 -30.2415950352
848.61638 12.4766974271809 0.0000052514 -30.3128803476
916.60381 13.1587670191815 0.0000052514 -30.7998055134
820.54870 9.30071755361875 0.0000052514 -30.2587307247
821.62658 12.2074870089472 0.0000052514 -30.8233408829
608.59762 17.1278515911952 0.0000052514 -30.6598418005
830.56703 9.26299199256904 0.0000053832 -30.1325147593
688.58745 16.0393490043176 0.0000053832 -30.2258565279
860.54121 8.47092903531008 0.0000053832 -30.2008012099
660.55615 14.1730374212904 0.0000053832 -30.1582984250
860.54121 8.65870550996592 0.0000053832 -30.2867265417
662.57180 16.0205121754695 0.0000053832 -30.2762977180
700.48878 7.51491353390292 0.0000053832 -30.1105510985
770.56943 12.3151054857801 0.0000055182 -30.2874253437
852.55138 7.82364064179835 0.0000055182 -30.1194275295
753.59050 8.67537806258626 0.0000056564 -30.2129149053
909.54876 9.52944471960353 0.0000056564 -30.7788160044
822.56194 7.2826229910224 0.0000056564 -30.2825223530
812.65514 18.911232777149 0.0000056564 -30.0738724241
718.64966 20.9885479032109 0.0000056564 -30.4079200542
884.54121 8.56678313424988 0.0000056564 -30.2248116817
793.55889 8.66615893672386 0.0000056564 -30.2832566234
645.56051 18.3142285392967 0.0000057979 -30.7041316377
728.60350 12.3703602829537 0.0000057979 -30.4672808426
800.54361 11.5977043071417 0.0000057979 -30.1397298871
600.32719 2.9382701936241302 0.0000057979 -30.3499985329
826.53573 7.74611818368022 0.0000057979 -30.1215918143
767.60615 12.7337436123045 0.0000059428 -30.4819714922
662.57180 15.5908266441928 0.0000059428 -30.2349853788
791.61366 12.3881898744884 0.0000060911 -30.1981256904
742.53813 7.9032488405802 0.0000060911 -30.0345967532
884.54361 8.41095632218902 0.0000060911 -30.2366305612
854.72322 19.7196279872418 0.0000060911 -30.5255473614
766.53813 7.65739773700549 0.0000062430 -30.2096443381
805.62180 11.9884327858594 0.0000062430 -30.6974723082
860.61638 10.4766470056212 0.0000062430 -30.2393761955
940.83277 21.0017683424938 0.0000065578 -30.5076360866
838.78582 20.3699000055068 0.0000065578 -30.7841048938
748.54870 7.53976224564786 0.0000065578 -30.2648353547
770.56943 14.0563745517994 0.0000067208 -30.1719609747
686.57180 14.8685647194608 0.0000068877 -30.5988337575
614.53542 5.02286815760841 0.0000072334 -30.9870619716
942.75452 19.8410686516691 0.0000072334 -30.8923599433
968.77017 19.7574627327258 0.0000074124 -31.2401274372
858.71813 19.3689287705758 0.0000074124 -30.5734617699
776.52008 7.4031156410416 0.0000074124 -30.7406370230
835.53311 7.87810370052952 0.0000075957 -30.5609556063
740.52248 9.29037375530442 0.0000077833 -30.4532064045
743.60615 10.5243643238476 0.0000077833 -30.9656408529
779.60615 8.88831180841904 0.0000079753 -30.4816232126
820.51231 8.44617022668243 0.0000079753 -30.3123691624
848.54361 10.4299192267077 0.0000079753 -30.4129638913
778.53813 6.85727614892335 0.0000081718 -30.1621943230
539.43062 4.05616896686207 0.0000081718 -30.7106855952
802.53573 8.15660751544341 0.0000081718 -30.9258356912
825.68440 14.7942929438249 0.0000083730 -30.8402906884
976.83277 20.7679484889391 0.0000085789 -31.0777364752
700.57220 10.2433176901315 0.0000087896 -30.9882700865
686.57180 15.4507181641884 0.0000087896 -30.5005151306
858.71813 19.1482565223238 0.0000090052 -29.9702674859
690.50683 10.2541770466429 0.0000090052 -31.6904652598
727.56599 18.2335352367007 0.0000090052 -30.8964596908
966.84842 20.353538437359 0.0000090052 -1.6134711306
754.53813 8.19847468907275 0.0000092260 -30.3889513278
928.59096 9.0351711901142 0.0000092260 -30.7825918115
755.60615 9.77593965244202 0.0000092260 -30.7566916542
936.80147 20.3239508673701 0.0000096830 -30.6795826237
665.51395 14.8451470102648 0.0000099195 -30.8515906717
1006.87972 20.4391355232986 0.0000101616 -30.9474138563
822.52796 7.86313854524781 0.0000101616 -30.4372517824
716.63401 20.8641595968282 0.0000104093 -31.3872207845
615.49830 14.7970414634254 0.0000111875 -30.8552018426
776.52248 7.68767677248695 0.0000117367 -30.8542204536
819.64731 19.4473886504971 0.0000120210 -30.2423523642
819.64731 19.2645504718872 0.0000120210 -30.3371362844
934.80695 18.7914005540053 0.0000126092 -29.6155681939
642.61836 21.2138729018903 0.0000126092 -30.5298806494
526.29282 2.29104696651524 0.0000129135 -30.4162530011
873.69426 20.1698019502014 0.0000132249 -30.9180665040
640.60271 20.8730521925162 0.0000135433 -30.8152874998
752.52248 8.40281504295583 0.0000138691 -30.8197462977
678.56672 16.2927558222061 0.0000145433 -31.6316265988
678.56672 16.431549127195 0.0000148919 -31.5615315183
886.56036 6.96652449498132 0.0000156560 -3.4221519081
912.80147 20.596400283124 0.0000188461 -31.6087348175
828.55138 8.50758787087697 0.0000197488 -30.9835030410
589.48025 14.6938891025669 0.0000202154 -30.7588407824
778.53573 9.10865057062369 0.0000206925 -1.4261733211
734.62932 18.5910462984725 0.0000221891 -30.5636917157
688.60271 20.4871782455611 0.0000227104 -30.9763994983
658.54050 12.8856863424462 0.0000227104 -30.8993654937
942.75452 19.6028425657993 0.0000243453 -31.2382721929
873.69426 19.9600399364991 0.0000243453 -30.5020206025
907.53311 7.80151880012668 0.0000249147 -30.2221873855
800.61638 13.1279830128862 0.0000254967 -31.0159513362
1010.91102 20.8292256386248 0.0000254967 -31.2072523229
666.56672 16.7917730699918 0.0000273215 -32.6448312125
968.77017 19.9537432075493 0.0000292700 -31.0134986050
860.77017 19.5521233850854 0.0000328141 -30.6041195075
912.80147 19.786720202544 0.0000335702 -30.8865048407
912.80147 20.4616649087917 0.0000420989 -31.1299691461
844.58508 10.7854915782518 0.0000420989 -30.6866740123
842.59056 6.44734556710153 0.0000538415 0.8261151899
842.70796 17.694879108752 0.0000575467 0.0000000000
800.66101 16.0513020085876 0.0000575467 -29.3820991058
754.53813 7.21731266224712 0.0000642640 -30.4354385840
746.56943 14.616686840722 0.0000717188 -0.8788783829
860.61398 13.3799551707263 0.0000717188 -31.0737227747
660.55615 14.7983884212096 0.0000733048 -31.1323826857
687.55341 17.9772641607232 0.0000765769 -30.2573465519
687.55341 17.9907817872888 0.0000765769 -30.2573465519
754.65553 17.7675590795001 0.0000782642 31.5395264759
866.81712 20.6864549321464 0.0000835396 0.0000000000
914.81712 20.8205031467714 0.0000853716 -32.1589965331
742.53813 11.3931641140085 0.0000853716 -31.0619717858
752.52008 8.13585410742861 0.0000872414 -31.2226435113
848.54471 7.29505914299636 0.0000917771 31.2671360370
756.55138 11.9555150360957 0.0000930858 -31.3049158981
906.81203 19.9086914544665 0.0000930858 0.0000000000
828.55138 8.70478008207161 0.0000971854 -30.0361295801
964.83277 19.941587796613 0.0001059014 -31.0543081378
813.69426 20.5201278422302 0.0001105311 0.0000000000
734.62932 18.3386039538541 0.0001229548 -30.6525867282
878.74435 18.7662066812243 0.0001338296 1.4608451798
572.48847 13.085586598735 0.0001721455 -33.2355124668
742.53813 11.5687569218062 0.0001832228 -30.0911088777
770.56943 13.7982120308637 0.0001909762 -31.0862506989
872.56584 4.96633835499076 0.0001976628 33.7298817857
639.49830 13.3423273390183 0.0002345888 -31.2916958176
770.56703 13.797233012235 0.0002874200 -31.1251822263
840.57491 5.17233813631043 0.0002874200 33.3679833597
615.49830 15.0490793396637 0.0002932760 -31.0204738525
782.72322 19.5597745781931 0.0002932760 -32.2503010698
946.78582 19.8770708820694 0.0002932760 -31.1053538331
692.63401 20.9725110038892 0.0003053247 -31.9419336968
794.49776 5.46257694858127 0.0003234787 32.2390940863
770.56943 13.7949172257704 0.0003308256 -31.1334522992
590.34635 2.71744863036992 0.0003550042 -1.3213703034
580.56632 15.6431414919584 0.0003803072 -3.1446763930
642.56672 17.5627122923697 0.0003956671 0.0000000000
396.31084 0.98204159640549 0.0004035627 -30.5077163658
840.70757 19.2947741222214 0.0004452961 -30.9728678910
934.80695 19.1902897071621 0.0004541121 -30.7769535223
794.53305 5.40879971691005 0.0004910304 33.6568800630
935.73345 18.2582126927483 0.0005105217 0.5085749488
944.77017 20.1130707501232 0.0005411150 -31.3619202667
749.62311 18.2614813650962 0.0006434503 2.2326540649
642.56672 17.8943152494222 0.0006434503 0.0000000000
1052.70915 10.6948651490635 0.0008710197 0.9551164701
903.74121 26.4223197218448 0.0009042061 0.8672502955
642.56672 17.3170901896051 0.0009385611 0.0000000000
505.42623 9.42082750728656 0.0009518518 -31.0415060649
840.70757 19.4793375238574 0.0009561885 -31.2727988110
704.63401 20.8362749700071 0.0010109272 1.2874837476
840.70757 19.3775205163669 0.0010685544 -31.3715370326
960.73457 16.4040791377762 0.0011292075 -31.6191781911
864.80147 20.3671931500569 0.0013551231 -0.6135807897
900.59714 6.12023959738057 0.0015846911 0.0000000000
872.77017 17.4569158865644 0.0017111743 30.0083039636
907.70215 17.5619717156372 0.0017418492 33.4052758295
742.53813 10.460452919561 0.0017418492 -32.1837724070
904.79638 19.6350400633875 0.0018369330 0.0000000000
766.69192 19.5151673166915 0.0020415568 -32.3207493838
358.29628 3.67315702398483 0.0021661746 -0.4606230676
774.52906 7.87181094106 0.0022375993 0.0000000000
834.75452 19.8122443409182 0.0023066073 -29.2451046362
742.53813 11.1492621359779 0.0024718635 -32.1181389810
540.33070 1.84850309373919 0.0025454025 29.9529346077
840.70757 19.5456883292014 0.0025584915 -31.4534182529
742.53813 10.9538884115265 0.0026936483 -32.1489898297
690.50683 10.254350732483 0.0026936483 0.0000000000
690.50683 10.2633397689426 0.0026936483 0.0000000000
902.61279 7.52701308865099 0.0028011544 32.8121263544
882.75452 19.2639297982881 0.0029334788 0.0000000000
598.50412 13.7863523370105 0.0029334788 0.0000000000
906.77565 19.1793709313384 0.0029837228 0.0000000000
954.77565 18.8474141098594 0.0030865734 31.9802812081
669.56051 17.9790592463352 0.0034725220 33.4099215558
907.69974 17.5044412299098 0.0037745527 31.5961069709
936.57601 6.96630602871089 0.0037735573 31.3453190702
836.54361 4.80313582363978 0.0038377509 33.5425031353
854.62695 11.710716483512 0.0038377509 0.0000000000
752.63988 16.3912993696017 0.0039019090 31.8167564500
914.81712 20.1061089271613 0.0042375516 -31.9669618983
824.54471 12.6215207088815 0.0044003554 -30.7178320758
982.68955 3.12520071322685 0.0045991744 0.0000000000
907.70215 17.7316289680842 0.0046747686 32.1161541201
779.60615 11.941578065939 0.0046747686 0.2050111076
770.65045 17.6273221834902 0.0049083487 -0.9101325461
940.60621 12.272387208172 0.0049885236 30.3438146288
940.60381 12.0061833729497 0.0049885236 30.3424479958
918.75452 19.7211827315918 0.0052362037 -32.2983397190
765.60036 18.7723689624469 0.0054949407 0.7924444977
850.58149 6.18428849202841 0.0056855009 32.8727858084
946.84333 20.1393152901222 0.0060473085 -33.3933307470
926.74435 17.5858811997927 0.0060473085 0.0000000000
856.58268 10.7614273483348 0.0060473085 0.2208327210
790.65553 16.0535794870784 0.0061440854 0.0000000000
670.59802 17.678965354013 0.0073044368 -26.3400908720
932.62226 10.990910959421 0.0074191061 29.6624347012
652.55107 15.7972972243683 0.0080170249 0.0000000000
866.59056 8.48356825144931 0.0082680305 32.6042478864
769.62180 14.6479309917326 0.0085260447 0.0000000000
842.59056 6.97840730105147 0.0086577321 29.7887824096
974.81712 20.384280103872 0.0086577321 -31.5508476178
1035.00492 22.09824741533 0.0087912345 -1.1151527381
528.30847 2.75739817509036 0.0087912345 30.9313882560
944.77017 19.9101787173837 0.0094867245 -3.3105458246
907.70215 17.2735716599763 0.0094867245 32.4846634364
924.59714 6.44189087338189 0.0097174883 34.0784439929
796.54980 8.69745924566983 0.0104237958 2.8881033733
774.52906 6.77889265692154 0.0105704188 27.7828596226
676.55107 15.1931824760204 0.0105427923 30.0468612109
512.29940 1.8988154721447 0.0105704188 0.0172672521
652.55107 16.4689038839025 0.0107019020 -29.9271532257
838.55926 4.81403846069614 0.0111921170 0.0000000000
810.60073 11.843308732296 0.0113598984 0.1594735454
918.75452 19.7629886366507 0.0120535666 -32.4921901193
862.55926 6.14886646467297 0.0127845224 30.6345135574
928.76000 18.1150713059698 0.0127845224 30.2979331168
918.62296 11.4890559076187 0.0131789959 -0.3129636308
498.26262 1.78215904919559 0.0135421666 0.0000000000
692.63401 21.041892340345 0.0137532012 -31.7122637179
600.55615 16.6047355297481 0.0137532012 0.0000000000
370.29519 1.38490071583004 0.0143650286 0.2318972037
980.86407 20.3334856839622 0.0156611000 -30.7487832670
344.27954 1.17961021580051 0.0158868348 0.3437641473
782.68683 18.1693132593408 0.0161154258 0.0000000000
796.51231 6.39891832833015 0.0161154258 27.0747614203
954.77565 19.2538908230624 0.0180506064 31.7043212872
898.58149 7.76283948997714 0.0181592081 0.0359226394
678.56672 15.9855257875705 0.0183062731 0.0000000000
872.56584 5.14933363678303 0.0193832731 31.3233930414
866.59056 6.64467757590123 0.0204682517 32.3867874719
933.71780 17.6915891918748 0.0204682517 32.0663047472
933.71780 17.4551530890066 0.0204682517 32.0681144337
690.47045 4.05779859626465 0.0219298045 1.4454982674
754.53573 10.1538623908481 0.0219298045 -0.4328471697
678.61836 20.6683180146395 0.0222327723 31.3507428591
752.55887 13.9768290065122 0.0228496431 -32.8389934117
856.58508 8.70629782001326 0.0238028177 0.2155842876
832.58268 11.1712248907127 0.0244572641 0.1331024631
682.63440 19.037569606701 0.0254681554 30.3427733683
854.53305 8.8617910459713 0.0265149993 -28.2480951533
572.48847 12.7974983020348 0.0291031767 -3.3823691352
783.61093 11.7380588391728 0.0291031767 -26.7553509909
856.57093 5.59898090401648 0.0294183513 25.2520191511
282.27914 4.05225055027731 0.0323245854 0.2838066071
814.55926 4.93970511985715 0.0323245854 28.3979528627
808.70248 18.1216121349425 0.0331761146 0.2684680600
858.60073 9.39929989853473 0.0336090304 0.1472311284
691.66098 19.8595490829256 0.0352915393 0.0000000000
766.50175 8.15633711614708 0.0363092681 -29.9094621314
960.82260 18.8231641035878 0.0382103809 30.7713306553
834.60073 13.9094896302591 0.0386986717 0.3328009304
876.72870 17.4887805084043 0.0391922544 31.3681693991
856.64260 13.9341442612362 0.0401954711 -1.7408722068
784.58508 14.2519779255557 0.0407051931 0.2366723161
326.34174 5.72823548083821 0.0417410863 -0.4379772315
810.75452 19.9849887103618 0.0417410863 29.8449597917
788.54361 5.03673171860434 0.0422673467 32.4263969880
784.58268 14.0451754389781 0.0422673467 0.1416359941
832.58508 10.2907777895735 0.0422673467 0.1624823936
910.78582 19.5903718907248 0.0422673467 0.0000000000
899.76983 19.5192648001211 0.0427992092 32.8770757246
864.57491 7.16949664425744 0.0433367191 0.0000000000
764.52248 9.05626457131515 0.0433367191 0.1631990412
806.72322 19.2355055086854 0.0449835849 0.0000000000
852.57601 9.1575747483828 0.0451745886 30.7472517081
628.36200 2.740829679828 0.0451745886 0.1639890334
1103.06752 22.3870488232244 0.0455441374 0.0000000000
806.56703 10.7532530230852 0.0461105648 0.0921456881
298.31044 4.60763436225434 0.0466829130 -0.3650692652
481.42514 4.04330644716952 0.0466829130 0.6496103606
900.59714 6.76682040608038 0.0473002395 29.8866240229
790.65553 16.5310349134248 0.0478455571 0.0000000000
802.53573 8.8072254871286 0.0484359457 -31.0749781414
1002.94232 21.625995387222 0.0484359457 0.0000000000
940.73887 19.2568685978849 0.0490324408 0.0000000000
804.55138 8.77656548044588 0.0496350891 0.1518489245
624.29431 3.21329177627375 0.0506460176 -0.9183556911
944.77017 19.7557496249126 0.0508590335 -31.8953272545
830.62695 9.47081111978543 0.0521081559 -32.6231530525
660.62892 16.8651646243239 0.0527422773 -2.2056178760
1089.05187 22.2640553517993 0.0527422773 0.0000000000
566.55067 14.9770299074136 0.0540298787 0.2003038909
804.55138 9.80440119660059 0.0553436103 0.1829368747
842.70796 17.4882012477371 0.0560103951 0.0000000000
450.26262 2.12921976162158 0.0566620413 28.6110961137
940.83277 20.1661815948031 0.0566838568 -0.6880677862
756.61367 17.6770244796814 0.0573640438 0.0000000000
845.72288 18.8317151343534 0.0580510046 29.5102150754
926.74435 16.8933009556608 0.0587447878 0.0000000000
314.23259 0.858734122982426 0.0623177477 0.1414656377
578.30996 4.01765601032919 0.0660731153 0.0000000000
846.55019 4.69614526550089 0.0667919381 0.0000000000
846.55019 4.92473130045344 0.0675171877 0.0000000000
780.55138 9.79972772539102 0.0684071039 0.1323837467
764.67627 18.9609767038825 0.0692015591 0.0000000000
804.55378 8.81059673369339 0.0692015591 0.1708154486
806.56943 10.7447375430588 0.0692015591 0.1766593372
764.52248 11.4149055732965 0.0708132078 0.1999605909
818.53305 10.012809250657 0.0708132078 0.0000000000
283.15160 0.777603382514871 0.0716305014 0.2496050269
862.69192 18.8890142787847 0.0716305014 0.0000000000
856.58268 11.9721737527777 0.0724555079 0.1907629705
792.57491 6.25706140767907 0.0732882775 0.7368339338
930.60661 9.55844054400059 0.0749773068 0.2658812965
782.53415 13.6397363078019 0.0759306385 0.0000000000
810.59833 14.2968601810478 0.0766979912 0.1479735540
594.37655 2.99198249115227 0.0766979912 31.4654824114
858.58658 7.25741261056723 0.0767361596 0.0000000000
576.29431 3.59203282784882 0.0775486335 -1.5503396473
912.76508 17.8787071922527 0.0811408374 31.0269117659
822.60073 10.8100594438517 0.0839053404 0.1857008086
795.63745 17.2437848228664 0.0848436101 0.0000000000
893.66296 18.9258016594971 0.0867456052 28.7695252945
816.57491 6.54104460144424 0.0867456052 0.0000000000
708.40934 2.72117811946089 0.0905977895 0.0000000000
780.70866 18.8798975705685 0.0905977895 1.6807561182
652.55107 16.1077760555979 0.0916514389 -28.0105319036
768.55378 12.0939846851885 0.0926588681 0.2684392545
948.85898 20.3127156013115 0.0926588681 0.0000000000
536.50372 10.509208423509 0.0936751689 0.0000000000
796.58508 14.4598345498102 0.0967778032 0.1486054542
279.23295 3.97452791301577 0.0972645880 0.1744697611
890.81712 20.3922009142705 0.0978300924 -32.6171109965
952.83277 20.458637392069 0.0978300924 -31.9283294422
808.66610 17.3130593589511 0.0978300924 0.0000000000
832.64260 12.320496784545 0.0988915039 0.1576509222
790.50175 8.11831765233682 0.1021309720 23.4025235548
678.67587 19.3487219475599 0.1021309720 -0.2514944809
820.51231 7.22694746136388 0.1021309720 -5.1102333640
786.52796 8.31755657965752 0.1032293720 -1.7211325089
281.24860 4.55722166813514 0.1043179182 0.2243762156
606.28375 2.14189733332432 0.1053578966 0.0000000000
816.57491 5.88522899420606 0.1065809990 0.1831612316
712.64497 18.7308969181232 0.1065809990 -0.9841715286
834.75452 19.623617780153 0.1065809990 0.0000000000
950.68556 15.933915867878 0.1085272524 0.0000000000
734.47663 7.85423995381365 0.1106817383 0.0000000000
732.44573 3.9558180703373 0.1117715748 33.3021529747
882.77565 19.0902499633058 0.1123580980 32.1373808426
860.60223 7.88585511404219 0.1128698597 27.8170194955
814.59675 11.1910876235275 0.1128698597 -0.0898955466
822.60073 11.6133237959531 0.1135426180 0.0752132105
898.58149 6.01125290382151 0.1139766324 30.7593120698
979.86641 21.4848472667142 0.1159411485 -28.8422754640
854.56943 8.76940203453354 0.1171552560 0.0827270109
890.57531 8.56170672772429 0.1196133972 1.5154311808
764.55646 11.1847196551103 0.1246507262 0.0717969909
772.58508 12.1252067023408 0.1259355544 0.2572906703
804.51850 11.3263225046212 0.1267224891 0.0000000000
858.59833 11.798831533089 0.1272306754 0.2147275924
863.56551 11.1939219766798 0.1279341492 -0.3053575398
884.77017 19.3221372557493 0.1285361364 -5.9031816571
908.79130 19.1546367349306 0.1298519841 21.1591782122
758.53305 9.56620509239456 0.1338623118 0.0000000000
834.60073 10.0765451541135 0.1365886456 0.2416780236
870.62296 12.2863974177693 0.1366695841 -0.1765105592
768.55138 12.8482763736528 0.1365886456 0.1186819417
888.57251 10.3234294327613 0.1365886456 0.1729161382
680.41443 3.78815629557579 0.1379542094 28.4404568819
1051.96031 22.0699268190539 0.1407582318 0.0000000000
400.34214 2.75683372821921 0.1407582318 0.0934960290
926.74435 17.7968690197008 0.1421696305 0.0000000000
715.58471 19.0322109278503 0.1421696305 1.2128009511
904.76000 17.7429242930023 0.1435918721 0.0000000000
654.61836 21.0416689520848 0.1450250008 0.1686743444
746.49776 8.20006651458217 0.1485685808 30.8060088417
832.60731 12.9683338889536 0.1513171965 -0.1082459816
828.75921 21.4075115003261 0.1538548538 -31.0435254690
854.56943 9.30511668582244 0.1553654120 -0.1116660445
788.52008 13.188931568567 0.1568872024 0.2350604243
482.32412 3.95183895239711 0.1599646470 0.0483350509
831.50291 6.78658871939567 0.1597955604 -31.1552296976
834.59833 13.1038855851378 0.1615203840 0.0762255020
766.53573 10.1042840974005 0.1630875186 0.1135574304
781.59528 11.9242255849815 0.1630875186 0.0802459942
794.57053 14.3596110292374 0.1656442687 0.4728127950
255.23295 4.44104822206778 0.1656442687 0.1469487570
890.78073 20.1930690555323 0.1678577132 0.1660212677
736.44064 3.69118304403745 0.1747172622 0.0000000000
712.60271 20.2896396465817 0.1760397142 -4.3621026197
894.62296 12.1688712332503 0.1825573386 0.1811709160
696.57728 15.8457917899866 0.1845154646 0.0737599049
342.26389 1.0117714934768 0.1845154646 0.0552095314
814.63203 12.6613429025469 0.1845154646 0.0000000000
806.56943 10.3150696441416 0.1862462721 0.0637460883
886.61788 11.5219161262171 0.1873849251 -0.0786074576
768.55378 12.8432310112672 0.1897438306 0.0804847988
535.47318 12.3276548719111 0.1923061200 -33.2840071301
866.59166 10.2392818144882 0.1939674507 0.0946812746
798.52906 7.04077675779076 0.1939674507 0.0000000000
852.76508 19.5195850782149 0.1950805470 0.0000000000
810.66062 18.5768638517623 0.1968836891 0.0000000000
796.70248 18.7920251571022 0.1986990048 -30.1102187526
451.45205 17.3397220101266 0.2041571092 0.1263221095
770.49666 8.7233577179488 0.2042183164 -31.0543740410
718.53813 12.5773093985538 0.2098483333 0.1436495275
758.62932 18.0689527429452 0.2098483333 0.0000000000
914.72322 19.374899610818 0.2098483333 -1.2507037714
424.34214 2.23884645680796 0.2117497489 0.0176702885
978.84842 20.8363407855246 0.2136635852 -0.2672870028
750.62423 18.9794039360553 0.2155898711 0.0000000000
535.47318 12.6725741779396 0.2165307502 -31.1204087626
561.41497 4.05267503384357 0.2214437064 0.0349108959
806.56943 8.24593676582157 0.2214437064 0.3308916804
838.63203 13.2259585884285 0.2234200683 0.1116151158
738.50793 9.18889688125833 0.2238392289 0.1223525068
914.59166 8.74099188690999 0.2294351767 0.2649649875
890.59166 8.8999990423556 0.2313224290 0.2577820094
900.66991 16.2834845684093 0.2332206823 -0.0391431971
807.57454 10.0418056473801 0.2396861507 0.0725978847
740.52248 10.4417155448795 0.2396861507 0.0393983417
678.39878 3.38303720394832 0.2409240820 -1.5823133911
864.57601 8.42552388797496 0.2428776189 0.0710103112
826.67666 15.9411548377082 0.2438799822 -0.4108406740
552.29431 3.93674128282783 0.2448422652 30.6677808229
768.55488 13.0541579667641 0.2448422652 -0.2326790891
757.62180 15.5650548262963 0.2438799822 -0.6541301090
580.32561 4.70399939122124 0.2448422652 0.0000000000
810.71813 19.0531617797204 0.2459961161 0.0000000000
752.63988 17.8127702102955 0.2502669211 0.0000000000
716.52248 10.7508630510489 0.2502669211 0.2298036733
814.55926 5.68613653091241 0.2502669211 0.1040591983
766.53573 12.6762752449308 0.2524216311 -0.0973582652
662.64457 17.870110823799 0.2524216311 -0.0539857794
894.81203 19.8348260234993 0.2545892376 0.0000000000
758.62932 18.4987935386269 0.2545892376 0.0000000000
417.24115 3.00222020015042 0.2548327041 -0.7437464434
890.59166 9.44134340764166 0.2548327041 -0.0801338882
758.62932 17.6912907215723 0.2545892376 0.6626890069
778.69192 17.9411885302442 0.2567697584 0.0620051283
713.56906 18.0533920310098 0.2567697584 0.1461086470
808.58508 10.0363339847443 0.2589632110 0.0734420895
312.32609 6.04525990208375 0.2589632110 -0.2650576060
840.64768 14.7822018531406 0.2589632110 0.1841904114
734.49776 6.15760990380038 0.2589071928 0.0000000000
846.60073 10.2250847957101 0.2611696120 0.1939618412
369.35158 21.1707662960087 0.2633889775 0.0268615795
316.24824 0.911313870521185 0.2656213231 0.1060050706
911.56551 9.50308592837286 0.2651031815 -0.2093294534
786.66062 18.7552834757157 0.2656213231 -0.4865682748
834.62296 14.2641245045085 0.2671910300 27.2334410562
870.75452 20.3412563136878 0.2701250130 0.1367522088
920.82768 20.6273148520773 0.2723963853 0.6486312673
930.84842 21.0342588558108 0.2723963853 -0.1610826873
840.57251 6.99006307663248 0.2746807933 32.5289231198
836.54121 9.66111197969298 0.2746807933 0.0734926416
790.53813 12.8512910956349 0.2746807933 0.0000000000
819.58980 10.106011857773 0.2746807933 0.0000000000
781.48726 7.15971061618098 0.2756553255 0.0000000000
860.60937 7.92503841474245 0.2792887653 -0.2527728228
297.24352 3.67371959514229 0.2821223800 0.1394432776
297.24352 3.67371959514229 0.2821223800 0.1394432776
766.53813 10.6408584802938 0.2816123520 0.0574994586
880.71774 19.7805826656054 0.2839490201 0.1849733393
544.45717 10.6548749156376 0.2839490201 -32.0315796085
920.82768 20.4830579070842 0.2862987792 0.5575281684
913.58116 10.8268609934318 0.2953630561 -0.1407338199
368.27954 1.11949597398012 0.2982442358 0.1692307803
794.56943 13.8108287014337 0.2982442358 0.0000000000
936.82260 19.8146090045997 0.3031143228 0.0000000000
758.46138 3.8462541015738 0.3067100032 0.0000000000
882.75452 20.1657219730558 0.3080369894 -0.1548178623
876.55138 7.51800595058321 0.3080369894 0.0000000000
664.38313 3.46430112791016 0.3090135961 0.0973555742
910.80695 19.639266776861 0.3105180488 0.0000000000
716.52248 10.5192519460083 0.3130122621 0.1894106017
858.62296 14.4865074634277 0.3183420551 -0.1136592535
920.82768 20.1359677045881 0.3180401564 0.5432863079
780.51740 7.52666946501343 0.3205738383 0.0000000000
868.60731 11.2473227269963 0.3207026960 0.1169753769
839.74630 19.5302285560416 0.3231206762 -27.3829817576
664.66022 18.8590914128475 0.3231206762 -0.0793575208
930.71686 17.9905511258975 0.3254582074 -0.1471332938
768.51740 7.92862167289972 0.3256806688 0.0000000000
636.35183 2.91066391919065 0.3254582074 0.0252073778
682.59802 18.1858372139026 0.3282538142 -0.5810447424
766.53923 11.9637099189358 0.3326770248 0.2486368566
595.49322 4.59309164913435 0.3334395513 0.1150127324
812.67627 19.2339459476073 0.3360521354 -0.6223939385
828.56312 7.70033268976266 0.3375465718 -0.2730772617
419.25680 3.70931000022401 0.3375465718 -0.7816350055
909.54986 8.85308910423651 0.3399984346 -0.2025215650
283.26425 5.54413522518662 0.3399984346 0.0864517282
828.56250 7.70033268976266 0.3399984346 -0.2302575499
846.75452 20.3996068946452 0.3413167101 0.0643181197
889.58116 11.4035752748231 0.3424616839 -0.1343923725
838.56036 8.02647337930021 0.3424616839 0.0839740436
850.78582 21.0328132545998 0.3439686885 -0.0123728957
666.60420 16.9236782031008 0.3449363141 0.0000000000
832.58508 8.63191998538658 0.3466337850 0.1068158982
680.58237 17.21947713271 0.3466337850 -0.5898666756
478.29282 2.51055646603237 0.3466337850 0.1153330700
824.58000 9.6926698481206 0.3466337850 0.2595601813
762.50793 8.91601757017107 0.3474223194 0.1605297162
814.55926 6.37993733446262 0.3493119916 0.2503320727
887.56551 10.1732158611296 0.3499196929 -0.0779711936
605.47516 15.2824436412883 0.3520032998 0.0000000000
796.58508 10.5598451276684 0.3520032998 0.2425070401
766.53813 10.5906541623826 0.3547077000 0.0758177560
280.26349 3.19974283945907 0.3547077000 -2.1365674608
798.52796 7.58688371826229 0.3574251820 0.0000000000
956.79130 18.2809158884653 0.3574251820 0.0000000000
812.54361 4.75777593475662 0.3601557350 0.0000000000
848.56584 4.59011008861944 0.3600227191 0.0000000000
871.53421 8.44473902873824 0.3600227191 0.0000000000
818.72322 19.5139440914823 0.3628993472 0.0000000000
810.60073 10.6539352456157 0.3656560060 0.1163178800
426.35779 2.96213578956672 0.3684256983 0.0301273943
480.30847 3.32203324393808 0.3684256983 0.0812653520
732.55378 13.7898606452611 0.3712084100 0.0955070070
872.77017 20.4651812734825 0.3740041263 0.0447647117
828.56312 7.70033268976266 0.3755168289 -0.2417757414
656.58237 18.1953468075651 0.3768128316 -0.6406756362
480.30957 3.80069758487822 0.3807717260 0.0715286797
439.22550 2.19356720458965 0.3807717260 0.0000000000
610.54050 15.0388247279259 0.3796345095 -0.0140663140
868.60731 12.0187943927317 0.3807717260 0.0427286159
830.51889 5.79259261034692 0.3860715433 0.0000000000
958.80695 18.8135919199941 0.3853167140 0.2937413467
415.22550 2.2971871782529 0.3860715433 -0.9240053232
630.50920 10.3275777366483 0.3881772039 0.0000000000
554.34635 2.9150829282304 0.3887382599 0.0176884108
848.77017 20.6807771811994 0.3910505932 0.0202845829
617.51395 16.2934649041849 0.3939368614 0.1410631568
861.54986 9.64228640547383 0.3941052295 -0.1476394832
814.55926 5.97949093240209 0.3968359877 0.2492997904
792.55378 12.2489819937957 0.3968359877 -0.0436579441
937.74669 18.1964243961727 0.3968359877 1.3745158220
882.75452 19.9974779552551 0.3968359877 -0.1441088743
832.58508 9.52978056734568 0.3997479500 -0.0726921060
836.61398 14.570955316115 0.3997479500 0.0565399727
846.62296 14.1480869236257 0.4022392684 0.1309569736
676.66022 18.0880555919204 0.4026727257 0.0000000000
692.41443 3.7976868451019 0.4022392684 33.9016750547
842.59166 10.6327775433985 0.4049728313 0.1700461312
794.56703 13.4993131154608 0.4056102913 0.1832674621
878.78073 19.6686886948245 0.4085606225 0.0000000000
674.43915 3.99701216912249 0.4085606225 32.0481234374
844.60731 12.3088040433833 0.4077174706 -0.0410673772
852.57601 9.13167035851157 0.4132398971 -0.1153223706
558.28375 2.49449716638524 0.4132398971 -0.1775315940
986.91102 20.8580526666136 0.4144994807 -0.0941438177
848.54471 12.7158979315603 0.4188063798 0.0341883351
766.53923 12.707427916444 0.4188063798 -0.0000454255
786.56435 11.6864428816002 0.4204890899 0.0000000000
842.59166 11.1797763754823 0.4216060872 0.4238581045
840.57251 6.5611544030305 0.4235028570 32.5040916445
966.84842 20.8354479557231 0.4235028570 -0.1046940530
857.67533 14.8225245983435 0.4244167412 -0.1770461048
820.51341 5.60057732510117 0.4244167412 0.0000000000
885.54986 9.39242550148017 0.4329141429 -0.1466349051
808.73887 19.6163037534519 0.4326196561 0.0000000000
810.56435 9.73288587403672 0.4387601279 1.1143566888
454.29282 3.10399841091146 0.4387601279 0.0611252163
744.55378 13.1816891747472 0.4387601279 -0.0020581818
898.58149 5.60587406267922 0.4415091740 31.2861023687
770.57053 14.9447183623338 0.4415091740 -0.0945591191
804.55378 8.34116613876049 0.4418490484 0.1387199773
812.54361 5.61346600504397 0.4480640891 0.0000000000
612.55615 16.2959897737381 0.4480640891 0.0124624738
792.57601 11.5524762918147 0.4502011114 0.0206158293
866.78073 19.4648205694529 0.4511901387 -0.2173496064
502.29282 2.42363161790282 0.4511901387 0.0000000000
776.54471 8.56905255440471 0.4531198265 0.1085512818
732.61367 17.6182328647394 0.4543284930 -0.2272539951
794.60582 13.239657597937 0.4543284930 0.1562432618
790.56036 9.58067464557815 0.4589891826 0.2125491458
692.65514 17.5342247435258 0.4606419659 0.9297620062
844.51341 9.89377038181134 0.4619397621 -0.1148640171
766.53813 11.4098198392024 0.4670042001 0.1281936339
902.81712 20.9108048706781 0.4670042001 -0.1177543188
874.55926 7.78244762153085 0.4670042001 0.0000000000
834.58658 9.37576488646634 0.4678725655 -0.0044995721
972.89537 21.2939994107217 0.4702035030 -0.1161153047
738.50683 8.6070909281738 0.4702035030 0.0880560349
782.63792 9.11959454265665 0.4708547243 -28.9353600254
786.66062 18.5270266098151 0.4734148750 -0.1772717465
866.59166 11.3918812773896 0.4738473434 0.1604859369
773.65310 17.2781521674756 0.4766382740 0.1207345077
582.28375 2.16568011387043 0.4768503885 0.2749319822
808.58508 9.57275303253541 0.4798736571 -0.3126246271
764.52248 9.08166283994999 0.4798736571 -0.3025956830
950.81712 20.688621773897 0.4831209805 0.0000000000
946.87972 21.3465143213717 0.4831209805 -0.1526249024
634.54050 13.2313475527551 0.4863801998 0.1737144197
694.64966 20.9714780654114 0.4896512695 0.0000000000
757.62180 10.582432341997 0.4896512695 -0.0360899521
736.44064 3.63035858141885 0.4920207693 0.0000000000
870.62296 13.0522604846586 0.4950856205 0.0224338978
566.34635 2.07466059055652 0.4950856205 0.7232316495
984.89537 21.2837825292426 0.4962287748 -0.2540636207
894.75452 19.8568965973651 0.4962287748 -0.4577867915
760.64497 18.5930055205169 0.4995351156 -0.5086536541
774.62423 18.3132368173869 0.4995351156 0.0000000000
916.79638 19.7921841218105 0.5028531174 0.5493521000
608.52485 12.9131676509597 0.5061827308 0.0000000000
664.38313 3.84527286284107 0.5105616405 0.0623965832
821.66296 19.9192597458782 0.5128765906 0.0000000000
694.63550 18.5406403840492 0.5168221182 0.0524460333
828.69231 17.2137732777944 0.5196162837 -0.1154443944
840.72870 20.1467182274454 0.5196162837 0.0000000000
881.51746 7.67061403001131 0.5230031858 0.6855624292
689.56906 18.965613712175 0.5230031858 -0.0910833431
714.60310 16.4127143615306 0.5230031858 0.0000000000
614.57180 17.3938530870431 0.5264013862 0.0817246479
692.61985 17.4848633218795 0.5262868590 -0.0268120630
908.79130 18.9241115323477 0.5264013862 0.0000000000
892.73887 19.9859357963146 0.5298108299 -0.1978138756
526.29392 2.86628042953785 0.5294613376 0.0811816913
798.56435 7.74104100674684 0.5298108299 0.0000000000
634.54050 13.3829831408155 0.5298108299 0.1693900012
648.62892 17.5698495820039 0.5332314611 -0.1014101594
880.73887 19.154743256211 0.5366632233 0.0000000000
927.81720 20.755136055392 0.5366632233 -0.0632701325
654.56672 17.08224639763 0.5366632233 -0.3841767058
881.51856 6.846961686859 0.5390428385 -0.1492039857
832.73887 20.2421245068439 0.5401060591 0.0724133022
594.58197 16.5808252982973 0.5401060591 -0.0355611610
914.58816 12.1295437681812 0.5435599102 0.0000000000
810.68175 16.368849155244 0.5435599102 -0.0918367188
580.49355 11.105666543637 0.5435599102 0.0000000000
794.56943 9.80425172899345 0.5435599102 0.0000000000
593.47757 4.55185692542188 0.5435599102 0.0426931315
920.86407 21.274428634414 0.5470247178 -0.1356996292
740.63401 20.5689674938009 0.5470247178 0.0000000000
634.54050 13.8233926110864 0.5505004220 -0.0454819070
874.78582 20.6551008507198 0.5505004220 -0.0323456727
883.53421 7.70091079716446 0.5519519157 -0.1476530557
654.56672 17.0491844284422 0.5539869625 -0.3639793677
738.50793 10.3223454629904 0.5552027478 0.0468508486
828.57601 9.17683585111281 0.5584629063 -0.0928019772
878.59166 10.3264429958715 0.5584629063 -0.1016058066
828.57601 9.5650283442539 0.5584629063 -0.1024369205
858.60073 9.63352025319336 0.5574842778 -0.0686068096
902.57531 7.8476288981191 0.5645109840 0.0000000000
774.60073 16.239879683181 0.5609923059 -0.1542616266
636.55615 15.2007447017287 0.5645109840 0.0872030868
848.77017 18.1875551675254 0.5645109840 0.0000000000
822.60073 10.4066146224881 0.5645109840 -0.1268727625
812.54361 5.4848494774895 0.5645109840 0.0000000000
772.51341 6.98020684902401 0.5650110007 -0.3022195002
536.50482 11.9927273865675 0.5650110007 0.0655809961
748.49228 8.77720742785254 0.5650110007 -0.0922216680
811.62223 10.3901499952463 0.5682988343 -0.1185466292
894.69463 17.26798736618 0.5715800349 0.0000000000
811.62223 10.3901499952463 0.5682988343 -0.1185466292
738.66062 18.845843684782 0.5680402485 0.0000000000
772.54870 7.78099368630519 0.5715800349 0.0601425726
784.58508 10.3233036038536 0.5715800349 0.0266304518
896.63861 14.4323845984573 0.5715957895 -0.1157385036
802.55926 10.3202341629118 0.5715800349 0.0000000000
826.56036 8.89322465729424 0.5715957895 -0.2219083242
811.62223 10.3901499952463 0.5682988343 -0.1185466292
811.61995 10.3903172586242 0.5682988343 -0.1185013473
882.58658 6.95010110983653 0.5782168538 0.0000000000
884.73378 19.4554963506516 0.5786909123 0.0717471250
1077.05187 22.3149972740452 0.5786909123 0.0000000000
474.30615 1.6451602143514 0.5822618707 -0.2762228889
878.57531 8.33550877663642 0.5822618707 0.0000000000
836.54361 9.52829618383562 0.5858430858 0.0000000000
782.68683 18.6950798691491 0.5858430858 30.1290113525
912.57601 7.65674305910021 0.6709211488 -0.0071048702
830.55528 7.71586559912584 0.6463240377 -0.1916417029
846.52906 7.84948201325996 0.6084488623 0.0000000000
736.49228 8.97475847568944 0.6638558727 -0.0815732289
716.52358 11.9465095907597 0.6709211488 -0.0500982862
904.54980 8.14853124545839 0.6638558727 0.0000000000
826.59675 11.3604975803528 0.6498151264 0.1910416820
842.59166 10.4629958197791 0.6289864325 0.0953263501
738.50793 9.3891293478669 0.6463240377 -0.0531051235
827.55963 7.71119040490319 0.6118510087 0.1169123171
784.66610 16.4558181851827 0.5930360131 -0.0406022715
782.65045 15.1582073084874 0.6595109458 -0.0330544221
680.63401 21.0205391312414 0.6407440095 0.0085372181
677.64533 19.6289636219167 0.6324380288 0.0000000000
866.59166 9.92024020757231 0.6255429245 0.0255337178
850.56036 7.46523297334516 0.6533139202 0.0772092371
736.49228 8.51287416030218 0.5949253881 0.0577022722
812.54361 8.69583647723979 0.6632906797 0.0000000000
818.55528 6.92229191705089 0.6221075669 0.7489511908
906.62296 12.2694733747612 0.6084488623 -0.0442102102
792.55488 13.6628891651468 0.6358976508 -0.0157943174
812.54361 10.7224346048556 0.6557398850 0.0000000000
796.66610 15.6209886249695 0.6482241112 0.0000000000
835.53421 9.07165114702388 0.6255429245 -0.2138675652
756.63480 14.9382181617438 0.6632906797 0.0000000000
592.56632 15.263897634046 0.6258933721 0.0000000000
612.33070 2.13505952074836 0.5882155278 0.0699601914
780.55378 7.62769635644574 0.6185240837 -0.0053361356
882.62296 13.7517202717092 0.6221075669 0.1906954764
814.56036 8.70784836086253 0.6533139202 -0.0361721985
827.55963 7.71119040490319 0.6118510087 0.1169123171
686.55655 8.93954766289255 0.6557398850 0.0000000000
840.57601 9.74422867036594 0.6050551685 0.1088991184
796.66610 15.453594050896 0.6632906797 0.0000000000
904.54980 8.14853124545839 0.6638558727 0.0000000000
820.51341 10.3338103400281 0.5882155278 0.0684442020
894.62296 11.1820495510885 0.6603343598 -0.1473004004
827.55963 7.71119040490319 0.6118510087 0.1169123171
668.63401 21.1877234383072 0.6002691398 0.0604683115
648.32719 2.17865509719125 0.6333002201 0.0000000000
739.63876 16.900312756479 0.6407440095 0.0000000000
650.64457 18.2046555342791 0.6258933721 0.0000000000
924.80147 20.5899344752001 0.6482241112 -0.0342591037
926.81712 20.8231705070098 0.6185240837 -0.1367285749
926.81712 20.8472913641354 0.6444795611 -0.1282884648
948.80147 20.0720898335975 0.6075418995 0.0000000000
680.63401 20.9741333105279 0.6258933721 -0.0256656714
694.64966 20.9081246444429 0.6185240837 0.0000000000
824.54471 7.51477064789875 0.6186804211 0.0324416168
766.53573 9.20532126393346 0.6632906797 0.0453407745
778.53573 10.989356969197 0.6595109458 0.0161269547
976.92667 21.3071020836908 0.6111929617 -0.1968350537
911.56200 10.3169881981364 0.6557398850 0.0000000000
806.72322 19.9441742952686 0.6002691398 -0.3678825700
826.59565 6.30493958316165 0.6444795611 0.0000000000
862.74943 18.3761521168708 0.5966475866 0.0000000000
796.73887 19.7977855137768 0.6407440095 0.0000000000
826.59565 6.61402762876569 0.6333002201 0.0000000000
892.60621 14.1193307211879 0.6258933721 0.0000000000
914.58816 11.4549287797669 0.6370175362 0.0000000000
932.86407 21.2841935441372 0.6708758338 -0.0963020880
840.57491 6.98302179574783 0.6557398850 31.4880528869
970.87972 21.0948246984237 0.6670790036 0.0000000000
886.63203 14.1498379234974 0.6222039948 0.0000000000
638.57180 16.837530747892 0.5894344896 -0.0773527226
840.57491 7.24425473313992 0.6557398850 31.4773561582
878.57531 8.00328355330391 0.6222039948 0.0000000000
812.67627 18.9236297817154 0.6670790036 -0.0522847194
826.59565 5.41358206450525 0.6595109458 0.0000000000
449.36254 4.69384636354502 0.6519775795 0.0000000000
540.49864 8.7195918250089 0.6557398850 0.0000000000
860.73378 19.7167902627459 0.5930360131 0.1358163968
864.76508 18.5487957679309 0.6295921395 0.0000000000
843.70723 18.4689944607603 0.6002691398 0.0000000000
476.27717 1.86263426161962 0.6519775795 0.0000000000
636.62892 17.9776998627378 0.6557398850 -0.0457488457
870.75452 20.1676760525226 0.6185240837 0.0159177059
886.55686 8.74647435991662 0.6039006014 0.0000000000
870.75452 20.2184890366306 0.6111929617 0.0194010937
798.56435 7.40936832634803 0.6708758338 0.0000000000
798.56435 9.39019550686799 0.6333002201 0.0000000000
460.36327 5.97311485141087 0.6482241112 -0.0471543931
886.62963 14.1753157763862 0.6185240837 0.0000000000
876.80147 20.8894861974896 0.6333002201 -0.0192251591
948.89537 21.406196054594 0.6185240837 -0.0883035057
834.75452 20.5419295597483 0.5966475866 0.1601988404
886.74943 18.4161279046149 0.6708758338 0.0000000000
882.59833 11.2774711133797 0.6670790036 0.0000000000
633.50887 8.41454721275307 0.6075418995 0.5177777689
886.74943 19.8293334938339 0.6039006014 0.1541136007
836.61638 11.2458731168424 0.6557398850 0.0334935460
828.51740 8.78639476467082 0.6557398850 0.0000000000
888.80147 19.8628934003178 0.6407440095 0.0000000000
912.57251 10.1489104584263 0.6557398850 0.0000000000
794.56943 10.0512169828038 0.6075418995 0.0000000000
822.75452 20.6626827325744 0.6444795611 0.1521162871
794.56943 9.62792156052975 0.6444795611 0.0000000000
820.58508 10.0547049703842 0.5966475866 0.0703403939
827.66367 13.4443841781333 0.6519775795 0.0000000000
790.53573 8.61770766977979 0.6333002201 0.0000000000
1002.94232 21.263914453612 0.6002691398 -0.0077272438
892.60621 14.269776412408 0.6111929617 0.0000000000
968.86407 21.0233859718751 0.6482241112 0.1055760018
712.64497 19.4779248020852 0.6708758338 0.0661591108
738.66062 19.5020359915863 0.6519775795 0.0229000435
784.64497 18.1130067841994 0.6370175362 0.2954846058
732.61367 17.526794006018 0.6295921395 -0.1632452745
696.61367 18.5094407700841 0.6444795611 -0.2798576888
696.61367 18.4863938934817 0.6444795611 -0.2798576888
1004.95797 21.4395827699356 0.6039006014 -0.1025911207
782.68683 19.4732445342659 0.5930360131 0.0000000000
684.61367 18.8156612971124 0.6370175362 0.1495978809
882.60073 11.2291958892711 0.6595109458 -0.2467128604
808.58508 12.0302760705724 0.6148537144 0.0220098533
904.60621 15.7121643288585 0.6482241112 0.0000000000
902.57531 8.40777597764156 0.6258933721 0.0000000000
844.51231 8.40001784466841 0.6670790036 0.0000000000
942.84842 20.9329945481314 0.6075418995 0.0000000000
836.54361 5.89059209797699 0.6444795611 0.0000000000
998.91102 21.3514110167093 0.6595109458 0.0000000000
632.52485 12.2504468890402 0.6185240837 0.0000000000
850.55926 9.97313958271886 0.6557398850 0.0000000000
913.74910 19.0395013049888 0.6039006014 0.0000000000
913.74910 19.1360211597815 0.6075418995 0.0000000000
890.65632 11.3010359829542 0.6444795611 0.0000000000
836.54361 6.69187420605594 0.6519775795 0.0000000000
658.40544 3.61046134045157 0.6670790036 0.0000000000
972.73457 15.9008881752571 0.6258933721 0.0000000000
922.84333 19.9170818205574 0.6708758338 0.0000000000
836.54361 5.56437474523934 0.6333002201 0.0000000000
886.55926 8.57816991215886 0.6258933721 0.0000000000
860.77017 20.7904013020572 0.6557398850 0.0079575453
538.51937 12.6347754672218 0.6075418995 0.0000000000
940.73887 19.3919776691838 0.6258933721 -0.2167710667
792.55378 11.5036067657378 0.6075418995 0.0590388864
780.70757 18.8977527335424 0.6222039948 0.0000000000
940.73887 19.5700696641439 0.6295921395 -0.3105501025
866.72322 19.7874246248282 0.6708758338 0.0000000000
710.62932 18.9236599374701 0.6370175362 -0.3148433421
970.84333 20.787414113719 0.6370175362 0.0000000000
838.55686 11.6489497894507 0.6482241112 0.0000000000
958.87972 21.1887436128506 0.6002691398 -0.1767363780
876.55966 7.67783157205526 0.6295921395 0.2277093689
633.50646 17.0899299089191 0.6746810859 0.0000000000
774.66062 18.9367944515235 0.6746810859 0.0000000000
1056.98927 21.7393811083369 0.6746810859 0.0000000000
856.73887 20.0751401044702 0.6746810859 -0.0187032242
910.74943 19.2548489487144 0.6784946749 0.0703971051
970.87972 21.3626190675767 0.6784946749 0.0000000000
972.80147 20.3421750978582 0.6784946749 0.0000000000
1122.78740 15.8363295455154 0.6784946749 0.0153254530
591.49590 16.2122872123923 0.6784946749 -0.0123913033
774.66062 19.10110760512 0.6784946749 0.0000000000
894.62296 11.6446721268431 0.6815736666 -0.0469846046
764.54471 9.32333773598623 0.6815736666 -0.0433118723
913.74910 19.302198557412 0.6823165152 0.0000000000
762.66062 18.9031009536148 0.6823165152 0.1261172694
812.66101 15.4849345277848 0.6823165152 0.0000000000
792.51740 8.51720523089222 0.6823165152 0.1173789059
816.70757 19.6638951849072 0.6861465206 -0.3603080708
893.72048 18.9673373341336 0.6861465206 0.0000000000
886.55686 9.77556956966247 0.6861465206 0.0000000000
742.53573 10.0062373355179 0.6861465206 0.0000000000
786.60073 11.535491056944 0.6899846041 -0.0442797154
808.73887 19.4789433221002 0.6899846041 -0.0949049104
890.81712 21.012173390491 0.6899846041 -0.0846742381
934.87972 20.9370845076923 0.6899846041 -0.0052791295
950.81712 20.1666057797395 0.6938306782 0.0000000000
810.75452 20.803038640365 0.6938306782 0.0170930529
838.74943 19.2308373135313 0.6938306782 -0.2514135896
766.53573 12.2186684930661 0.6976846547 -0.0341761385
608.35691 3.10659482580248 0.6958760373 0.8270988151
764.52248 10.0117698170554 0.6976846547 0.0496321639
776.63988 15.4470356803124 0.6976846547 0.0000000000
935.76743 19.7157583960086 0.6976846547 0.0000000000
934.74943 19.0842250857724 0.7015464450 -0.0141969707
768.55378 11.5990952444136 0.7015464450 0.2074361871
916.79638 18.7577446168061 0.7015464450 0.0000000000
885.54986 8.41930328969624 0.7030683852 -0.1799265221
866.81712 21.1917113644046 0.7054159596 -0.0380507099
747.51816 9.49434090209419 0.7066745984 -0.1272216683
892.60731 10.2780298686904 0.7066745984 0.0265874513
720.66531 20.8553086450585 0.7092931085 0.0000000000
858.75452 20.5596565742527 0.7131778014 -0.1278199636
842.66333 16.4569772072823 0.7131778014 0.0000000000
917.72048 18.7076729355266 0.7131778014 -0.1411677323
474.30615 1.53272052921968 0.7170699469 -0.0142344846
668.65514 17.9540843972568 0.7170699469 -0.0382837638
820.73887 20.4635039794541 0.7170699469 -0.0244161616
820.73887 20.3870925868491 0.7170699469 -0.0244158982
816.57601 9.98910138246181 0.7211646754 -0.0262037789
920.77017 20.0271059755271 0.7209694534 0.0060796478
772.58508 14.8183615857382 0.7209694534 -0.0637334246
836.73378 18.2878433172025 0.7248762287 -0.0153658999
786.52906 9.54781366597177 0.7248031310 0.0000000000
914.64918 13.7230281777726 0.7248031310 0.1587171808
784.64497 18.5061961041781 0.7287901797 0.2212903894
794.56943 10.9076942958864 0.7287901797 -0.0060909539
762.66062 19.1494242182228 0.7287901797 -0.3893825114
938.81712 20.7857558021573 0.7287901797 0.0845964498
742.53923 13.051048931761 0.7284478117 0.0219963745
844.51231 7.60670784244211 0.7327112132 0.0000000000
762.50793 9.88437228359852 0.7320986422 -0.0607169043
888.76508 18.4553307275951 0.7327112132 0.0000000000
888.76508 20.0952089837461 0.7366392351 0.0312834240
822.55019 8.15084487162761 0.7357555465 0.0000257440
837.54986 10.9564082702198 0.7357555465 0.0000000000
650.64457 18.6323604040323 0.7366392351 0.0009854988
822.55019 8.15084487162761 0.7357555465 0.0000257440
892.60731 10.577662703913 0.7394184485 -0.0260162337
898.78582 20.4625150733069 0.7405741510 0.0696094284
908.77017 20.2589387360271 0.7445158657 0.0000000000
502.37383 2.54547397014855 0.7445158657 0.0256940157
794.56943 9.22258334352286 0.7484642836 0.0000000000
886.55686 9.91590302768569 0.7484642836 0.0000000000
892.79638 19.2859606993813 0.7524193087 0.0000000000
594.37655 3.63708330876173 0.7524193087 1.4526959691
864.70757 19.5347191991189 0.7524193087 0.0000000000
848.60937 8.31997001575712 0.7524193087 -0.0762324005
690.61836 20.7653896034918 0.7563808443 0.0062023988
974.91102 21.1054190039006 0.7563808443 -0.0245771137
241.14453 0.751799644535705 0.7578202249 -0.0728744856
591.49830 16.2051605704834 0.7603487932 -0.0537082241
836.77017 20.796253076464 0.7603487932 0.1609203051
650.40386 3.11774402177906 0.7615174884 0.0000000000
828.70757 19.5893528903648 0.7603487932 0.0000000000
714.50793 10.6346404336776 0.7615174884 -0.0273591435
764.67627 19.5727436936319 0.7643230578 -0.0729136110
810.71813 18.8814848582909 0.7643230578 27.9418992020
857.51856 7.51366050660253 0.7652202046 0.0507877824
878.81712 21.2157968899821 0.7643230578 0.0073361289
796.54980 10.1020926217767 0.7652202046 -0.0194096678
866.72322 19.9644538148942 0.7683035399 0.0000000000
640.62384 16.8566078083224 0.7683035399 -0.0166361602
864.70757 19.1255593728647 0.7683035399 0.0000000000
766.69192 19.9642690390832 0.7722901408 0.0637344134
666.61836 20.9163576335506 0.7722901408 -0.0626253167
587.40593 3.02881482781673 0.7763602731 -0.0503275322
784.64497 18.4519098295377 0.7762827615 0.2221349696
790.53923 11.3707863287423 0.7763602731 -0.0573865257
888.80147 20.8119473955546 0.7802813022 -0.0564107135
806.59166 12.3291959793821 0.7800840021 0.1463472745
892.60731 10.8208545468372 0.7800840021 0.0282884335
832.54870 11.3722044632676 0.7802813022 0.0000000000
859.53421 8.24101135509744 0.7800840021 -0.0907681624
788.67627 19.1019091305746 0.7802813022 -0.0535143157
888.76508 18.2461233448749 0.7842856629 0.0000000000
766.65553 17.2361887475667 0.7842856629 0.1735989268
904.59096 7.68094156461773 0.7842856629 0.0000000000
800.54471 7.78684331794852 0.7875465351 -0.0247864667
648.62892 17.7893797949017 0.7882957431 -0.0615639501
812.69740 17.4862072751591 0.7923114417 -0.0482147411
760.64497 18.3896311393913 0.7923114417 0.0428407402
572.52485 15.3794694053575 0.7923114417 -0.5853554225
792.70757 20.0128427929347 0.7923114417 -0.1622803047
860.60937 7.69006025387614 0.7963326574 0.0211329772
640.58745 17.3168212821192 0.7963326574 -0.1292550556
838.78582 21.0177456000067 0.7963326574 -0.0158023378
890.78073 19.4456108316391 0.7963326574 -0.1443995691
772.58508 15.071718443991 0.8003592881 0.0912504255
790.53923 12.0710857916984 0.8025296153 -0.1245000011
812.54471 7.81306659205716 0.8025296153 0.0100334384
750.66062 19.303631926467 0.8043912316 0.0833668116
859.53421 7.92057324881927 0.8062869917 -0.0825227747
858.75452 20.2874561402326 0.8084283851 0.0730771753
818.72322 19.9347146472392 0.8084283851 -0.0249418666
920.77017 20.2206750068248 0.8124706455 0.1730819391
766.53923 11.4782118136062 0.8138150913 0.1472913343
762.66062 19.2269143263533 0.8165179092 -0.4675472482
910.78582 20.5091294842484 0.8165179092 -0.1124957716
778.53813 11.0364371463682 0.8165179092 -0.0416583256
840.57601 8.68447863864778 0.8175856471 -0.0212176983
880.73887 19.9132617818535 0.8205700722 -0.0084278661
624.62892 18.080783619151 0.8205700722 0.0181965999
828.70757 19.682232899643 0.8246270302 0.0000000000
862.78582 20.7958659569877 0.8246270302 0.0563432231
794.72322 20.3548455367529 0.8246270302 -0.0826424655
854.57531 9.23324022612519 0.8246270302 0.1459826426
960.89537 21.0543832240577 0.8246270302 -0.0253242357
811.66875 16.5864032197892 0.8286886784 0.0738639840
754.69192 20.1556688906248 0.8286886784 0.3212753733
920.86407 21.3591606765783 0.8286886784 -0.0202128577
860.77017 20.5551104196995 0.8368256245 -0.0425138854
642.60310 18.4860728535768 0.8409007111 0.0578968748
807.50291 7.43071866250971 0.8402947523 -0.0605639723
992.77017 19.6172518313539 0.8409007111 0.0000000000
888.70757 19.1638807447092 0.8409007111 1.4172516902
818.72322 20.0338848425105 0.8409007111 -0.0373094949
714.61836 20.4773139342567 0.8572426657 -0.0520180178
600.29431 3.49984980830846 0.8555095884 0.0000000000
844.60621 7.61999523216409 0.8490635804 0.0000000000
992.86407 20.3242270711278 0.8531511496 0.0000000000
842.72322 19.7756649267803 0.8572426657 -0.1019751947
864.80147 20.9858952501716 0.8572426657 0.0733126816
662.36748 3.05994006398348 0.8478950851 -0.0016064420
622.61327 17.6665487371794 0.8490635804 -0.0711801143
738.50683 9.06434144561287 0.8531511496 -0.0121988793
988.92667 21.1107415457453 0.8531511496 -0.0554399765
838.56036 8.49260297716673 0.8555095884 -0.0007201337
740.67627 19.9589682141611 0.8490635804 0.1123804572
794.53415 9.89714753220415 0.8517006087 0.0605198872
768.70757 19.8991416440939 0.8531511496 0.1607041283
860.63861 14.9034921259111 0.8478950851 30.8204718649
778.56036 10.3678682672453 0.8517006087 0.0208810715
638.64457 18.5261975271008 0.8531511496 -0.0468358893
864.57601 9.271659570933 0.8478950851 -0.0247268305
638.36748 2.87184771456332 0.8555095884 0.0000000000
862.78582 20.0472493350856 0.8572426657 -0.1070935705
664.66022 19.0291120692078 0.8531511496 0.0584981485
832.54980 13.8466342636181 0.8593219376 -0.0016319960
796.73887 20.6695718689207 0.8613380212 0.0216322326
887.56200 9.03211311526418 0.8613380212 0.0536858767
840.57491 6.56318676086745 0.8613380212 0.0000000000
666.60310 16.3950706417439 0.8613380212 0.0000000000
856.54980 13.2285364361674 0.8631375692 0.0820090663
898.78582 20.6126099765998 0.8654371082 0.0266582770
840.57491 6.07030481037946 0.8654371082 0.0000000000
835.66875 15.0213345601098 0.8695398185 -0.0799977904
785.65310 13.0593623394444 0.8695398185 0.1035682746
558.50920 14.6358506551898 0.8695398185 -27.4607183948
798.52906 8.27524659245033 0.8746032853 0.0413640725
787.67861 20.5205245932454 0.8736460438 0.0000000000
856.60731 11.3111523877457 0.8746032853 -0.0300890071
942.84842 21.2651997878172 0.8736460438 0.0000000000
610.33618 1.00581372339599 0.8746032853 -0.0857804425
568.36200 3.4839113258688 0.8669563960 -0.0125877749
558.47282 19.3047972289926 0.8695398185 0.0000000000
830.59166 11.2053244385669 0.8707783306 -0.0278497059
816.64768 14.1567685630827 0.8736460438 0.0000000000
790.53923 10.8349915198868 0.8707783306 -0.0098876853
558.50920 14.4930865314761 0.8777556754 -27.4601827472
972.80147 20.1841074795638 0.8777556754 0.0000000000
840.57491 6.39393155746639 0.8777556754 0.0000000000
962.91102 21.1182268551194 0.8818686042 0.1019709730
922.78582 20.3539450232585 0.8818686042 0.1488950710
642.60310 18.4937055413521 0.8818686042 0.1306515941
847.53421 8.60069259165601 0.8822619034 0.0045008589
916.83277 21.2181831868393 0.8859847210 0.0000000000
866.72322 19.5272690278866 0.8901039162 0.0000000000
636.62892 18.1737697021783 0.8901039162 -0.0518756550
802.69192 19.5474843364263 0.8901039162 -0.1315417757
760.58508 13.6784031410833 0.8901039162 -0.0653389348
824.54361 8.60993483439603 0.8942260802 -30.6146460459
892.60731 11.4788278968874 0.8976115011 0.0095417050
638.57180 16.4073643619277 0.9024788739 0.0726504179
884.77017 20.2962955262457 0.9024788739 -0.0359884764
762.58785 18.9646196899545 0.9024788739 1.4946075095
804.51740 9.11919690134941 0.9024788739 -3.0198291293
728.52358 11.4838282938149 0.9014551251 0.0242001005
908.62226 11.6883948918954 0.9107422194 -0.1279874511
764.52358 10.4697163186512 0.9091492190 0.0477116314
970.78582 19.9160094318401 0.9107422194 0.0000000000
703.58471 19.034943597028 0.9066092830 0.0000000000
594.34126 2.51071489736444 0.9091492190 2.5580767133
862.62502 9.24482835869706 0.9066092830 0.0000000000
726.66062 19.5659650583043 0.9066092830 0.0883567050
652.66022 18.9565300323588 0.9107422194 0.0013835341
828.61130 11.736746831848 0.9107422194 0.0000000000
718.53813 12.6119143033882 0.9066092830 0.0000000000
844.64370 15.9871121200936 0.9091492190 0.0210758327
864.76508 19.4686000531756 0.9148775723 -0.0722858243
864.70757 19.3124897141101 0.9148775723 0.0000000000
818.59166 11.746784880334 0.9168518442 0.0146384865
810.68175 16.6437867142649 0.9231550828 -0.0375684851
750.66062 19.4397721180416 0.9231550828 -0.1877717468
750.54432 13.8459072743801 0.9207061318 -0.1183117967
896.77017 20.1628227835612 0.9231550828 -0.0449255909
666.60310 17.4600631742548 0.9231550828 0.0277779990
507.44188 10.2344286229577 0.9207061318 -31.1808420230
798.68175 16.9964989272478 0.9272970178 -0.0172563658
844.73887 20.1003227634172 0.9272970178 -0.0301686403
616.36200 3.22359374491745 0.9361410160 0.0000000000
912.76508 19.8415631670713 0.9355866891 0.0214984004
904.59096 9.52193022737572 0.9355866891 -0.0821796441
776.52358 10.597279058561 0.9400037192 0.1484214104
279.15909 2.08814028821953 0.9397342018 0.0467480437
768.55488 13.6632194275774 0.9400037192 0.1360861392
836.77017 20.0263596233108 0.9397342018 0.2985939007
904.83277 21.1064113922071 0.9397342018 -0.0580968596
505.42623 8.56639182555465 0.9438678343 -3.2428832070
391.22550 1.95022124283357 0.9477332709 -0.2055122260
882.62296 13.2721389221678 0.9477332709 -0.0522238504
752.55887 14.0124081160384 0.9521861025 -0.1034294746
906.84842 21.2989558922693 0.9521861025 -0.1483590364
752.67627 19.7364073030962 0.9521861025 0.3414156201
878.78073 19.5099114299722 0.9521861025 -0.0161541848
898.65426 14.8815554206521 0.9515999380 0.1366973187
760.64497 19.1452866048731 0.9563394826 -0.3019394503
1023.92901 21.8985576701038 0.9563394826 0.0000000000
772.51341 5.96456573024283 0.9593366009 -0.3113223849
886.78582 20.5689864060295 0.9604940485 0.0025879466
888.80147 20.0545330641803 0.9688062870 0.0000000000
587.40822 3.02760195502158 0.9709485521 -0.0364166921
587.40822 3.02760195502158 0.9709485521 -0.0364166921
587.40822 3.02760195502158 0.9709485521 -0.0364166921
1016.77017 19.4037236732008 0.9729637340 0.0000000000
764.52358 11.249843012875 0.9786934283 -0.0041662774
568.36200 3.84595053331385 0.9825666654 -0.0127345349
500.27717 1.80526225662231 0.9854400318 0.0000000000
826.54401 7.42890087014012 0.9854400318 0.0000000000
900.80147 20.701114540079 0.9854400318 -0.0355603910
970.78582 20.0961155933915 0.9895997400 0.0000000000
802.55926 10.6574420779 0.9895997400 0.0000000000
862.78582 20.131039248869 0.9895997400 -0.0641940653
854.59166 10.549563876613 0.9903142813 0.0213903624
833.51856 7.87926381918979 0.9941884774 0.1058921160
904.59096 9.65470530168122 0.9937597309 -0.0382959348
770.65045 15.744097481983 0.9937597309 -0.0820545114
880.59096 9.77374469016367 0.9937597309 0.0618744117
854.59166 10.8790042287516 0.9980628106 -0.0461655102
780.55378 8.62808563887929 0.9979198914 -0.1772964009
606.50920 11.3664559785921 1.0000000000 -27.8173371652
646.61327 16.6655881288927 1.0000000000 -0.0619471681
