"m.z" "r.t" "p.value" "t.score"
1054.97362 21.6374852635058 0.0000000001 -33.9304294835
561.48883 13.1581818237378 0.0000000001 -33.2733223976
736.49228 7.94913734105586 0.0000000001 -33.1766432632
538.48299 6.64984389580239 0.0000000001 -32.0646802803
806.68683 17.5470926919131 0.0000000001 -33.9429872467
974.87463 20.3029731425367 0.0000000006 -34.3782142123
1000.92667 21.7006674697822 0.0000000677 0.0000000000
808.66610 15.2926862036791 0.0000000677 0.0000000000
832.70248 17.6077147587415 0.0000000697 0.0000000000
936.76508 18.5186099282481 0.0000000697 0.0000000000
832.70248 17.9104454003649 0.0000000697 0.0000000000
826.71305 17.9751998039885 0.0000000697 0.0000000000
1000.92667 21.0634287715864 0.0000000451 0.0000000000
890.72322 19.3382342296112 0.0000000639 0.0000000000
890.72322 19.4435201936027 0.0000000603 0.0000000000
832.70248 18.9964478641512 0.0000000697 0.0000000000
818.56703 10.0990382757739 0.0000000537 0.0000000000
1024.67785 8.65224253047407 0.0000000586 0.0000000000
838.69192 19.1221229252974 0.0000000717 0.0000000000
838.69192 18.8158373469008 0.0000000677 0.0000000000
832.70248 19.1785617031494 0.0000000697 0.0000000000
832.70248 19.3221789584865 0.0000000717 0.0000000000
645.54525 17.326768853654 0.0000000697 0.0000000000
798.52796 10.0199104253459 0.0000000677 0.0000000000
828.55966 9.00662114892922 0.0000000677 0.0000000000
818.56943 10.6752780889912 0.0000000492 0.0000000000
800.52008 7.00529186720658 0.0000000639 0.0000000000
938.78073 19.4082545818847 0.0000000738 0.0000000000
892.60381 14.3065056849868 0.0000000677 0.0000000000
692.61875 17.6306018998363 0.0000000697 0.0000000000
890.72322 19.6916151495635 0.0000000569 0.0000000000
884.73378 17.9493702637135 0.0000000677 0.0000000000
888.64528 15.1423347059567 0.0000000697 0.0000000000
838.55926 5.42834274301472 0.0000000603 0.0000000000
838.55926 5.56502084678931 0.0000000569 0.0000000000
838.55926 5.74322668110538 0.0000000677 0.0000000000
838.55926 5.90826679290631 0.0000000639 0.0000000000
838.55926 6.29566271833174 0.0000000677 0.0000000000
838.55926 6.97461568849113 0.0000000677 0.0000000000
788.52248 8.630284343459 0.0000000658 0.0000000000
808.70248 19.7207297847253 0.0000000658 0.0000000000
842.56943 9.99018256168592 0.0000000697 0.0000000000
838.55926 11.5171097840673 0.0000000697 0.0000000000
838.55926 11.9920506155625 0.0000000697 0.0000000000
955.77251 20.9201143944706 0.0000000697 0.0000000000
744.66531 20.9369401257098 0.0000000658 0.0000000000
521.42005 4.56245991383664 0.0000000738 0.0000000000
682.64966 21.2500256419296 0.0000000658 0.0000000000
682.64966 21.2037438795692 0.0000000658 0.0000000000
1008.89537 21.3493391355033 0.0000000677 0.0000000000
593.51395 14.7986388488556 0.0000000677 0.0000000000
694.63440 18.3553007082915 0.0000000697 0.0000000000
884.73378 18.2921117320691 0.0000000658 0.0000000000
763.63876 17.9344687427686 0.0000000522 0.0000000000
598.54050 15.5084030975704 0.0000000677 0.0000000000
694.63440 18.598961260615 0.0000000697 0.0000000000
808.66610 15.0654361565242 0.0000000717 0.0000000000
884.73378 18.1777721222614 0.0000000677 0.0000000000
664.60271 20.6638709867292 0.0000000317 0.0000000000
866.66333 16.1311032822682 0.0000000697 0.0000000000
736.49118 7.95376324806415 0.0000000658 0.0000000000
780.67118 18.9099025139418 0.0000000717 0.0000000000
620.59762 16.4863827907993 0.0000000738 0.0000000000
678.47045 4.03781475879018 0.0000000507 -31.7899808807
878.61994 8.43416308088934 0.0000000677 0.0000000000
582.50920 12.7753852773845 0.0000000677 0.0000000000
634.61327 17.6319395883584 0.0000000697 0.0000000000
694.59802 17.7874457901788 0.0000000104 -4.0285756042
754.53813 9.88018527485945 0.0000000569 0.0000000000
927.61096 14.2420765502054 0.0000000697 0.0000000000
750.50443 6.90835286677073 0.0000000697 0.0000000000
872.57759 11.4901192517225 0.0000000697 0.0000000000
932.73378 18.7780916692925 0.0000000717 0.0000000000
880.76000 18.8551280257099 0.0000000378 0.0000000000
831.63745 12.3309298603856 0.0000000658 0.0000000000
918.81203 19.3009013520459 0.0000000677 0.0000000000
831.63745 12.5092239702787 0.0000000658 0.0000000000
803.66367 7.49280608940534 0.0000000697 0.0000000000
872.58000 10.9374339665835 0.0000000697 0.0000000000
956.73251 18.2063702884559 0.0000000079 0.0000000000
634.61327 17.046546987421 0.0000000717 0.0000000000
946.71892 15.6794470700887 0.0000000677 0.0000000000
902.74435 17.2563816857018 0.0000000621 0.0000000000
768.55138 8.9843632360349 0.0000000658 0.0000000000
582.50920 12.5131635258936 0.0000000677 0.0000000000
902.74435 17.6365384225453 0.0000000621 0.0000000000
634.61327 17.2609706958659 0.0000000738 0.0000000000
1040.95797 21.0951352585558 0.0000000639 0.0000000000
760.64497 17.9993307313395 0.0000000717 0.0000000000
774.60073 16.2362152812099 0.0000000677 0.0000000000
908.73378 17.5335121646671 0.0000000658 0.0000000000
906.75452 20.0215279646577 0.0000000658 0.0000000000
780.67118 19.0957418247026 0.0000000697 0.0000000000
942.81203 19.2286735879301 0.0000000639 0.0000000000
512.46734 6.90917724543291 0.0000000697 0.0000000000
620.59762 16.7396977575606 0.0000000677 0.0000000000
864.64768 14.4603596661296 0.0000000621 0.0000000000
942.81203 19.4462315033979 0.0000000717 0.0000000000
910.74943 17.7345957013036 0.0000000677 0.0000000000
1106.75610 13.4691689992642 0.0000000697 0.0000000000
824.61638 11.9954974542944 0.0000000569 0.0000000000
919.73613 19.1677797138039 0.0000000639 0.0000000000
1097.02057 21.8577031791158 0.0000000639 -3.0495144645
942.81203 20.1232368911019 0.0000000697 0.0000000000
798.52556 9.96851421522603 0.0000000677 0.0000000000
878.56943 7.3036778221345 0.0000000738 0.0000000000
942.81203 20.5328877850625 0.0000000658 0.0000000000
1040.95797 21.5668988741834 0.0000000697 0.0000000000
916.73887 19.687053728927 0.0000000522 0.0000000000
730.54050 11.6714273823859 0.0000000658 0.0000000000
906.71813 16.7899063087552 0.0000000658 0.0000000000
916.73887 19.4646229304789 0.0000000425 0.0000000000
838.69192 19.2785591862241 0.0000000760 0.0000000000
808.70248 19.53252474725 0.0000000760 0.0000000000
1008.89537 21.1674514292546 0.0000000782 0.0000000000
834.71813 19.7024842141707 0.0000000782 0.0000000000
936.76508 19.1179883382877 0.0000000805 0.0000000000
834.71813 19.5884635380838 0.0000000805 0.0000000000
819.61093 10.7711743305582 0.0000000828 0.0000000000
926.81712 19.9961071843996 0.0000000928 0.0000000000
886.78582 19.9591459073843 0.0000000955 0.0000000000
868.73887 19.5012183316609 0.0000000955 0.0000000000
754.69192 18.9316579655695 0.0000000983 -31.3155455091
754.69192 18.7537397440771 0.0000001041 -31.3191326176
790.69192 18.9613743988494 0.0000001102 0.0000000000
938.81712 19.8425766580366 0.0000001461 0.0000000000
886.78582 19.6966578494945 0.0000001682 0.0000000000
664.41951 3.30834380407739 0.0000001712 -3.1562011771
778.53573 9.27395638253587 0.0000001989 0.0000000000
778.53573 8.83688841170851 0.0000002624 0.0000000000
778.53573 9.10865057062369 0.0000003647 0.0000000000
840.57491 5.17233813631043 0.0000003958 33.8413637962
935.73345 18.2582126927483 0.0000003958 -2.2182549643
800.66101 16.0513020085876 0.0000004412 -34.6101022292
920.77017 19.6194986597358 0.0000007349 0.0000000000
1068.98927 21.7209722491142 0.0000008173 -1.9507294139
866.81712 20.6864549321464 0.0000013460 -6.1685780889
641.51395 15.1740289860443 0.0000014179 0.0000000000
746.56943 14.616686840722 0.0000026243 0.0000000000
966.84842 20.353538437359 0.0000039235 0.0000000000
857.51856 6.78720399650259 0.0000059451 0.0000000000
1075.03622 22.2272700293582 0.0000078061 -1.9157199315
1071.00492 21.8021031932053 0.0000081929 -1.8948100488
754.65553 17.7675590795001 0.0000106699 0.0000000000
840.57491 6.07030481037946 0.0000109276 -2.4930004461
840.57491 6.56318676086745 0.0000114608 -2.5051617677
840.57491 6.39393155746639 0.0000126027 -2.4959482661
670.59802 18.7985306813644 0.0000135295 -3.1460259414
876.57601 8.19824993908171 0.0000136906 -1.9555578035
580.56632 15.6431414919584 0.0000138527 -1.9972068624
848.54471 7.29505914299636 0.0000145792 31.3666616209
946.84333 20.3755432478324 0.0000152203 -33.8805302100
844.58508 10.7854915782518 0.0000159515 -29.7868950076
1006.87972 20.4391355232986 0.0000206105 -23.5979924509
898.58149 5.60587406267922 0.0000211799 -1.2826053804
860.61398 13.3799551707263 0.0000253592 -30.8380617564
840.57491 6.98302179574783 0.0000277886 -2.5540480047
658.54050 12.8856863424462 0.0000284297 -30.5836140884
840.57491 7.24425473313992 0.0000311373 -2.5676714760
770.56943 13.7982120308637 0.0000311373 -30.7377964433
1010.91102 20.8292256386248 0.0000311373 -27.6822378251
686.57180 14.8685647194608 0.0000318516 -29.4356455924
940.83277 21.0017683424938 0.0000325813 -30.0110113829
942.75452 19.8410686516691 0.0000581918 -30.1315658469
860.54361 8.38474410173571 0.0000708445 -30.1460138607
860.54361 9.05982176456638 0.0000693197 -30.1523456138
848.54361 10.047191338987 0.0000509799 -30.2342897793
748.54870 7.53976224564786 0.0000594840 -30.2757644921
734.62932 18.7524257712838 0.0000724009 -29.3572144452
800.54361 11.5977043071417 0.0000678260 -29.9506698347
860.54361 7.08624726430884 0.0000635255 -30.0075937660
953.75686 20.3308731897674 0.0000635255 -29.9544754274
788.52248 10.6156606168787 0.0000608033 -29.8209920631
932.77017 19.8525281248487 0.0000509799 -29.5879906743
793.55889 8.66615893672386 0.0000608033 -29.6795533585
539.43062 4.05616896686207 0.0000532841 -29.6608562732
878.58816 12.7629630372409 0.0000635255 -30.0141113011
754.53813 8.19847468907275 0.0000608033 -29.9326211460
776.52008 7.4031156410416 0.0000556868 -30.9575926826
626.34284 3.15904989717205 0.0000594840 -30.3412957945
822.56435 6.98915339023115 0.0000635255 -29.5704214760
951.74121 20.2440568300512 0.0000556868 -30.5051156826
770.56943 12.3151054857801 0.0000724009 -30.0727125972
860.61638 10.814572123533 0.0000509799 -29.7347440873
860.61638 10.4766470056212 0.0000532841 -30.1492398186
822.56435 7.46586625635427 0.0000693197 -30.0491467748
822.56435 8.43735291513157 0.0000498636 -29.8764056615
848.61638 11.5896624503375 0.0000635255 -29.8469090060
904.76000 17.7429242930023 0.0000608033 -34.9175191985
624.32719 2.37772744078826 0.0000594840 -30.3548154740
816.55138 9.00539700019513 0.0000663627 -30.0777950638
792.48101 7.38003461304003 0.0000635255 -30.2276935908
842.62695 9.03822113025416 0.0000556868 -30.4759588531
862.63203 12.2833803435442 0.0000498636 -29.6307595278
752.52248 8.40281504295583 0.0000693197 -30.7609548759
624.55615 15.2359536765845 0.0000621503 -29.9435822642
610.50412 4.10610576732975 0.0000663627 -30.1686783194
610.50412 4.24553244043687 0.0000693197 -30.2167671377
526.29282 2.29104696651524 0.0000635255 -29.2386994569
624.55615 15.5823917350051 0.0000466519 -30.1651318894
884.54361 8.41095632218902 0.0000649294 -30.1414565640
840.57251 6.5611544030305 0.0000621503 -1.2146075656
953.75686 20.4907993543649 0.0000581918 -30.0511976024
1010.91102 21.3809305163438 0.0000544729 -29.5487638478
964.83277 20.746725863282 0.0000608033 -29.9189949935
842.66333 16.0335957915798 0.0000608033 -29.7547334151
1004.86407 21.0179301694015 0.0000477000 -29.8084997259
826.63203 10.8441037589627 0.0000556868 -30.1767767255
804.61130 11.6613723077388 0.0000635255 -30.0014990755
818.49666 7.64414006691952 0.0000581918 -30.2238201338
884.54121 8.56678313424988 0.0000708445 -30.1686127263
824.54361 10.7181607840464 0.0000621503 -30.1328415410
776.58000 9.99120757874444 0.0000581918 -29.9158296004
860.54121 8.65870550996592 0.0000581918 -30.2376559953
860.54121 8.47092903531008 0.0000466519 -29.6418317068
822.56194 7.2826229910224 0.0000594840 -30.0604482430
524.50372 11.3822844500956 0.0000649294 -30.0443742710
910.55686 9.90662773587235 0.0000436370 -29.5862441306
852.55138 7.82364064179835 0.0000693197 -29.6344356520
916.60381 13.1587670191815 0.0000456256 -29.5800658884
858.71813 19.1482565223238 0.0000466519 -30.0644880394
858.71813 19.3689287705758 0.0000581918 -29.9083039256
814.50175 8.28706860620359 0.0000663627 -30.0084196114
820.51231 9.20583662612468 0.0000663627 -30.3423644272
916.60381 13.4903661896687 0.0000581918 -30.0021546273
820.51231 8.44617022668243 0.0000594840 -29.7185806710
862.63203 11.9512535006425 0.0000477000 -29.8836413772
838.55926 5.06340574600331 0.0000635255 -30.1015337366
862.63203 13.9793865361005 0.0000724009 -29.3173120662
910.55926 9.20945876592457 0.0000466519 -30.2672622564
822.52796 7.86313854524781 0.0000663627 -28.9083124239
820.54870 9.30071755361875 0.0000724009 -30.0986221338
820.54870 7.51647340501577 0.0000569262 -30.0210129288
900.61130 13.3894818630432 0.0000621503 -29.9761246477
790.59565 10.1741571526494 0.0000663627 -29.9404491386
678.56672 16.431549127195 0.0000724009 -2.5425267150
826.53573 7.43053805823641 0.0000708445 -29.8615543750
826.53573 8.05664216501058 0.0000693197 -29.8412867609
776.52248 7.68767677248695 0.0000594840 -30.9769505309
776.52248 7.23964423955735 0.0000649294 -30.1690090610
800.52248 7.25042467467313 0.0000708445 -29.5860490736
834.71813 18.4485323971623 0.0000693197 -29.9535118345
798.59833 12.2436626760011 0.0000663627 -30.3093669296
860.61398 14.0406008432365 0.0000569262 -29.8696083940
568.56632 15.451306688055 0.0000724009 -30.0859576911
914.58816 10.9428386356678 0.0000532841 -30.0785522137
642.61836 21.2138729018903 0.0000635255 -30.3407651941
652.58745 16.9354448595998 0.0000456256 -30.0420723666
885.54635 7.7713487642378 0.0000724009 -30.0236437122
812.52008 12.5446320617231 0.0000663627 -29.7742609425
692.52248 12.0416949597893 0.0000608033 -29.9397003314
658.54050 14.1221329561315 0.0000693197 -29.5573179193
660.55615 14.1730374212904 0.0000532841 -30.0230299152
660.55615 14.7983884212096 0.0000581918 -30.6566265276
660.55615 15.3663824574461 0.0000521200 -29.8631274047
672.54090 8.20773676598412 0.0000635255 -30.0145381990
626.57180 16.9606438751328 0.0000477000 -29.9782587476
770.56703 13.797233012235 0.0000621503 -30.8234801488
891.70483 18.8863638533251 0.0000556868 -29.8564679847
618.58197 16.8515136611189 0.0000608033 -30.0302433266
662.57180 15.4290186726661 0.0000521200 -29.8585446553
552.53502 13.5982849335961 0.0000635255 -29.9846053158
802.53573 8.15660751544341 0.0000663627 -30.1932550507
796.54870 7.97134259044364 0.0000556868 -30.1320599036
796.54870 6.73042125074951 0.0000544729 -30.1142684205
718.64966 20.9885479032109 0.0000498636 -30.2073704882
622.54050 14.2298657740344 0.0000532841 -29.9340616589
771.63745 16.0121158351908 0.0000621503 -29.8957928998
746.68096 21.2352965492086 0.0000621503 -30.0132646352
752.52008 7.93427582991434 0.0000509799 -30.3917731634
564.53502 13.016760221587 0.0000608033 -30.0012241094
666.63949 17.0532694771335 0.0000678260 -30.0781028224
674.64457 17.6769971067008 0.0000621503 -29.9850756633
644.59762 15.2198626568904 0.0000621503 -29.9702869825
628.35849 3.85206451276393 0.0000663627 -30.3644815430
600.32719 2.9382701936241302 0.0000708445 -30.8054682353
906.60661 10.9954806200241 0.0000678260 -29.8463118084
690.60310 16.9847488289727 0.0000621503 -29.9009165266
752.52008 8.38462031932374 0.0000477000 -30.4689353664
1149.88206 11.9145627667086 0.0000569262 -29.9298125364
662.57180 15.5908266441928 0.0000569262 -29.9678499177
700.57220 10.2433176901315 0.0000649294 -29.8321033146
796.54629 7.98897680006058 0.0000521200 -30.1311837994
873.69426 19.9600399364991 0.0000390189 -30.4210799134
756.55138 11.9555150360957 0.0000340888 -30.8994307739
918.68762 13.7460953575189 0.0000621503 -29.9789109672
828.55138 8.70478008207161 0.0000390189 -29.9112423887
854.72322 19.9405815392757 0.0000635255 -29.2821049311
974.75022 16.9362575111927 0.0000498636 -30.0982896247
972.73457 15.5643539966878 0.0000417307 -29.5830633174
688.60271 20.4871782455611 0.0000621503 -30.8831885154
970.71892 14.152363837516 0.0000509799 -29.7935673437
670.64966 21.4265644864745 0.0000635255 -30.3946244201
740.52248 9.29037375530442 0.0000532841 -30.0567927377
762.50443 8.7639163553579 0.0000621503 -29.9030485080
762.50443 8.17792824107983 0.0000649294 -29.9402742633
688.58745 16.0393490043176 0.0000521200 -29.9841204498
589.48025 14.6938891025669 0.0000678260 -30.0084149303
662.57180 16.0205121754695 0.0000521200 -29.8998513256
770.56943 13.7949172257704 0.0000569262 -30.8025018779
744.59254 17.5258161752218 0.0000621503 -29.9454715444
742.53573 12.0805817474551 0.0000693197 -29.9794805174
762.50683 8.7867781831381 0.0000621503 -29.9040334898
762.50683 8.17303562964144 0.0000608033 -29.9363238395
716.56711 9.64189199345199 0.0000649294 -30.2383260664
728.60350 12.3703602829537 0.0000594840 -29.9911076479
750.50683 8.87963413499846 0.0000693197 -30.0417939856
812.65514 18.911232777149 0.0000532841 -30.1887431341
664.58745 16.9059194033 0.0000477000 -30.1821205444
686.57180 15.9654149812827 0.0000556868 -29.8023707205
686.57180 15.4507181641884 0.0000436370 -29.6984789154
684.55615 13.7310499656203 0.0000621503 -29.9359970271
742.53813 11.3931641140085 0.0000693197 -30.5624792801
770.56943 14.0563745517994 0.0000708445 -30.5373321109
742.53813 11.5687569218062 0.0000608033 -30.4274555575
742.53813 12.0213414389539 0.0000693197 -29.9893448604
830.56703 9.26299199256904 0.0000635255 -30.0434782167
650.57180 15.9704632345045 0.0000487704 -29.9622581507
690.60310 16.8133125031881 0.0000581918 -29.9626824422
758.62932 18.4987935386269 0.0000348672 -29.9418042157
930.75452 19.5970339347887 0.0000708445 -29.8362027043
780.52901 7.25572502669142 0.0000663627 -30.1876986112
1136.80305 16.5401036363083 0.0000608033 -29.8972620402
996.64655 6.94142941247537 0.0000594840 -29.9640668381
753.59050 8.67537806258626 0.0000581918 -30.0267652938
1099.03622 22.0229615972476 0.0000521200 -2.3136647950
1026.94232 21.4520957667081 0.0000663627 -29.8974757632
745.62180 16.1458603866542 0.0000556868 -30.1084312506
1108.77175 15.1342740346312 0.0000608033 -30.0052195531
727.56599 18.2335352367007 0.0000724009 -30.9012033922
1022.66220 7.16196778049472 0.0000569262 -30.0068100050
821.62658 12.2074870089472 0.0000608033 -28.9797120357
902.78073 19.570113456069 0.0000635255 -29.9630904193
1036.92667 21.2203718984661 0.0000581918 -29.7568970471
1132.77175 13.3299254915796 0.0000635255 -29.9632649446
557.45644 4.03606346915314 0.0000498636 -29.8342132500
666.53033 6.64359598509578 0.0000608033 -30.0217281265
881.68650 17.4836337700889 0.0000635255 -30.0156266989
881.68650 17.350154695584 0.0000608033 -30.1030142498
1134.78740 15.346940214106 0.0000594840 -29.9771583481
1134.78740 15.0179941635531 0.0000509799 -29.9697239612
907.77251 26.3700618026339 0.0000532841 -29.8791239355
956.77017 19.9634717117313 0.0000678260 -29.8306865186
791.61366 12.3881898744884 0.0000649294 -30.2248328961
783.63745 12.5822459095545 0.0000663627 -30.0760108461
1034.91102 21.6242738234341 0.0000649294 -29.5152158623
755.60615 9.77593965244202 0.0000635255 -30.3843531624
575.46700 5.38680386869267 0.0000724009 -29.9980976992
592.49355 4.9402285411521 0.0000724009 -29.6435121406
758.62932 18.0689527429452 0.0000340888 -29.8827150649
805.62180 10.0358196364818 0.0000724009 -29.7592056085
956.79130 19.4535207201066 0.0000532841 -30.2357206639
860.61398 12.8436534231233 0.0000521200 -29.7587167420
783.45714 2.98186299648712 0.0000581918 -30.1674772491
1034.91102 21.1509599448459 0.0000708445 -28.4627671110
834.52796 7.92853126333138 0.0000739897 -30.2364144740
770.56943 13.1877330009195 0.0000739897 -29.7703388690
700.48878 7.51491353390292 0.0000739897 -29.9594670235
665.51395 14.8451470102648 0.0000739897 -30.7267367460
840.57251 6.99006307663248 0.0000739897 -1.2301125927
836.67627 18.6357788846501 0.0000756115 -29.6883960302
704.63401 20.8362749700071 0.0000756115 0.9664867780
678.56672 16.2927558222061 0.0000756115 -2.5341530351
860.54121 8.2015241960463 0.0000756115 -30.1000923540
819.64731 19.4473886504971 0.0000756115 -29.6321680091
608.59762 17.1278515911952 0.0000756115 -30.4272049908
1006.87972 20.9550512295005 0.0000756115 -29.2251123446
640.60271 20.8730521925162 0.0000772668 -30.6150798375
848.54361 10.4299192267077 0.0000772668 -29.6249780626
971.70991 19.4800049739226 0.0000772668 -29.7866801920
614.53542 5.02286815760841 0.0000772668 -29.5969974658
848.61638 12.4766974271809 0.0000772668 -29.2140517918
889.57765 10.2944029330796 0.0000772668 -29.9744838008
834.71813 18.4029145964906 0.0000772668 -29.8849685419
1006.87972 21.0670194722587 0.0000789563 -29.3002755823
664.58745 16.5915303155701 0.0000789563 -30.0088685534
805.62180 11.9884327858594 0.0000806807 -30.1500424841
754.53813 7.21731266224712 0.0000806807 -30.5617605430
743.60615 10.5243643238476 0.0000806807 -30.7068282442
936.80147 20.3239508673701 0.0000806807 -29.9101023356
748.64497 18.8205068382173 0.0000824406 -29.8088697954
742.53813 7.9032488405802 0.0000824406 -30.0490673064
752.52008 8.13585410742861 0.0000842368 -31.0067734006
682.54050 12.2558316489976 0.0000879408 -29.6509359170
684.55615 14.0212976895966 0.0000879408 -29.8348488612
864.80147 20.3671931500569 0.0000879408 0.0000000000
790.53813 10.1376915294494 0.0000879408 -29.6311785930
900.55966 7.26078663209715 0.0000898499 -30.0097839239
779.60615 8.88831180841904 0.0000898499 -30.0103466429
819.63745 13.1161312191406 0.0000917982 -30.1723559040
778.53813 6.85727614892335 0.0000917982 -30.0778350763
912.80147 20.4616649087917 0.0000937863 -28.2248427545
970.78345 19.5917473672994 0.0000937863 -30.1187654927
934.80695 18.7914005540053 0.0000937863 -30.6754994544
639.49830 13.3423273390183 0.0000937863 -29.8143182942
1000.83277 20.5569187697393 0.0000958151 -29.2469910846
734.62932 18.5910462984725 0.0000958151 -25.3147580858
826.53573 7.74611818368022 0.0000958151 -29.5770540155
1010.91102 21.2903281116972 0.0000958151 -28.6667178798
835.53311 7.87810370052952 0.0000958151 -30.3155817403
996.80147 20.2808981984853 0.0000978852 -28.8217000741
668.54598 7.98467547530437 0.0000978852 -2.5927037677
790.53813 9.86387168759099 0.0000978852 -29.5846184502
854.72322 19.7196279872418 0.0000999975 -29.5594641384
1002.84842 20.7777363196825 0.0000999975 -29.5794018337
819.64731 19.2645504718872 0.0000999975 -28.5099050685
825.68440 14.7942929438249 0.0001021527 -30.6010935681
767.60615 12.7337436123045 0.0001043518 -30.4884526642
998.81712 20.5375483102129 0.0001043518 -30.2592131967
932.77017 20.0116510240289 0.0001043518 -29.5840231039
645.56051 18.3142285392967 0.0001065955 -30.7695072632
1004.86407 20.8282943621821 0.0001065955 -29.6046307081
1004.86407 20.7677610825149 0.0001065955 -29.6046307081
755.60615 12.6154342502388 0.0001088847 -30.3349750776
996.80147 20.212933606418 0.0001088847 -29.2163770740
918.75452 19.1835581393877 0.0001112201 -29.6323433868
754.53573 10.1538623908481 0.0001136028 0.0000000000
734.62932 18.3386039538541 0.0001160336 -24.4530663923
742.64966 20.6011187736777 0.0001160336 -30.0788409860
742.64966 20.5986169077755 0.0001185133 -30.1149175458
928.59096 9.0351711901142 0.0001210430 -29.6636788868
946.78582 19.8770708820694 0.0001210430 -29.9918179276
716.63401 20.8641595968282 0.0001236235 -31.1972006519
766.53813 7.65739773700549 0.0001289409 -29.8752898696
828.55138 8.50758787087697 0.0001316798 -30.4898651594
996.80147 20.0499702842408 0.0001373227 -29.2526992909
687.55341 17.9907817872888 0.0001402289 -29.6247632873
687.55341 17.9772641607232 0.0001402289 -29.6247632873
615.49830 14.7970414634254 0.0001431929 -30.2399914042
932.79130 17.8258773830643 0.0001431929 -32.6633401969
734.62932 18.0313215530983 0.0001462158 -28.9958780921
909.54876 9.52944471960353 0.0001524429 -29.4251495427
692.63401 20.9725110038892 0.0001556492 -32.0049980621
964.83277 20.4689942462704 0.0001622532 -29.9832004678
642.56672 17.3170901896051 0.0001622532 0.0000000000
873.69426 20.1698019502014 0.0001622532 -29.9233462353
994.78582 19.9427527160353 0.0001691203 -28.1741165405
934.78582 20.2942234800067 0.0001726554 -28.7423469500
670.63440 18.5185223829866 0.0001799352 0.0000000000
964.83277 19.941587796613 0.0001994174 -30.3029252573
766.69192 19.5151673166915 0.0001994174 -32.4090938334
838.78582 20.3699000055068 0.0001994174 -1.9252681043
800.61638 13.1279830128862 0.0002035445 -30.2069033208
998.81712 20.324465212769 0.0002035445 -29.8830899017
980.86407 20.9952050110786 0.0002077517 -30.1486423287
936.80147 20.5558443683721 0.0002164123 -29.3286384192
806.56242 5.8302685831104 0.0002300410 0.0000000000
940.83277 20.7497846482681 0.0002300410 -30.6032533715
718.64966 20.7345479674261 0.0002347601 -30.4166558193
642.56672 17.5627122923697 0.0002494683 0.0000000000
898.58149 7.76283948997714 0.0003091946 -3.3043585646
615.49830 15.0490793396637 0.0003111245 -28.4608812775
890.81712 20.2140279003404 0.0003173862 -29.9985307751
907.70215 17.5619717156372 0.0003302651 32.1250324391
980.86407 20.3334856839622 0.0003368864 -31.3929216655
860.77017 19.5521233850854 0.0003368864 -29.4909019846
642.56672 17.8943152494222 0.0003436318 0.0000000000
666.56672 16.7917730699918 0.0003436318 -30.3715934315
460.36327 5.97311485141087 0.0003718970 -0.1917609145
396.31084 0.98204159640549 0.0003792953 -31.1487922335
944.77017 20.1130707501232 0.0004023242 -31.3380023939
872.77017 17.4569158865644 0.0004183954 30.7444011803
882.75452 19.2639297982881 0.0004350646 0.0000000000
852.76508 19.5195850782149 0.0004350646 -32.3438338401
974.81712 20.261442945698 0.0004523521 -31.3118367714
994.78582 19.7892142749866 0.0005180374 -30.6081322213
912.80147 19.786720202544 0.0005702854 -29.5935108753
840.70757 19.2947741222214 0.0006155735 -27.5774092093
669.56051 17.9790592463352 0.0006641899 33.5417430283
358.29628 3.67315702398483 0.0006731724 -0.4338568252
912.80147 20.596400283124 0.0007163567 -30.8865812790
948.85898 20.3127156013115 0.0007438446 -32.9761209297
770.65045 17.6273221834902 0.0007438446 -32.2361096519
881.51746 7.67061403001131 0.0008169077 32.0036402118
540.33070 1.84850309373919 0.0008646811 30.2270458644
840.70757 19.5456883292014 0.0009133582 -28.4459550267
498.26262 1.78215904919559 0.0009545596 0.0000000000
933.71780 17.6915891918748 0.0009654454 33.0674426579
933.71780 17.4551530890066 0.0009654454 33.0675567097
624.29431 3.21329177627375 0.0009703550 0.0000000000
942.75452 19.6028425657993 0.0010016842 0.0000000000
968.77017 19.9537432075493 0.0010202720 -27.5091242233
782.68683 18.1693132593408 0.0010202720 -29.1395772468
968.77017 19.7574627327258 0.0010584092 0.0000000000
892.73887 19.5021780171159 0.0011386701 0.0000000000
907.70215 17.2735716599763 0.0012469037 32.5252655165
972.85898 20.1777156725036 0.0013163251 -1.5319767641
552.29431 3.93674128282783 0.0013204302 -2.4277636349
1035.00492 22.09824741533 0.0014144394 0.0000000000
954.77565 18.8474141098594 0.0015192573 31.7837671132
976.83277 20.5932494912448 0.0016025160 -30.4827775869
860.63861 14.9034921259111 0.0016493138 -0.7603126450
840.70757 19.4793375238574 0.0017200650 0.0000000000
842.59056 6.44734556710153 0.0017817669 0.4122935121
872.56584 4.96633835499076 0.0019286910 33.4429762513
749.62311 18.2614813650962 0.0019450283 1.9252242173
742.53813 10.9538884115265 0.0019450283 -30.4613848398
898.58149 6.01125290382151 0.0019588958 -1.4581301674
1052.70915 10.6948651490635 0.0020140950 0.5115838083
866.59056 8.48356825144931 0.0020140950 32.4616588749
742.53813 10.460452919561 0.0020494658 -30.7791788757
806.72322 19.2355055086854 0.0021219229 -0.9009211654
743.60615 14.7694142748399 0.0022350213 -1.7403362700
666.60420 16.9236782031008 0.0022509375 -1.0111343950
742.53813 11.1492621359779 0.0024779536 -30.5106078021
840.70757 19.3775205163669 0.0025207156 -27.7667416773
696.57728 15.8457917899866 0.0025207156 30.5807387863
900.59714 6.12023959738057 0.0026218446 34.3532274301
890.57531 8.56170672772429 0.0026530834 31.8299690249
960.82260 18.8231641035878 0.0026985986 31.9238347038
872.56584 5.14933363678303 0.0028275326 32.0313791001
690.50683 10.2541770466429 0.0028394585 -1.6434139956
934.80695 19.1902897071621 0.0029370608 -30.7677272108
976.83277 20.7679484889391 0.0030892141 -30.0554532721
774.52906 7.87181094106 0.0033328569 -1.5330542253
928.76000 18.1150713059698 0.0036497486 30.3214106787
691.66098 19.8595490829256 0.0040353145 -34.1018512119
974.81712 20.384280103872 0.0040955445 -31.5704048166
594.37655 2.99198249115227 0.0041631147 32.3665410462
796.54980 8.69745924566983 0.0042770539 6.0906843781
813.69426 20.5201278422302 0.0045163803 -1.4456739242
907.53311 7.80151880012668 0.0046651332 0.0000000000
876.55138 7.51800595058321 0.0047411608 34.2329557443
884.77017 19.3221372557493 0.0047411608 -0.6916688560
858.58658 7.25741261056723 0.0048696560 -1.6959065804
694.64966 20.9081246444429 0.0051383852 1.5886180396
694.64966 20.9714780654114 0.0055654480 1.4691386829
914.81712 20.8205031467714 0.0057450577 -31.1876335088
862.55926 6.14886646467297 0.0058368084 30.6759810265
692.63401 21.041892340345 0.0059298780 -31.9918548189
481.42514 4.04330644716952 0.0062171652 -31.1680768951
942.84842 20.9329945481314 0.0062171652 1.3233935857
670.59802 17.678965354013 0.0062171652 -1.3090109334
856.64260 13.9341442612362 0.0069368085 -27.7003647143
876.72870 17.4887805084043 0.0072675022 32.5051633015
922.84333 19.9170818205574 0.0072675022 -33.6855048945
690.47045 4.05779859626465 0.0074957545 3.5530120894
746.49776 8.20006651458217 0.0077311755 -2.0759638313
864.57491 7.16949664425744 0.0078501958 0.0000000000
907.70215 17.7316289680842 0.0078501958 31.6849834406
914.81712 20.1061089271613 0.0079716368 -30.9558667256
780.70757 18.8977527335424 0.0079716368 -31.2875362347
502.29282 2.42363161790282 0.0080947574 1.7038379839
814.53813 12.2523247458168 0.0084743971 -0.4776189107
824.54471 12.6215207088815 0.0088564332 -1.7650227726
572.48847 13.085586598735 0.0098574744 0.0000000000
790.53813 12.8512910956349 0.0098574744 1.2322988223
780.55138 9.79972772539102 0.0098574744 0.1656412113
907.69974 17.5044412299098 0.0098574744 29.9402384169
924.59714 6.44189087338189 0.0103982897 34.0372757802
782.72322 19.5597745781931 0.0109418813 -1.9135998747
902.61279 7.52701308865099 0.0109629375 -1.4068086048
950.81712 20.688621773897 0.0114382117 1.0964826968
888.80147 19.8628934003178 0.0114382117 1.6381758763
505.42623 9.42082750728656 0.0115546685 0.0000000000
972.80147 20.1841074795638 0.0116080410 1.3388823574
852.57601 9.1575747483828 0.0118610291 30.9981145141
845.72288 18.8317151343534 0.0119544250 31.0281259101
908.79130 19.1546367349306 0.0121310293 30.1999427163
781.63166 19.5054389752395 0.0123099419 -0.6135866609
1002.94232 21.625995387222 0.0130491847 1.3920443968
836.54361 4.80313582363978 0.0130491847 34.1811184812
866.81712 21.1917113644046 0.0132400226 0.6882236259
882.77565 19.0902499633058 0.0142316948 -1.7787786516
916.79638 18.7577446168061 0.0152883291 2.3632022633
661.52790 9.69447754506992 0.0152883291 -0.5985739258
666.60310 16.3950706417439 0.0152883291 1.9158290664
794.49776 5.46257694858127 0.0153435871 1.1553990968
816.57491 6.54104460144424 0.0157299521 0.3745909986
888.76508 18.4553307275951 0.0164134269 2.5422322075
792.51740 8.51720523089222 0.0173652361 -0.3301704454
772.51341 6.98020684902401 0.0174010190 -1.0742606708
612.33070 2.13505952074836 0.0174010190 0.0000000000
892.79638 19.2859606993813 0.0176106218 2.3972148585
866.59056 6.64467757590123 0.0178590415 32.7670849728
822.55019 8.15084487162761 0.0178403809 0.1670982664
822.55019 8.15084487162761 0.0178403809 0.1670982664
866.72322 19.9644538148942 0.0181105261 1.0991451519
880.73887 19.154743256211 0.0183651067 0.0000000000
528.30847 2.75739817509036 0.0188836804 31.1883871583
714.50683 8.93825499182348 0.0194150150 -0.7417247808
902.57531 7.8476288981191 0.0196855474 2.1399278688
786.52796 8.31755657965752 0.0210881573 0.1801530524
886.61788 11.5219161262171 0.0211971624 -0.3784973672
752.63988 16.3912993696017 0.0213788993 0.9498837082
828.70757 19.682232899643 0.0219708708 2.2820618458
960.73457 16.4040791377762 0.0222721680 -30.4196852523
926.74435 17.5858811997927 0.0222721680 33.7785120105
810.75452 19.9849887103618 0.0225770517 0.0000000000
944.82768 20.8102044715988 0.0225770517 -0.1202372498
848.77017 18.1875551675254 0.0228855564 31.6652900310
982.68955 3.12520071322685 0.0228855564 -30.6261344719
864.70757 19.3124897141101 0.0228855564 2.0263415066
888.76508 18.2461233448749 0.0235135672 2.3421559434
888.70757 19.1638807447092 0.0238331433 -28.9935363257
904.59096 7.68094156461773 0.0238331433 -30.4902105826
954.77565 19.2538908230624 0.0241564801 31.6288186183
864.70757 19.5347191991189 0.0244836132 2.2206087856
886.55686 9.91590302768569 0.0248145783 2.1138361594
886.55686 9.77556956966247 0.0251494112 2.1618014897
878.57531 8.00328355330391 0.0251494112 2.3534546024
914.58816 12.1295437681812 0.0251494112 1.8788778593
790.50175 8.11831765233682 0.0258308253 -25.8830386701
992.86407 20.3242270711278 0.0258308253 1.5787896266
794.56943 9.22258334352286 0.0261774793 1.6747437557
538.51937 12.6347754672218 0.0261774793 1.8730765521
862.74943 18.3761521168708 0.0261774793 2.4270122454
886.74943 18.4161279046149 0.0272416712 2.1659267138
893.66296 18.9258016594971 0.0272416712 30.5314197013
979.86641 21.4848472667142 0.0276046023 32.7883291133
908.77017 20.2589387360271 0.0276046023 1.1842353412
810.71813 18.8814848582909 0.0287185233 -2.0890603460
828.70757 19.5893528903648 0.0287185233 2.3767743679
566.34635 2.07466059055652 0.0289077497 32.4471772670
942.84842 21.2651997878172 0.0294824575 2.2894435531
992.77017 19.6172518313539 0.0294824575 2.1333663546
608.52485 12.9131676509597 0.0294824575 2.1537773150
842.70796 17.694879108752 0.0294824575 -4.8668280962
914.64918 13.7230281777726 0.0295901491 -0.2173644166
720.66531 20.8553086450585 0.0298709359 2.2082920081
878.57531 8.33550877663642 0.0298709359 2.3737073940
812.54361 5.61346600504397 0.0302638068 2.3119452165
892.60621 14.1193307211879 0.0306611093 2.1304393674
911.56200 10.3169881981364 0.0310628826 2.3840037556
950.68556 15.933915867878 0.0313570407 0.0000000000
970.84333 20.787414113719 0.0314691661 2.3206236147
864.76508 18.5487957679309 0.0318799994 2.3450297351
882.59833 11.2774711133797 0.0318799994 2.2632155689
592.56632 15.263897634046 0.0318799994 2.3726237116
828.51740 8.78639476467082 0.0327154750 2.3118261437
826.59565 5.41358206450525 0.0327154750 2.3643710755
998.91102 21.3514110167093 0.0322954224 2.2010976503
449.36254 4.69384636354502 0.0327154750 2.3412400001
540.49864 8.7195918250089 0.0322954224 2.2830034900
812.54361 10.7224346048556 0.0322954224 2.4075805242
838.55686 11.6489497894507 0.0327154750 2.2712902021
476.27717 1.86263426161962 0.0327154750 2.3106381398
913.74910 19.0395013049888 0.0327154750 2.3935274328
913.74910 19.1360211597815 0.0327154750 2.3886145238
972.73457 15.9008881752571 0.0327154750 2.3207872245
774.66062 19.10110760512 0.0327154750 2.4137312732
798.56435 9.39019550686799 0.0331401975 2.2633972998
886.55686 8.74647435991662 0.0331401975 1.9428976480
756.63480 14.9382181617438 0.0331401975 2.1800206849
843.70723 18.4689944607603 0.0335696302 2.4165453530
826.59565 6.61402762876569 0.0335696302 2.3720586377
836.54361 9.52829618383562 0.0335696302 2.2309534727
686.55655 8.93954766289255 0.0335696302 2.2912043470
648.32719 2.17865509719125 0.0335696302 2.3316404205
912.57251 10.1489104584263 0.0335696302 2.3417802828
904.60621 15.7121643288585 0.0335696302 2.2789085904
1056.98927 21.7393811083369 0.0335696302 2.3044605317
692.41443 3.7976868451019 0.0339822703 34.0352091279
796.66610 15.6209886249695 0.0340038138 2.3588023770
890.65632 11.3010359829542 0.0344427891 2.3342978063
886.62963 14.1753157763862 0.0344427891 2.3038185288
946.84333 20.1393152901222 0.0344427891 -33.7553350205
812.54361 8.69583647723979 0.0344427891 2.3824116382
886.63203 14.1498379234974 0.0344427891 2.3102406970
844.51231 8.40001784466841 0.0348865971 2.3750608591
836.54361 5.89059209797699 0.0348865971 2.3936739045
970.78582 19.9160094318401 0.0348865971 1.4315035498
814.63203 12.6613429025469 0.0348865971 0.0000000000
902.57531 8.40777597764156 0.0348865971 2.3854151605
752.55887 14.0124081160384 0.0348865971 0.3344230379
950.81712 20.1666057797395 0.0353352788 2.4035729785
892.60621 14.269776412408 0.0353352788 1.9528549479
902.81712 20.9108048706781 0.0353352788 0.1679227999
862.62502 9.24482835869706 0.0357888758 0.9486364795
794.56943 10.0512169828038 0.0357888758 2.2364119819
970.78582 20.0961155933915 0.0362474295 1.2311645467
650.64457 18.2046555342791 0.0362474295 2.2394566074
796.66610 15.453594050896 0.0362474295 2.3622983169
935.76743 19.7157583960086 0.0362474295 2.2190770753
836.54361 6.69187420605594 0.0367109817 2.4241795224
786.52906 9.54781366597177 0.0363798576 0.8732251778
500.27717 1.80526225662231 0.0367109817 33.2909925836
795.63745 17.2437848228664 0.0367109817 0.0000000000
774.66062 18.9367944515235 0.0367109817 2.4023966638
828.61130 11.736746831848 0.0367109817 1.4649030143
798.56435 7.74104100674684 0.0367109817 2.1223794484
790.65553 16.0535794870784 0.0367109817 0.0000000000
776.63988 15.4470356803124 0.0371795744 2.3950693589
714.60310 16.4127143615306 0.0371795744 2.5341187457
970.87972 21.3626190675767 0.0371795744 2.2466895757
914.58816 11.4549287797669 0.0371795744 2.2133382152
866.72322 19.7874246248282 0.0376532495 0.8565241247
913.74910 19.302198557412 0.0376532495 2.4292586364
826.59565 6.30493958316165 0.0376532495 2.2985444305
886.55926 8.57816991215886 0.0376532495 1.9257314538
798.56435 7.40936832634803 0.0376532495 2.3647161978
736.44064 3.69118304403745 0.0376317585 0.0000000000
836.54361 5.56437474523934 0.0376532495 2.4214247650
742.53573 10.0062373355179 0.0381320495 2.3793017517
814.55926 4.93970511985715 0.0381320495 29.1865486114
790.53923 11.3707863287423 0.0384865697 -0.2233035157
893.72048 18.9673373341336 0.0386160167 2.4261624092
863.56551 11.1939219766798 0.0393578284 -0.4691922641
864.70757 19.1255593728647 0.0395996240 2.1588198912
827.66367 13.4443841781333 0.0395996240 1.9974666831
970.87972 21.0948246984237 0.0400993498 2.0297324975
842.66333 16.4569772072823 0.0406044146 1.9068327712
906.81203 19.9086914544665 0.0411148617 -7.2101198925
844.51231 7.60670784244211 0.0411148617 2.1575971108
894.69463 17.26798736618 0.0416307347 2.1369801903
1051.96031 22.0699268190539 0.0421520773 0.0000000000
816.57491 5.88522899420606 0.0426789333 1.6706288293
838.78582 21.0177456000067 0.0432113468 0.6027866043
828.69231 17.2137732777944 0.0437493620 -0.3772416591
610.33618 1.00581372339599 0.0439693365 0.0000000000
826.67666 15.9411548377082 0.0448423750 -0.2656056883
630.50920 10.3275777366483 0.0459583292 32.7172083669
900.59714 6.76682040608038 0.0485019114 0.8587986261
794.56943 9.80425172899345 0.0488509470 1.6055981499
838.55926 4.81403846069614 0.0488509470 32.1671128822
866.72322 19.5272690278866 0.0494474451 1.3482939484
854.53305 8.8617910459713 0.0506587821 0.0000000000
834.75452 19.8122443409182 0.0512737131 -1.2701174632
888.80147 20.0545330641803 0.0512737131 0.6043546368
926.74435 16.8933009556608 0.0518948810 0.0000000000
790.53573 8.61770766977979 0.0525223320 1.8502224755
788.52008 13.188931568567 0.0531561127 0.1914079203
890.81712 20.3922009142705 0.0531561127 -29.9227719139
835.53421 9.07165114702388 0.0545684059 -0.5960305347
812.54361 5.4848494774895 0.0550959011 2.4188242397
780.70866 18.8798975705685 0.0551499971 27.2181836842
678.61836 20.6683180146395 0.0577737493 29.9781854569
837.54986 10.9564082702198 0.0581359878 30.3944362903
794.56943 9.62792156052975 0.0591527240 1.4513941115
750.62423 18.9794039360553 0.0591527240 0.4526223794
781.59528 11.9242255849815 0.0612723216 0.1580838401
810.75452 20.803038640365 0.0627200364 0.6539861231
908.79130 18.9241115323477 0.0641959203 2.8286684349
948.80147 20.0720898335975 0.0641959203 1.0977281455
846.52906 7.84948201325996 0.0645115370 0.7027228335
916.83277 21.2181831868393 0.0649445465 1.4641811453
808.73887 19.6163037534519 0.0649445465 1.0942366316
708.40934 2.72117811946089 0.0651796771 28.4141728217
814.55926 5.68613653091241 0.0657003602 1.5795798296
826.56036 8.89322465729424 0.0658535142 -0.2508069202
419.25680 3.70931000022401 0.0665330823 0.2428834067
736.44064 3.63035858141885 0.0686065159 0.0000000000
808.70248 18.1216121349425 0.0720114593 0.2465462850
882.60073 11.2291958892711 0.0720114593 -0.5777201737
474.30615 1.6451602143514 0.0745026183 -0.2549462229
828.57601 9.5650283442539 0.0766680380 -0.1857771179
832.64260 12.320496784545 0.0779332345 0.0885540851
834.58658 9.37576488646634 0.0797845241 -0.2031953701
794.56943 13.8108287014337 0.0805897245 1.5197382408
807.50291 7.43071866250971 0.0805795264 -0.3537245171
764.55646 11.1847196551103 0.0814913944 0.2081347435
940.60381 12.0061833729497 0.0824012333 0.0000000000
940.60621 12.272387208172 0.0824012333 0.0000000000
814.55926 5.97949093240209 0.0833192906 0.8154849994
899.76983 19.5192648001211 0.0870746912 32.9032114767
860.60937 7.92503841474245 0.0899799549 -0.4232260240
780.51740 7.52666946501343 0.0919597819 0.6026820332
802.53573 8.8072254871286 0.0919597819 -30.6963370384
937.74669 18.1964243961727 0.0919597819 -33.4970133513
754.69192 20.1556688906248 0.0919597819 0.8530849234
628.36200 2.740829679828 0.0915115870 -0.3037322065
391.22550 1.95022124283357 0.0932946324 0.5714014504
764.52358 11.249843012875 0.0932946324 -0.2424190984
885.54986 8.41930328969624 0.0951054479 -0.3188141734
779.60615 11.941578065939 0.0949949848 0.0838795610
860.60937 7.69006025387614 0.0960243725 0.1322943207
690.50683 10.2633397689426 0.0981099225 -1.1209211310
690.50683 10.254350732483 0.0981099225 -1.1211570456
632.52485 12.2504468890402 0.0981099225 -28.0183162769
930.71686 17.9905511258975 0.0978743445 -0.1421167631
900.66991 16.2834845684093 0.0988114944 -0.2802004056
812.54471 7.81306659205716 0.0997557937 -0.1810464634
769.62180 14.6479309917326 0.1002314986 0.0000000000
856.57093 5.59898090401648 0.1016659783 -2.3236009038
860.60223 7.88585511404219 0.1036051730 29.2646221985
778.69192 17.9411885302442 0.1045842915 -1.7486578067
860.54361 5.9976161847069 0.1045842915 -28.5386871244
676.66022 18.0880555919204 0.1045842915 -32.1512640538
676.55107 15.1931824760204 0.1045842915 30.4107793997
283.15160 0.777603382514871 0.1056956154 0.1223994635
536.50372 10.509208423509 0.1068162866 0.0000000000
840.64768 14.7822018531406 0.1068162866 -0.1403669249
716.52358 11.9465095907597 0.1075716857 -0.1856134140
846.55019 4.69614526550089 0.1075716857 34.0944997181
926.74435 17.7968690197008 0.1090858639 33.8771485977
858.60073 9.63352025319336 0.1090858639 -0.2583711684
844.51341 9.89377038181134 0.1095995485 -0.1373486843
846.55019 4.92473130045344 0.1095995485 34.0961781036
918.62296 11.4890559076187 0.1095995485 -0.1315531647
692.65514 17.5342247435258 0.1102348665 0.4745508399
798.52796 7.58688371826229 0.1102348665 1.3867163680
768.51740 7.92862167289972 0.1113934090 -30.3535378673
605.47516 15.2824436412883 0.1149267547 0.0000000000
914.59166 8.74099188690999 0.1158648080 -0.2630082338
674.43915 3.99701216912249 0.1173308931 0.0000000000
864.80147 20.9858952501716 0.1173308931 0.4041445037
450.26262 2.12921976162158 0.1191012876 29.3705182318
712.64497 18.7308969181232 0.1210109093 0.0000000000
836.77017 20.796253076464 0.1210109093 0.3927044135
821.66296 19.9192597458782 0.1235140068 1.2429259537
768.70757 19.8991416440939 0.1235140068 0.7718721689
874.78582 20.6551008507198 0.1247806215 0.1814520040
796.70248 18.7920251571022 0.1273442144 -26.7159691664
415.22550 2.2971871782529 0.1280786321 0.2412781265
764.52358 10.4697163186512 0.1280786321 -0.1528844527
587.40593 3.02881482781673 0.1280786321 -0.1762335361
814.55926 6.37993733446262 0.1312662018 0.6461169729
972.80147 20.3421750978582 0.1312662018 0.7963567008
594.37655 3.63708330876173 0.1325941396 32.6586316674
572.52485 15.3794694053575 0.1339324572 -32.0909562673
796.51231 6.39891832833015 0.1352811996 -31.7698425457
766.53573 12.6762752449308 0.1352811996 0.1300076407
842.59166 10.6327775433985 0.1363577655 -0.2331540960
838.56036 8.49260297716673 0.1363577655 -0.1293303540
810.56435 9.73288587403672 0.1380101377 1.7265345770
298.31044 4.60763436225434 0.1380101377 -0.2406006530
818.59166 11.746784880334 0.1387975394 -0.2247269341
756.61367 17.6770244796814 0.1393904222 -32.4382847498
906.84842 21.2989558922693 0.1393904222 0.1687416316
886.78582 20.5689864060295 0.1407813093 0.2400426678
796.73887 20.6695718689207 0.1421828429 0.4779556930
892.60731 10.8208545468372 0.1437777887 -0.0421131062
850.78582 21.0328132545998 0.1450180237 0.2964450262
944.77017 19.9101787173837 0.1464517575 -31.7760678057
587.40822 3.02760195502158 0.1476020562 -0.1667723521
587.40822 3.02760195502158 0.1476020562 -0.1667723521
594.34126 2.51071489736444 0.1476020562 0.0000000000
587.40822 3.02760195502158 0.1476020562 -0.1667723521
474.30615 1.53272052921968 0.1493517264 -0.2216798326
888.80147 20.8119473955546 0.1508180464 0.2214021460
918.75452 19.7211827315918 0.1508180464 -31.9577544263
848.77017 20.6807771811994 0.1522953132 0.3685293328
838.74943 19.2308373135313 0.1522953132 0.4820733970
608.35691 3.10659482580248 0.1528214025 31.4262571582
860.77017 20.5551104196995 0.1537835684 0.2775766342
866.59166 9.92024020757231 0.1541479233 -0.2077694815
682.63440 19.037569606701 0.1583146791 1.4801171014
914.72322 19.374899610818 0.1583146791 -31.5959196062
862.78582 20.7958659569877 0.1598473009 0.2918863315
783.61093 11.7380588391728 0.1598473009 -25.1292683522
417.24115 3.00222020015042 0.1595416182 -0.0212153840
740.67627 19.9589682141611 0.1629461646 0.8634587802
757.62180 15.5650548262963 0.1629461646 -30.0136705157
738.66062 18.845843684782 0.1629461646 0.0000000000
772.58508 12.1252067023408 0.1645124864 0.1428113476
426.35779 2.96213578956672 0.1660901207 -0.1042494699
788.67627 19.1019091305746 0.1676791068 0.4547722827
535.47318 12.6725741779396 0.1693222673 0.9692062396
526.29392 2.86628042953785 0.1721976943 -0.1381466744
762.50793 9.88437228359852 0.1736490357 -0.2850685786
854.62695 11.710716483512 0.1741493389 -1.4397542832
736.49228 8.97475847568944 0.1751094974 -0.1048985846
312.32609 6.04525990208375 0.1757956586 -0.2504493055
558.28375 2.49449716638524 0.1765791057 0.0980371448
882.62296 13.7517202717092 0.1780578866 -0.3367785731
680.58237 17.21947713271 0.1791230725 -0.9946491481
940.83277 20.1661815948031 0.1791230725 -32.2530571442
714.50793 10.6346404336776 0.1810430684 -0.3040792411
712.60271 20.2896396465817 0.1824970954 27.6672791813
916.79638 19.7921841218105 0.1824970954 0.4300349594
766.50175 8.15633711614708 0.1842016749 0.3012565445
890.59166 9.44134340764166 0.1871246177 -0.1613302933
280.26349 3.19974283945907 0.1876461457 0.0000000000
896.63861 14.4323845984573 0.1917838413 -0.1768702530
808.58508 9.57275303253541 0.1929016479 -0.4104211363
716.52248 10.7508630510489 0.1946772956 0.1704185618
854.57531 9.23324022612519 0.1946772956 -0.6318142887
876.80147 20.8894861974896 0.1982645089 0.1578690966
678.56672 15.9855257875705 0.2000761387 0.4205937499
887.56551 10.1732158611296 0.2029860845 -0.3518861576
794.60582 13.239657597937 0.2055834973 0.1158312316
930.60661 9.55844054400059 0.2074435419 -30.6872383896
768.55488 13.6632194275774 0.2079302430 -0.2609584875
952.83277 20.458637392069 0.2093157655 -31.9019577448
826.54401 7.42890087014012 0.2130968665 0.0000000000
816.64768 14.1567685630827 0.2130968665 0.0000000000
864.57601 9.271659570933 0.2129611526 -0.2064128012
712.64497 19.4779248020852 0.2130968665 0.2051549498
868.60731 11.2473227269963 0.2146574954 -0.1310473792
894.62296 11.1820495510885 0.2146574954 -0.1128938631
796.58508 10.5598451276684 0.2169270285 0.1795198302
716.52248 10.5192519460083 0.2169270285 0.1866848873
682.59802 18.1858372139026 0.2169270285 -0.3226967672
840.57601 9.74422867036594 0.2163635577 -0.1750690266
572.48847 12.7974983020348 0.2169270285 0.0000000000
858.75452 20.2874561402326 0.2188605767 0.2260575880
838.63203 13.2259585884285 0.2188605767 -0.1595038442
780.55378 8.62808563887929 0.2188605767 -0.0859393635
898.65426 14.8815554206521 0.2198049175 -0.1218124961
936.57601 6.96630602871089 0.2198049175 -0.0769311117
792.55488 13.6628891651468 0.2198049175 -0.2618183381
770.49666 8.7233577179488 0.2208064722 -31.0275619838
764.52248 9.05626457131515 0.2227647415 0.0178435133
890.81712 21.012173390491 0.2247354105 0.1757957580
678.39878 3.38303720394832 0.2285797214 30.0531861890
846.75452 20.3996068946452 0.2307220660 0.2332880555
439.22550 2.19356720458965 0.2303642086 0.0000000000
834.75452 20.5419295597483 0.2307220660 0.3511858676
774.52906 6.77889265692154 0.2321585778 -0.4310165526
800.54471 7.78684331794852 0.2321585778 -0.1949508441
892.60731 10.577662703913 0.2339628456 -0.1594623474
912.57601 7.65674305910021 0.2339628456 -0.0800210723
857.67533 14.8225245983435 0.2339628456 -0.1692335235
684.61367 18.8156612971124 0.2388793480 -0.0400850737
892.60731 11.4788278968874 0.2394351999 0.0073692168
824.58000 9.6926698481206 0.2430334283 0.6772872615
536.50482 11.9927273865675 0.2431332160 -0.0993129979
694.63550 18.5406403840492 0.2431332160 -0.0635680318
842.59166 11.1797763754823 0.2449972023 0.1859420855
900.80147 20.701114540079 0.2451294027 0.1394692867
871.53421 8.44473902873824 0.2449972023 0.0000000000
904.79638 19.6350400633875 0.2472380270 -0.5296402877
888.57251 10.3234294327613 0.2472380270 0.0423213444
715.58471 19.0322109278503 0.2472380270 -30.0965553727
818.72322 19.5139440914823 0.2472380270 0.0000000000
876.55966 7.67783157205526 0.2472380270 -0.4093260184
842.70796 17.4882012477371 0.2514933022 0.0000000000
810.66062 18.5768638517623 0.2514933022 -0.1534783968
680.41443 3.78815629557579 0.2525533282 0.0000000000
255.23295 4.44104822206778 0.2544674709 -0.1520849753
824.54361 8.60993483439603 0.2579715573 0.7239780324
1101.05187 22.1911342757731 0.2601564696 31.2195680119
909.54986 8.85308910423651 0.2602703648 -0.3427449408
858.62296 14.4865074634277 0.2602703648 -0.0930201386
860.77017 20.7904013020572 0.2601564696 0.2078251614
804.55138 9.80440119660059 0.2623541562 0.0570238711
836.61398 14.570955316115 0.2623541562 -0.1092598387
882.58658 6.95010110983653 0.2622248567 0.0000000000
794.56703 13.4993131154608 0.2623541562 -0.2876256359
834.75452 19.623617780153 0.2645646323 0.8566959429
718.53813 12.5773093985538 0.2645646323 0.0824347991
857.51856 7.51366050660253 0.2661641970 -0.1838105616
718.53813 12.6119143033882 0.2667879130 0.3881638595
766.53813 11.4098198392024 0.2667879130 -0.1967525292
830.55528 7.71586559912584 0.2701440808 -0.2886007874
794.56943 10.9076942958864 0.2712729440 0.0945729956
848.54471 12.7158979315603 0.2761900908 -0.1076690452
600.29431 3.49984980830846 0.2761900908 0.0000000000
1103.06752 22.3870488232244 0.2758093559 -24.6118898960
870.62296 12.2863974177693 0.2761900908 -0.1781090991
281.24860 4.55722166813514 0.2761900908 -0.3394252166
1122.78740 15.8363295455154 0.2758093559 0.0474163989
478.29282 2.51055646603237 0.2758093559 0.0444670633
804.51850 11.3263225046212 0.2802716537 0.3324157808
790.53923 12.0710857916984 0.2823277254 -0.2188576496
794.72322 20.3548455367529 0.2827105216 0.2433972147
884.77017 20.2962955262457 0.2850366990 0.1917576701
832.73887 20.2421245068439 0.2850366990 0.1367802732
554.34635 2.9150829282304 0.2864704845 -0.0788436761
816.57601 9.98910138246181 0.2864704845 -0.1343785649
913.58116 10.8268609934318 0.2864704845 -0.2968006449
811.61995 10.3903172586242 0.2864704845 -0.0675864361
822.75452 20.6626827325744 0.2873757868 0.3325957334
764.67627 19.5727436936319 0.2873757868 0.5052608737
811.62223 10.3901499952463 0.2906541064 -0.0676135720
811.62223 10.3901499952463 0.2906541064 -0.0676135720
811.62223 10.3901499952463 0.2906541064 -0.0676135720
894.62296 12.1688712332503 0.2885571846 -0.1526810790
878.78073 19.6686886948245 0.2897277936 0.3469171481
858.60073 9.39929989853473 0.2897277936 0.1743087437
832.60731 12.9683338889536 0.2906541064 -0.2186930595
910.74943 19.2548489487144 0.2897277936 0.2679981804
920.86407 21.274428634414 0.2920927274 0.0989199609
808.58508 10.0363339847443 0.2944705954 -0.0716351004
662.64457 17.870110823799 0.2944705954 0.2281080478
658.40544 3.61046134045157 0.2944705954 0.0000000000
854.56943 9.30511668582244 0.2944705954 0.0046104515
820.51231 7.22694746136388 0.2968614044 -29.4237168562
580.32561 4.70399939122124 0.2970062534 0.0000000000
832.54980 13.8466342636181 0.2991441115 0.1070764323
766.53573 12.2186684930661 0.2992651603 -0.2598911004
866.59166 11.3918812773896 0.3012922142 -0.2090562249
878.81712 21.2157968899821 0.3041115336 0.2458197881
918.75452 19.7629886366507 0.3065541596 -31.3612201351
660.62892 16.8651646243239 0.3065541596 30.9144631947
798.52906 8.27524659245033 0.3056191660 -0.2557513879
738.66062 19.5020359915863 0.3065541596 0.2747894682
836.73378 18.2878433172025 0.3090097500 -0.0707326176
962.91102 21.1182268551194 0.3114783072 -0.1554868366
844.60621 7.61999523216409 0.3114783072 0.6385182996
368.27954 1.11949597398012 0.3114783072 -0.1154755248
650.40386 3.11774402177906 0.3166160060 0.0000000000
890.78073 20.1930690555323 0.3214822341 0.1159808155
872.77017 20.4651812734825 0.3214822341 0.1722259229
810.59833 14.2968601810478 0.3240156415 -0.1374299255
656.58237 18.1953468075651 0.3265620172 -0.1853184360
906.77565 19.1793709313384 0.3291213589 -0.1425661129
535.47318 12.3276548719111 0.3301507370 -33.2169454640
859.53421 8.24101135509744 0.3324424191 -0.2014472241
770.57053 14.9447183623338 0.3370565286 -0.0792231937
831.50291 6.78658871939567 0.3370565286 0.0000000000
692.61985 17.4848633218795 0.3393789492 -0.0639920724
782.63792 9.11959454265665 0.3393789492 -0.6098751314
824.54471 7.51477064789875 0.3417116085 0.0522742307
798.68175 16.9964989272478 0.3421124318 -0.1656100910
988.92667 21.1107415457453 0.3421124318 -0.1969614825
911.56551 9.50308592837286 0.3417116085 -0.2256378790
881.51856 6.846961686859 0.3417116085 -0.1825863194
558.50920 14.4930865314761 0.3447494837 -0.2768524418
742.53923 13.051048931761 0.3464076243 -0.0416868778
870.75452 20.3412563136878 0.3473994662 0.3386225331
788.54361 5.03673171860434 0.3500623713 0.8797773991
558.50920 14.6358506551898 0.3500623713 -0.2769349410
750.66062 19.303631926467 0.3500623713 0.4828833133
948.89537 21.406196054594 0.3527381903 0.1064380405
786.56435 11.6864428816002 0.3527381903 0.0000000000
689.56906 18.965613712175 0.3527381903 0.0000000000
616.36200 3.22359374491745 0.3559222895 0.0000000000
856.58508 8.70629782001326 0.3581285315 -0.1897523452
636.35183 2.91066391919065 0.3607408335 -0.1144876017
790.65553 16.5310349134248 0.3608430326 1.0221657028
934.87972 20.9370845076923 0.3608430326 -0.1943251678
846.62296 14.1480869236257 0.3656001024 -0.1207103434
750.66062 19.4397721180416 0.3663106376 -0.3681855913
279.23295 3.97452791301577 0.3754405220 -0.3203025495
868.60731 12.0187943927317 0.3779259594 -0.2258236321
910.78582 19.5903718907248 0.3802042007 0.0000000000
792.70757 20.0128427929347 0.3802042007 0.2369723484
796.73887 19.7977855137768 0.3830212859 -0.0077535477
828.75921 21.4075115003261 0.3858511223 -30.7067650441
880.59096 9.77374469016367 0.3858511223 -0.4554510543
766.69192 19.9642690390832 0.3886936916 0.1661258702
1002.94232 21.263914453612 0.3886936916 -0.2448421347
792.57491 6.25706140767907 0.3886936916 2.8451115949
861.54986 9.64228640547383 0.3905045598 -0.1873688088
794.57053 14.3596110292374 0.3905045598 -0.0244683519
766.53923 11.4782118136062 0.3905045598 -0.1361363576
818.55528 6.92229191705089 0.3905045598 1.4825211908
728.52358 11.4838282938149 0.3930504720 -0.3821922035
369.35158 21.1707662960087 0.3944169510 0.0335111255
762.66062 18.9031009536148 0.3944169510 0.4764483227
820.73887 20.3870925868491 0.3944169510 0.1314366633
820.73887 20.4635039794541 0.3944169510 0.1314546491
812.67627 19.2339459476073 0.3972976003 0.2058906455
882.75452 20.1657219730558 0.4001909009 -0.3665694356
732.61367 17.526794006018 0.4001909009 0.3893679378
811.66875 16.5864032197892 0.4030968304 -0.1943735935
768.55378 11.5990952444136 0.4060153657 0.2515264650
766.53923 12.707427916444 0.4059302014 -0.1406550827
766.53923 11.9637099189358 0.4085360702 -0.0055704135
910.78582 20.5091294842484 0.4118901576 0.1796564359
1004.95797 21.4395827699356 0.4148463641 -0.8961794062
646.61327 16.6655881288927 0.4178150762 0.0606040157
807.57454 10.0418056473801 0.4178150762 0.0471846698
920.86407 21.3591606765783 0.4178150762 0.1097066779
870.62296 13.0522604846586 0.4190587156 -0.2808131630
482.32412 3.95183895239711 0.4207962669 0.0424517431
984.89537 21.2837825292426 0.4207962669 -0.1685665644
892.60731 10.2780298686904 0.4217140770 -0.1016124568
739.63876 16.900312756479 0.4237899086 33.7834676767
806.56943 10.3150696441416 0.4237899086 0.0352890985
344.27954 1.17961021580051 0.4267959724 0.1873453149
790.56036 9.58067464557815 0.4270543032 -0.0294503751
798.52906 7.04077675779076 0.4270543032 0.3365730458
703.58471 19.034943597028 0.4298144293 0.0000000000
806.56943 8.24593676582157 0.4298144293 -0.0978610150
451.45205 17.3397220101266 0.4324337300 -0.0053915185
858.75452 20.5596565742527 0.4328452489 0.1029514666
770.65045 15.744097481983 0.4328452489 -0.0738811071
764.54471 9.32333773598623 0.4405759935 -0.0798294157
782.65045 15.1582073084874 0.4420115712 -0.0634514435
326.34174 5.72823548083821 0.4450915248 -0.0680331015
832.58268 11.1712248907127 0.4450915248 0.0105386822
852.57601 9.13167035851157 0.4460526532 0.1317614739
820.51341 10.3338103400281 0.4460526532 0.1270163830
638.36748 2.87184771456332 0.4488054572 0.0000000000
568.36200 3.84595053331385 0.4488054572 -0.0845500419
1089.05187 22.2640553517993 0.4481836786 0.0000000000
904.83277 21.1064113922071 0.4481836786 0.1683704151
558.47282 19.3047972289926 0.4512879978 -31.0929930781
883.53421 7.70091079716446 0.4515678779 -0.1479890708
662.36748 3.05994006398348 0.4515678779 -0.1256525423
241.14453 0.751799644535705 0.4515678779 -0.1336918087
786.66062 18.5270266098151 0.4512879978 0.1421159943
622.61327 17.6665487371794 0.4544044467 -0.1348062819
283.26425 5.54413522518662 0.4543398901 -0.0388913951
882.75452 19.9974779552551 0.4544044467 0.1802027988
738.50793 9.3891293478669 0.4571214682 0.1742498301
816.70757 19.6638951849072 0.4606735871 0.3796139805
956.79130 18.2809158884653 0.4606735871 0.0000000000
774.62423 18.3132368173869 0.4638262032 -0.0683141772
833.51856 7.87926381918979 0.4655233336 -0.2258775071
830.62695 9.47081111978543 0.4669907984 -2.1734554075
844.73887 20.1003227634172 0.4701673331 0.1459365434
832.58508 9.52978056734568 0.4733557670 -0.1056310972
638.57180 16.837530747892 0.4765560587 -0.2486334837
652.55107 15.7972972243683 0.4765560587 1.6663260072
762.50793 8.91601757017107 0.4854573711 0.0296426565
782.53415 13.6397363078019 0.4854573711 0.3314359540
858.59833 11.798831533089 0.4862276573 -0.0035142548
792.57601 11.5524762918147 0.4883423382 -0.1053159730
342.26389 1.0117714934768 0.4894749527 -0.1089299231
874.55926 7.78244762153085 0.4894749527 -29.6492349574
912.76508 19.8415631670713 0.4927338882 0.2070724744
836.61638 11.2458731168424 0.4927338882 -0.1641001386
757.62180 10.582432341997 0.4960044177 0.0488243605
1016.77017 19.4037236732008 0.4992864947 0.0000000000
750.54432 13.8459072743801 0.4999740762 0.1989521688
892.73887 19.9859357963146 0.5092015307 0.2326656617
714.61836 20.4773139342567 0.5092015307 -0.0772486392
502.37383 2.54547397014855 0.5092015307 -0.0156679545
830.51889 5.79259261034692 0.5087934167 0.0000000000
922.78582 20.3539450232585 0.5125293142 0.0729476274
828.56250 7.70033268976266 0.5117512122 -0.2531171747
870.75452 20.2184890366306 0.5125293142 0.2108774470
936.82260 19.8146090045997 0.5125293142 0.0000000000
802.55926 10.3202341629118 0.5158683998 0.0000000000
568.36200 3.4839113258688 0.5206781469 -0.0844000713
778.56036 10.3678682672453 0.5206781469 -0.0605394896
848.60937 8.31997001575712 0.5225802704 0.1058576783
810.68175 16.368849155244 0.5259529504 0.0295350052
762.66062 19.2269143263533 0.5259529504 0.2526030384
796.58508 14.4598345498102 0.5259529504 -0.1299482439
870.75452 20.1676760525226 0.5259529504 0.2086384704
866.78073 19.4648205694529 0.5293367221 0.1624269313
860.73378 19.7167902627459 0.5293367221 0.0550044786
784.64497 18.1130067841994 0.5327315310 0.3938801278
760.64497 18.3896311393913 0.5327315310 -0.0923546723
834.62296 14.2641245045085 0.5327042969 -0.5275272482
888.76508 20.0952089837461 0.5327315310 0.1879229713
732.61367 17.6182328647394 0.5361373218 0.1953265133
633.50887 8.41454721275307 0.5429816241 0.2812797601
784.64497 18.4519098295377 0.5429816241 0.3891859553
810.60073 11.843308732296 0.5429816241 -0.0037729078
894.62296 11.6446721268431 0.5448694227 -0.2118215706
758.62932 17.6912907215723 0.5464200212 0.3120941917
566.55067 14.9770299074136 0.5464200212 0.1410468374
512.29940 1.8988154721447 0.5479321210 0.0000000000
762.66062 19.1494242182228 0.5533290156 0.4219281279
847.53421 8.60069259165601 0.5602673420 0.0173325405
822.60073 10.8100594438517 0.5602805459 0.0367399436
1023.92901 21.8985576701038 0.5602805459 0.0000000000
748.49228 8.77720742785254 0.5633720418 0.0822482111
828.56312 7.70033268976266 0.5664850129 -0.1960909694
854.59166 10.8790042287516 0.5664850129 -0.1279254027
738.50793 10.3223454629904 0.5696062110 0.0133868182
784.64497 18.5061961041781 0.5707865253 0.3748382202
812.54361 4.75777593475662 0.5707865253 0.0000000000
732.44573 3.9558180703373 0.5758731095 -0.3052719940
882.62296 13.2721389221678 0.5790187193 -0.0482053083
818.72322 20.0338848425105 0.5813854122 0.1921011617
424.34214 2.23884645680796 0.5849387187 0.0175330415
820.51341 5.60057732510117 0.5853340302 0.1930726010
890.59166 8.8999990423556 0.5916811508 -0.0874474508
808.73887 19.4789433221002 0.5920754495 -0.1315707340
778.53573 10.989356969197 0.5920754495 0.2940081426
782.68683 18.6950798691491 0.5956587385 -0.3686682077
666.61836 20.9163576335506 0.5956587385 0.0111273545
944.77017 19.7557496249126 0.5992518853 -31.1974694452
752.55887 13.9768290065122 0.5992518853 -31.9557651322
640.62384 16.8566078083224 0.6028548204 -0.0578811661
766.53573 10.1042840974005 0.6028548204 -0.0757739352
666.60310 17.4600631742548 0.6064674735 -0.0631107281
827.55963 7.71119040490319 0.6109095277 -0.0109944268
827.55963 7.71119040490319 0.6109095277 -0.0109944268
896.77017 20.1628227835612 0.6100897739 -0.0177486032
827.55963 7.71119040490319 0.6109095277 -0.0109944268
772.54870 7.78099368630519 0.6100897739 -0.1020059389
960.89537 21.0543832240577 0.6100897739 -0.0356791740
818.72322 19.9347146472392 0.6100897739 0.1493008517
878.59166 10.3264429958715 0.6076856036 0.1272432184
886.74943 19.8293334938339 0.6137216499 0.2213661250
828.56312 7.70033268976266 0.6173800082 -0.2082840643
934.74943 19.0842250857724 0.6210138390 0.1672050534
787.67861 20.5205245932454 0.6246740055 0.0000000000
591.49590 16.2122872123923 0.6283434542 0.7813495175
696.61367 18.4863938934817 0.6283434542 0.1263320415
696.61367 18.5094407700841 0.6283434542 0.1263320415
314.23259 0.858734122982426 0.6320221102 0.0098685256
480.30847 3.32203324393808 0.6320221102 -0.0605985825
760.64497 18.5930055205169 0.6357098978 0.3614054721
920.82768 20.6273148520773 0.6357098978 -0.2242557824
734.49776 6.15760990380038 0.6369687858 -0.1491570544
606.28375 2.14189733332432 0.6402588895 0.3663185166
760.64497 19.1452866048731 0.6394067404 0.2784150486
885.54986 9.39242550148017 0.6402588895 -0.1432305041
804.51740 9.11919690134941 0.6431125611 -30.5735213701
920.82768 20.4830579070842 0.6431125611 -0.1887714388
854.56943 8.76940203453354 0.6431125611 -0.0493157148
812.67627 18.9236297817154 0.6468272820 0.2426899605
668.65514 17.9540843972568 0.6468272820 0.0458897024
802.55926 10.6574420779 0.6468272820 0.0000000000
766.53573 9.20532126393346 0.6505508247 -0.1056867592
594.58197 16.5808252982973 0.6505508247 -0.1876416769
764.52248 11.4149055732965 0.6505508247 0.0444920792
908.62226 11.6883948918954 0.6505508247 -0.3021219393
836.54121 9.66111197969298 0.6542831101 -0.1133853923
561.41497 4.05267503384357 0.6580240586 -0.0649308385
772.58508 14.8183615857382 0.6617735897 -0.0699324821
636.62892 17.9776998627378 0.6655316223 -0.0552787287
316.24824 0.911313870521185 0.6655316223 -0.0944627726
544.45717 10.6548749156376 0.6655316223 0.0000000000
814.56036 8.70784836086253 0.6668302019 -0.0530922977
812.69740 17.4862072751591 0.6692980749 -0.0990392926
968.86407 21.0233859718751 0.6692980749 0.1014777609
734.47663 7.85423995381365 0.6735405435 0.3544001427
898.78582 20.4625150733069 0.6730728650 0.1372772282
638.57180 16.4073643619277 0.6730728650 -0.0836645621
802.69192 19.5474843364263 0.6730728650 -0.0330384985
850.56036 7.46523297334516 0.6769055249 0.0344256033
774.60073 16.239879683181 0.6768559098 -0.0510506576
920.82768 20.1359677045881 0.6806471257 -0.1742978025
864.76508 19.4686000531756 0.6806471257 0.0636510930
820.58508 10.0547049703842 0.6844464284 0.0459406467
654.61836 21.0416689520848 0.6882537333 0.1382715589
650.64457 18.6323604040323 0.6882537333 0.0263657179
926.81712 20.8472913641354 0.6882537333 -0.0709140543
582.28375 2.16568011387043 0.6938261740 -0.0030057598
958.80695 18.8135919199941 0.6997228035 0.2484883512
765.60036 18.7723689624469 0.6997228035 1.2794918690
612.55615 16.2959897737381 0.6997228035 -0.3496542307
713.56906 18.0533920310098 0.6997228035 0.1220091574
906.62296 12.2694733747612 0.7006379922 -0.0297925737
690.61836 20.7653896034918 0.7035612568 0.1303787387
784.58508 10.3233036038536 0.7035612568 -0.0696843855
806.59166 12.3291959793821 0.7109008623 0.0166241083
760.58508 13.6784031410833 0.7074072792 -0.0554266369
738.50683 9.06434144561287 0.7112607823 -0.0100502951
842.72322 19.7756649267803 0.7112607823 0.0418398972
940.73887 19.5700696641439 0.7112607823 -0.0896925198
784.66610 16.4558181851827 0.7112607823 -0.0486439163
889.58116 11.4035752748231 0.7109008623 -0.2162771393
903.74121 26.4223197218448 0.7112607823 1.6203938818
598.50412 13.7863523370105 0.7112607823 34.0435777978
678.67587 19.3487219475599 0.7112607823 -0.0508843399
680.63401 20.9741333105279 0.7151216773 0.0646821072
784.58268 14.0451754389781 0.7189898746 -0.0265224467
652.66022 18.9565300323588 0.7228652841 -0.0388536356
904.59096 9.52193022737572 0.7228652841 -0.0127866014
940.73887 19.3919776691838 0.7228652841 -0.2234320816
747.51816 9.49434090209419 0.7212164091 0.0077917321
600.55615 16.6047355297481 0.7228652841 -0.0235865028
856.58268 11.9721737527777 0.7267478153 -0.0791170997
978.84842 20.8363407855246 0.7267478153 0.0696147500
832.58508 8.63191998538658 0.7267478153 -0.0772195920
633.50646 17.0899299089191 0.7267478153 -3.9204255861
648.62892 17.5698495820039 0.7306373770 0.0307489356
890.78073 19.4456108316391 0.7345338775 -0.1252210408
810.60073 10.6539352456157 0.7345338775 -0.0082228696
786.60073 11.535491056944 0.7345338775 -0.0050735585
859.53421 7.92057324881927 0.7385213959 -0.0518274569
819.58980 10.106011857773 0.7384372245 0.0000000000
664.66022 18.8590914128475 0.7423473253 -0.0703554473
940.73887 19.2568685978849 0.7423473253 0.0000000000
642.60310 18.4860728535768 0.7423473253 0.0540345653
808.58508 12.0302760705724 0.7462640865 0.0056777729
680.63401 21.0205391312414 0.7462640865 0.0776128267
920.77017 20.2206750068248 0.7462640865 0.1092392527
834.60073 13.9094896302591 0.7501874145 -0.0718325893
785.65310 13.0593623394444 0.7501874145 0.1152431575
764.52248 9.08166283994999 0.7501874145 0.0235405215
938.81712 20.7857558021573 0.7501874145 0.1111108709
856.60731 11.3111523877457 0.7524618949 -0.0057677730
677.64533 19.6289636219167 0.7524618949 0.0000000000
842.59056 6.97840730105147 0.7541172147 0.3955903283
507.44188 10.2344286229577 0.7559598756 0.0000000000
904.59096 9.65470530168122 0.7580533925 -0.0055395302
880.71774 19.7805826656054 0.7580533925 -0.0126863664
958.87972 21.1887436128506 0.7619958525 -0.0384307744
822.60073 11.6133237959531 0.7619958525 -0.0045238359
850.55926 9.97313958271886 0.7659444988 0.0000000000
808.66610 17.3130593589511 0.7659444988 0.0000000000
768.55378 12.0939846851885 0.7698992353 0.1634360457
804.55138 8.77656548044588 0.7698992353 0.1145460224
844.60731 12.3088040433833 0.7700012159 -0.0351479445
648.62892 17.7893797949017 0.7738599651 -0.1115293118
839.74630 19.5302285560416 0.7738599651 0.0000000000
664.66022 19.0291120692078 0.7738599651 0.0026512790
591.49830 16.2051605704834 0.7778265910 0.0923606256
634.54050 13.2313475527551 0.7778265910 0.0005458235
578.30996 4.01765601032919 0.7805822112 0.0000000000
792.55378 11.5036067657378 0.7817990154 0.1942554736
480.30957 3.80069758487822 0.7841183665 0.0800488158
910.80695 19.639266776861 0.7857771399 0.0000000000
762.58785 18.9646196899545 0.7857771399 1.0122127728
738.50793 9.18889688125833 0.7876589849 0.1341936494
886.56036 6.96652449498132 0.7876589849 0.0000000000
832.54870 11.3722044632676 0.7897608662 0.0000000000
792.55378 12.2489819937957 0.7897608662 0.0249195601
878.78073 19.5099114299722 0.7897608662 0.1939262229
880.73887 19.9132617818535 0.7937500951 0.0944843072
862.69192 18.8890142787847 0.7937500951 0.0000000000
840.57601 8.68447863864778 0.7983069232 0.0439150868
758.53305 9.56620509239456 0.8017446624 0.0000000000
898.78582 20.6126099765998 0.8017446624 0.1505204439
862.78582 20.131039248869 0.8017446624 0.0371465946
776.54471 8.56905255440471 0.8054265831 -0.0378033265
887.56200 9.03211311526418 0.8057498007 -0.0288098891
818.53305 10.012809250657 0.8097600412 -0.4797617867
710.62932 18.9236599374701 0.8137752828 0.2773681142
794.53305 5.40879971691005 0.8137752828 3.3195789759
776.52358 10.597279058561 0.8161362104 0.0421249144
736.49228 8.51287416030218 0.8161362104 -0.0352238965
822.60073 10.4066146224881 0.8177954241 -0.0011469466
856.54980 13.2285364361674 0.8197138378 -0.1085073909
400.34214 2.75683372821921 0.8218203631 -0.0618049230
946.87972 21.3465143213717 0.8218203631 0.0801153297
624.62892 18.080783619151 0.8258499975 0.0970861229
912.76508 17.8787071922527 0.8258499975 0.4408207259
826.59675 11.3604975803528 0.8268802891 0.0486119062
838.56036 8.02647337930021 0.8304689687 0.0424915933
752.67627 19.7364073030962 0.8298842246 0.6686387658
780.55378 7.62769635644574 0.8298842246 -0.1207978114
806.56703 10.7532530230852 0.8298842246 0.0314593788
617.51395 16.2934649041849 0.8339229416 0.2704750532
593.47757 4.55185692542188 0.8339229416 0.1123115718
652.55107 16.4689038839025 0.8339229416 0.5768293196
834.59833 13.1038855851378 0.8339229416 0.0183732369
842.59166 10.4629958197791 0.8340611878 -0.1037988013
595.49322 4.59309164913435 0.8379660449 0.0223275705
282.27914 4.05225055027731 0.8379660449 0.0387250014
974.91102 21.1054190039006 0.8379660449 -0.0317550082
864.57601 8.42552388797496 0.8448583529 -0.1024735874
614.57180 17.3938530870431 0.8460649956 -0.0633946539
636.55615 15.2007447017287 0.8460649956 -0.0919227347
932.86407 21.2841935441372 0.8501206345 -0.0524591869
995.89771 21.7376585462497 0.8501206345 0.0253274496
638.64457 18.5261975271008 0.8501206345 -0.0172933466
930.84842 21.0342588558108 0.8501206345 0.0267198802
830.59166 11.2053244385669 0.8556847412 0.0150765214
768.55138 12.8482763736528 0.8582437158 -0.0000408244
848.56584 4.59011008861944 0.8592996875 -30.5623285341
758.46138 3.8462541015738 0.8629175855 0.0000000000
279.15909 2.08814028821953 0.8623109479 -0.0235333280
766.53813 10.5906541623826 0.8623109479 -0.0908547446
976.92667 21.3071020836908 0.8623109479 -0.1465238071
834.60073 10.0765451541135 0.8623109479 0.0262871079
966.84842 20.8354479557231 0.8704562667 0.0598060969
806.56943 10.7447375430588 0.8745341413 0.0574766578
636.62892 18.1737697021783 0.8745341413 0.0115742742
505.42623 8.56639182555465 0.8701619389 -2.1591687426
1077.05187 22.3149972740452 0.8745341413 0.0000000000
832.58508 10.2907777895735 0.8745341413 -0.0291987366
932.62226 10.990910959421 0.8745341413 0.0000000000
926.81712 20.8231705070098 0.8745341413 -0.0179282549
634.54050 13.3829831408155 0.8704562667 -0.0877356260
917.72048 18.7076729355266 0.8745341413 -0.5983408187
782.68683 19.4732445342659 0.8786153508 -0.9571431002
894.75452 19.8568965973651 0.8826997885 -0.0769538349
924.80147 20.5899344752001 0.8826997885 -0.0191258763
738.50683 8.6070909281738 0.8826997885 0.0397541932
664.38313 3.84527286284107 0.8846827825 -0.0092812457
654.56672 17.0491844284422 0.8867873473 0.2682576164
768.55488 13.0541579667641 0.8883192505 0.0144505534
804.55378 8.34116613876049 0.8908779201 -0.0050694888
835.66875 15.0213345601098 0.8949713992 0.0292535955
806.72322 19.9441742952686 0.8949713992 0.4408499949
796.54980 10.1020926217767 0.8992424641 0.1746584844
786.66062 18.7552834757157 0.9031666457 0.1508175276
840.72870 20.1467182274454 0.9031666457 0.0000000000
778.53813 11.0364371463682 0.9031666457 -0.0302410339
576.29431 3.59203282784882 0.9065353560 -0.4184446053
828.57601 9.17683585111281 0.9065353560 0.0989558539
726.66062 19.5659650583043 0.9072681969 -0.2600305953
814.59675 11.1910876235275 0.9101847985 0.1430239244
732.55378 13.7898606452611 0.9113722223 -0.1157485899
846.60073 10.2250847957101 0.9154786133 -0.0397728903
794.53415 9.89714753220415 0.9174892950 -0.0372204679
652.55107 16.1077760555979 0.9195872612 1.2333397077
634.54050 13.8233926110864 0.9195872612 -0.0488390092
904.54980 8.14853124545839 0.9248007631 -2.4487034516
297.24352 3.67371959514229 0.9284589198 -0.0040960304
640.58745 17.3168212821192 0.9236980570 -0.3117435471
986.91102 20.8580526666136 0.9236980570 -0.0080739978
772.58508 15.071718443991 0.9278108917 0.1263371412
297.24352 3.67371959514229 0.9284589198 -0.0040960304
772.51341 5.96456573024283 0.9284589198 0.0000000000
904.54980 8.14853124545839 0.9248007631 -2.4487034516
784.58508 14.2519779255557 0.9278108917 -0.0004365881
790.53923 10.8349915198868 0.9284589198 0.0454744868
884.73378 19.4554963506516 0.9236980570 -0.0061555611
606.50920 11.3664559785921 0.9278108917 0.0000000000
804.55378 8.81059673369339 0.9319256559 -0.0294810924
773.65310 17.2781521674756 0.9319256559 0.1600791956
766.53813 10.6408584802938 0.9360422402 -0.0151742056
454.29282 3.10399841091146 0.9360422402 -0.0245698117
856.73887 20.0751401044702 0.9360422402 0.0190627832
856.58268 10.7614273483348 0.9442804307 -0.0444556196
610.54050 15.0388247279259 0.9484018174 -0.1477153523
844.64370 15.9871121200936 0.9504369258 -0.0142527731
370.29519 1.38490071583004 0.9525245850 0.2315761790
878.74435 18.7662066812243 0.9525245850 0.1308624243
812.66101 15.4849345277848 0.9525245850 0.0000000000
854.59166 10.549563876613 0.9541040506 -0.0132888263
781.48726 7.15971061618098 0.9577721473 0.0000000000
810.68175 16.6437867142649 0.9566486237 0.0786549965
866.59166 10.2392818144882 0.9577721473 -0.0423332802
752.63988 17.8127702102955 0.9566486237 1.4300723685
862.78582 20.0472493350856 0.9566486237 0.0654465782
642.60310 18.4937055413521 0.9607738231 -0.0449966795
668.63401 21.1877234383072 0.9607738231 0.0126342691
744.55378 13.1816891747472 0.9649000730 0.1142081241
764.67627 18.9609767038825 0.9649000730 -0.1689629323
740.63401 20.5689674938009 0.9649000730 0.0000000000
664.38313 3.46430112791016 0.9651109463 0.0016427828
920.77017 20.0271059755271 0.9649000730 -0.0432623012
850.58149 6.18428849202841 0.9724527018 0.2901403437
590.34635 2.71744863036992 0.9724527018 32.1869158946
972.89537 21.2939994107217 0.9814133694 0.0741941342
810.71813 19.0531617797204 0.9814133694 1.6288709072
766.65553 17.2361887475667 0.9814133694 0.1047387839
740.52248 10.4417155448795 0.9896734484 0.0285506967
764.52248 10.0117698170554 0.9896734484 0.0846724436
836.77017 20.0263596233108 0.9938039583 0.1305188544
768.55378 12.8432310112672 0.9938039583 -0.0010804871
894.81203 19.8348260234993 0.9938039583 1.3677920126
654.56672 17.08224639763 0.9979346343 0.2726991044
580.49355 11.105666543637 0.9979346343 0.2571581873
927.81720 20.755136055392 0.9979346343 0.0073471585
