"m.z" "r.t" "p.value" "t.score"
157.14146 7.82 0.0000000001 -0.5515627174
325.17107 10.465 0.0000000001 -1.4550290068
268.15443 8.687 0.0000000001 -28.1958543783
216.06872 8.046 0.0000000001 -0.6493211956
209.03017 5.657 0.0000000001 -1.7727482583
240.15945 8.688 0.0000000001 -0.5470033819
155.15427 5.154 0.0000000003 0.4173344813
277.08920 2.364 0.0000000005 -0.2242061323
191.99763 10.928 0.0000000007 -0.5918044408
340.26912 12.54 0.0000000016 -0.5694233779
340.13251 6.956 0.0000000020 0.4260175493
311.15530 10.615 0.0000000089 -0.4636103422
174.14874 8.541 0.0000000216 -1.2294563208
253.09279 5.964 0.0000000557 -0.2222771217
401.15295 10.707 0.0000000971 -0.2424018625
289.22728 9.974 0.0000002073 -0.5414572026
272.13379 2.368 0.0000002866 -0.3202775580
445.81506 12.734 0.0000004931 0.0000000000
417.30441 12.205 0.0000005957 -2.5636928483
305.22233 11.03 0.0000009503 -0.2295170986
212.11807 9.798 0.0000009503 -0.7086314939
185.11830 12.558 0.0000017742 0.2829472957
207.12252 10.344 0.0000029063 -0.5217048012
331.95245 4.82 0.0000064962 -0.1913855108
338.11688 6.931 0.0000100248 2.6390736169
421.20414 10.379 0.0000136169 -0.3345817008
208.06134 11.426 0.0000158639 -0.1883846336
508.01346 5.713 0.0000269387 -0.4708462843
219.12255 11.03 0.0000637947 -25.0564137210
335.19002 11.609 0.0000909909 -0.4362508919
449.30468 12.874 0.0000980970 -0.2398161816
309.12663 11.904 0.0000956720 -0.1854228982
323.19003 11.58 0.0001083895 -0.2789973682
387.28674 11.884 0.0001127710 -0.1177847822
326.23230 10.263 0.0001167688 -1.9367801526
147.11266 1.298 0.0001727816 -0.2539741639
453.18585 12.336 0.0001949308 -0.2070179828
261.21717 11.699 0.0001949308 -0.2579778339
243.13377 10.443 0.0002094732 -0.3048488449
253.11829 6.707 0.0002094732 0.5503094170
266.06696 10.05 0.0002270849 -2.0991321338
489.16273 12.42 0.0002359969 -0.2796760219
165.04176 12.772 0.0002384635 0.2370598628
229.05791 5.313 0.0002895459 -0.2320936993
572.35541 12.497 0.0003058351 -0.4363695219
261.14835 12.903 0.0003204501 -0.2716293196
207.14907 8.611 0.0003280003 -0.2002280323
263.12129 11.682 0.0003436028 -3.0428782373
384.12233 6.947 0.0003598975 3.0622097127
165.06909 3.268 0.0003769126 -0.2043888982
267.17197 12.682 0.0003946773 -0.2808008013
102.95671 8.75 0.0003949295 0.2424606923
182.08107 8.577 0.0005187832 -0.2959271132
690.50885 12.897 0.0005550514 -0.1746002425
321.89751 4.849 0.0006435658 -0.6743792709
575.39459 12.631 0.0006347781 -0.1381232197
264.12424 11.817 0.0007250532 -1.8576922291
604.13812 8.48 0.0008092458 -0.8841054503
416.35181 10.38 0.0008271373 -0.2795437570
320.20668 12.357 0.0008271373 -0.5469190198
379.14916 11.813 0.0009222281 -0.1495767083
575.39471 12.566 0.0009840451 -0.1596612530
233.09932 6.804 0.0010273646 -0.1186604588
289.15454 10.891 0.0011193455 -0.6034938634
371.17238 10.818 0.0011520266 -0.2522179939
259.18052 10.234 0.0012188898 -27.3095591994
330.91568 12.664 0.0012716713 -0.1920059351
195.11263 6.089 0.0013265559 -0.1904970623
253.05434 6.017 0.0014734687 -0.2780900797
530.20775 7.351 0.0014429381 0.3091008595
379.97192 3.482 0.0014012074 -0.1031713679
207.07621 8.806 0.0014734687 -0.4684285234
111.02003 12.66 0.0014129915 -28.1079001067
269.12445 6.202 0.0015363232 0.2513098819
414.33618 10.38 0.0016016389 -0.3607258860
761.58417 12.508 0.0016352465 0.0000000000
186.11234 2.243 0.0017400018 -0.5655124997
302.01938 5.534 0.0018132298 -0.4335603487
88.98779 8.834 0.0018109281 -26.0161165605
379.17993 11.998 0.0018508963 -0.1991113139
286.20103 9.535 0.0019283944 -0.2013193556
437.93057 3.589 0.0020120926 -0.2067196260
360.99793 9.63 0.0021424332 -0.3367743903
569.26508 11.514 0.0021875716 -0.1320697445
166.08610 7.964 0.0022236957 -0.1942321625
705.82720 8.883 0.0026641860 2.1808277037
288.00378 4.675 0.0030007015 -0.9245684797
204.15923 8.684 0.0034420447 -0.0665545009
177.10193 10.234 0.0035097055 -0.1098855998
246.04396 9.126 0.0035692351 -0.0668910990
356.24298 12.717 0.0037200127 -0.1849302912
132.06535 4.662 0.0038665146 0.1907496131
229.15463 3.876 0.0038665146 0.2079505533
286.20099 9.676 0.0037926209 -0.1782801592
247.14414 10.417 0.0039417140 -1.2389671284
133.08570 7.047 0.0040182391 -0.1003154155
111.02019 7.619 0.0041753493 -0.0988775607
297.09353 5.148 0.0041753493 -0.6817061990
756.24129 8.822 0.0044214796 1.5672603957
377.91489 4.919 0.0045237806 -0.2478786514
83.03866 0.637 0.0045063997 0.1389715238
131.54204 0.971 0.0047701000 0.1043703445
119.52785 7.619 0.0047701000 1.0068655820
189.95895 3.192 0.0049535773 0.1033603886
356.24314 11.873 0.0051434138 -0.0341754473
323.14249 11.965 0.0052407764 -0.1827805900
105.03673 2.076 0.0056470947 -0.6012685032
344.20657 10.379 0.0056470947 -0.1158339621
480.15680 12.825 0.0057530169 -0.3262455278
239.14878 8.324 0.0057530169 0.1224385684
372.25891 11.165 0.0059702523 0.3401717194
162.07595 3.034 0.0063099800 0.1766987475
73.06475 7.028 0.0069150141 0.0556208883
190.15486 1.3 0.0070420979 0.2177562470
276.00379 4.592 0.0070420979 -0.1351965055
412.86265 1.253 0.0073025752 0.1728008443
136.04808 1.003 0.0077095150 0.1064907898
190.92841 8.648 0.0077080193 0.2304124332
139.03992 10.477 0.0078520582 -0.1760346366
379.19346 9.538 0.0084330721 -0.1162386911
190.92839 9.84 0.0086090454 0.1203544688
156.07664 1.417 0.0088958094 -0.1682354067
90.50687 7.619 0.0088958094 -0.1778462212
388.87366 2.809 0.0090939453 0.1039406296
225.07557 11.622 0.0093810955 -0.1067074744
188.16425 9.634 0.0093810955 -0.0868211994
242.28430 9.88 0.0098898607 0.1502662837
191.06606 11.966 0.0102425542 -0.1275155136
99.51218 7.619 0.0107925983 -0.1215696451
187.87337 8.733 0.0114886539 0.1171499555
415.54919 1.007 0.0119720373 -0.3120592158
694.92303 12.344 0.0119720373 -0.1153444883
168.07661 2.356 0.0119720373 -0.6926436948
178.05854 1.363 0.0126035413 -0.2821026233
240.11491 9.07 0.0130407600 0.2373279454
177.10207 3.9 0.0137217470 0.2720574965
245.12827 10.024 0.0141930091 -0.1078515836
434.15768 9.106 0.0141930091 0.2128015841
273.15962 10.88 0.0149266820 -0.2989460022
398.32649 11.304 0.0149266820 0.6321556014
361.18300 10.229 0.0151785592 -0.6919341664
230.98854 11.635 0.0156935651 0.1123144532
310.14136 10.22 0.0167698808 1.5642178677
331.09246 10.166 0.0176191251 0.1989601133
446.29603 10.761 0.0179104659 -0.1152291559
207.14903 10.244 0.0185058328 -0.0908662000
168.12290 3.516 0.0207281325 0.1116554960
238.09924 7.85 0.0207281325 0.0787247591
173.09203 1.034 0.0200706024 -0.2156719045
144.10184 1.135 0.0207281325 -0.6220304526
255.09499 7.907 0.0207281325 0.1887056724
115.07521 4.193 0.0200706024 -0.1527964677
223.11742 8.987 0.0200706024 -1.8586085801
199.96928 8.234 0.0195825836 -0.0971296416
203.00457 1.459 0.0202445140 0.1565741264
783.81581 0.699 0.0197487178 0.1663729318
336.85871 2.805 0.0212740000 0.1237709430
275.03886 11.955 0.0224547158 0.2603652829
583.15175 9.301 0.0227173940 0.4425374900
212.11265 2.743 0.0228146532 -0.1873885725
236.22177 12.503 0.0231795928 0.2222673740
193.09709 3.414 0.0231795928 0.6832090652
287.10956 8.45 0.0239247028 -0.1422555436
257.09938 9.828 0.0250812951 -0.0692165827
279.13399 9.833 0.0258789793 0.2485125390
118.05098 0.862 0.0271335337 -0.1295362233
158.08099 7.879 0.0279697934 -0.0571322723
174.04068 9.047 0.0284595765 -0.4806911118
778.20494 9.657 0.0289138242 -0.2957469880
328.16675 10.866 0.0298410703 -0.0808560399
217.04958 0.799 0.0302046299 0.2170920143
276.13611 4.661 0.0302046299 0.2196853913
647.41104 12.469 0.0311406136 0.0994679952
124.00731 0.904 0.0327777076 0.1893937421
215.86845 7.975 0.0327777076 0.0802288342
71.06032 9.925 0.0325912158 -0.1676897363
191.10249 10.256 0.0330874396 -0.1274233631
364.09756 6.636 0.0338100638 0.1335404034
276.00377 4.139 0.0340993102 -0.1292660043
699.36720 0.627 0.0348700971 0.1677368327
148.06036 0.977 0.0351375146 -0.3450824061
306.08103 11.419 0.0356666569 0.2363692430
226.12834 4.744 0.0356666569 -0.7562647013
205.10695 10.206 0.0362025813 -0.1357602212
272.16433 10.137 0.0372950450 -0.0693200335
272.94442 0.605 0.0372950450 0.0331219692
480.00681 6.217 0.0378517192 -0.2603263423
102.95673 5.012 0.0382220199 -0.1310911709
557.34613 12.217 0.0395643284 -0.0385830002
160.84199 11.608 0.0393985534 -0.2500411408
250.03838 8.012 0.0407422445 -0.0532070529
663.43469 12.755 0.0401496227 -0.3123400555
151.09639 3.899 0.0407422445 0.0728143379
276.10116 7.893 0.0407422445 -0.5491184174
310.11444 1.459 0.0412209249 0.1776575026
310.11444 1.452 0.0418440365 0.1773694959
317.18723 11.592 0.0431141990 -0.1011374519
158.09236 9.95 0.0438177177 0.1462988590
526.33502 11.108 0.0437614037 -0.1115823787
317.14938 10.984 0.0470869671 -0.1080815537
353.14236 11.998 0.0471217674 0.0883037462
114.06612 1.012 0.0457554411 0.1074091198
445.11963 12.49 0.0457554411 0.2539898322
257.09930 9.85 0.0470869671 -0.0898519166
189.08795 4.9 0.0471217674 -0.4643167063
461.80297 1.263 0.0470869671 0.1416326181
83.53570 0.571 0.0451016634 0.0558285594
466.81659 1.86 0.0471217674 0.1593824008
172.20593 8.813 0.0470869671 -0.1069275951
233.87537 2.909 0.0477648605 0.0953919411
291.20673 10.714 0.0498479394 -0.8020703096
136.04800 1.494 0.0498479394 0.1402193846
518.83193 1.289 0.0506965804 0.1675200384
281.07666 10.459 0.0512785604 0.2259819450
187.08647 12.053 0.0520066637 -0.1570497335
232.05761 9.265 0.0521887839 2.1461768453
187.87340 8.427 0.0521887839 0.0909393349
111.02014 10.424 0.0527433949 0.0808754921
110.54134 1.31 0.0527433949 0.1145534154
738.44891 12.651 0.0534888288 -0.2916695430
251.17527 9.996 0.0542430405 -0.1750346816
235.12873 7.948 0.0550061054 0.1505795853
217.11826 7.86 0.0573491754 -0.1347964458
193.09712 6.272 0.0565590970 0.2013421916
418.16272 8.633 0.0573491754 0.1759796067
128.03523 4.581 0.0568873484 0.1058655371
182.98610 9.194 0.0568873484 -27.9695894887
146.96100 1.206 0.0593655437 -0.0497443872
242.02522 10.323 0.0593655437 -0.1735170154
256.10980 7.843 0.0597746562 0.2006221310
231.07733 11.943 0.0610669392 0.0802077337
206.10229 7.942 0.0614384480 0.2378167310
80.97482 3.003 0.0636946035 0.0417734536
200.10289 1.337 0.0648811385 -0.1422055638
139.53088 1.201 0.0657662441 -0.1763501309
266.08820 1.001 0.0654977421 0.0943180685
180.01162 0.852 0.0666612786 -0.1622035574
101.07896 2.801 0.0666612786 0.6789517812
353.26603 0.658 0.0703422700 0.1465944784
180.97290 1.07 0.0701902966 0.0971092639
181.05831 4.499 0.0694067374 -0.2912901831
382.34265 11.093 0.0684814469 -0.1077809361
695.42517 12.546 0.0694067374 -0.0785690883
104.03526 0.832 0.0692303362 -0.0541650270
197.15340 12.767 0.0703422700 -0.1277591969
88.04027 1.037 0.0682811857 -0.4000984613
210.13340 6.021 0.0675663201 0.0539091615
264.07714 0.994 0.0701902966 -0.1491737134
172.07175 9.946 0.0684814469 2.5360613581
721.86372 0.651 0.0692303362 0.0583010477
85.02833 1.167 0.0694067374 0.0913731117
100.07559 2.81 0.0712881234 0.4819189688
128.04539 9.945 0.0741883955 0.5876798757
504.99519 10.333 0.0741883955 -0.0830022060
289.06943 3.383 0.0741399480 -0.0268965279
242.13058 8.916 0.0751763199 28.1095036003
117.06976 7.935 0.0751763199 -0.0505411990
175.04773 9.931 0.0751763199 0.0941811576
316.94798 0.643 0.0751552416 0.1070064977
245.16055 5.096 0.0741883955 -0.1803387737
290.13863 10.97 0.0751763199 -0.2423254072
353.16799 1.006 0.0751552416 -0.1220130512
229.56251 1.002 0.0761749595 0.0317111902
390.87042 6.254 0.0761818592 -1.8810791125
396.45639 11.969 0.0761749595 -0.1145825007
215.17541 7.058 0.0771843934 -0.2276810899
175.11892 1.026 0.0782047007 -0.1075687715
258.15450 8.641 0.0792359608 0.3576410301
160.13321 5.706 0.0802782528 -0.3409516606
102.95674 5.952 0.0804032894 0.1282126074
416.37491 11.688 0.0825841862 -0.0773360194
160.93532 9.172 0.0825841862 -0.0553276096
204.12289 1.12 0.0823962499 0.0849214846
239.09126 11.735 0.0834721137 -0.0515814716
428.05961 8.554 0.0845593267 -0.6241621114
200.54568 1.004 0.0845593267 -0.1961161968
120.06550 0.875 0.0856579683 -0.1478305945
146.93846 9.294 0.0859451979 0.1023988290
162.83902 11.979 0.0870897910 -0.3971703984
289.06771 9.654 0.0870897910 -0.5451117170
324.09111 12.039 0.0882466557 0.0749976253
329.08807 11.946 0.0882466557 0.2587982409
188.93295 2.197 0.0882466557 0.1100596029
354.93174 12.592 0.0890232579 0.1194001928
239.12775 12.444 0.0901684070 -0.1336150398
279.11598 10.313 0.0901684070 -0.0808268533
285.97708 9.15 0.0905975446 0.7967579200
210.13344 8.407 0.0913253810 0.0622026505
153.06584 9.4 0.0913253810 0.0687456181
336.85849 10.106 0.0917917408 0.2288617266
258.11248 9.938 0.0924942592 0.2124580572
264.19561 6.634 0.0924942592 -0.0806196383
145.06186 0.91 0.0929985528 0.0797800098
232.93500 9.648 0.0942180667 0.1128459081
302.23231 9.527 0.0948680440 0.2829820301
106.04982 0.84 0.0972903932 -0.1327447808
83.03560 0.578 0.0985199764 0.0329174886
228.07861 8.707 0.0985199764 1.0752868042
525.28825 10.405 0.0985199764 -0.0343892028
691.06024 9.046 0.1005091620 -0.1013691520
245.07683 8.42 0.1010163531 -0.0638554956
195.12266 6.237 0.1010163531 0.0249939758
256.01510 9.976 0.1022833034 -0.0976373105
129.93629 10.623 0.1018066846 0.1404227645
290.13862 11.042 0.1022833034 -0.3422012510
793.36467 9.087 0.1035628660 -0.1479315978
432.04721 8.318 0.1048551190 0.3467395391
132.07667 1.015 0.1048551190 -0.0874247144
422.92822 10.675 0.1061601402 0.1394070871
785.50444 12.594 0.1061601402 -0.0895283892
308.18542 9.698 0.1061601402 -0.0710760240
170.15375 8.756 0.1088087981 -0.0335468453
307.11092 12.054 0.1115094591 -0.3092351288
151.06264 11.301 0.1115094591 0.1526683828
305.14947 10.889 0.1128794835 -0.1055127810
294.20617 9.687 0.1142627395 -0.1169230875
258.91571 10.016 0.1140930320 0.1278269035
231.08377 4.726 0.1156593036 -0.4463668984
272.95899 0.639 0.1155273500 0.0886610660
302.01923 4.916 0.1156593036 -0.2222660220
113.03078 1.938 0.1170692519 0.3017014118
231.06209 9.352 0.1184384867 29.8148960773
188.94906 1.465 0.1184384867 0.0964599533
382.14517 12.078 0.1199154701 0.0990216287
386.29016 12.02 0.1213801606 -0.0079073424
209.83365 4.953 0.1214068397 0.1298328208
159.05110 3.693 0.1228444027 0.2694018655
113.03080 1.937 0.1228444027 0.3025471408
262.18017 8.577 0.1243224061 -0.0813504501
130.06211 1.029 0.1244330631 -0.1525348235
212.07631 2.342 0.1243224061 -0.1007155006
276.11887 5.255 0.1243224061 0.0487760428
437.23540 10.424 0.1288397268 0.2079842876
271.18060 10.852 0.1288397268 0.2004261533
282.11969 8.251 0.1288397268 -0.0577353671
189.13456 6.238 0.1288397268 -0.0085479380
331.17529 11.712 0.1288397268 -0.0988392918
248.96050 0.661 0.1306617110 0.0916701038
290.15961 6.066 0.1303735166 0.3796299342
299.01967 4.218 0.1334835602 -0.2798175012
405.01419 1.275 0.1322560487 -0.0882527383
698.16849 9.637 0.1334835602 0.1455249193
667.32529 0.715 0.1319214369 0.1826230521
79.51944 1.507 0.1334835602 -0.0562230997
379.28156 0.626 0.1334835602 0.0840643483
91.50454 9.41 0.1382558706 -0.1105790263
107.04896 8.69 0.1382558706 -0.0325187425
146.93845 2.351 0.1421404149 0.1163546226
203.04026 4.626 0.1448221392 -0.2656435083
370.07339 6.623 0.1448221392 -0.1508664196
178.09029 4.179 0.1481936173 -0.0422169657
258.12554 8.709 0.1481936173 0.0655049259
465.12645 12.602 0.1516247262 -0.2152208108
439.28392 12.663 0.1516247262 -0.6440415510
435.19839 11.83 0.1508027221 0.0661813596
187.99651 0.829 0.1525824871 -0.0658995446
345.07272 11.44 0.1525824871 0.1998228133
189.12329 3.624 0.1533628116 0.1590018373
141.06581 4.488 0.1551160072 -0.2586218216
333.14431 9.911 0.1551160072 -0.0932124461
231.93167 11.489 0.1543781916 0.0422493402
612.88161 0.614 0.1551160072 0.0285209173
111.52172 12.498 0.1568843792 0.0530217699
427.09502 6.181 0.1586679934 -0.2307433278
127.05112 0.93 0.1617218421 0.0222121149
170.11762 6.354 0.1604669151 -0.3333113741
173.92616 11.435 0.1598616624 0.0681561413
477.00025 10.29 0.1622812090 -0.0442208569
89.05965 3.335 0.1622812090 -0.0475570547
145.08582 10.901 0.1622812090 -1.2173222214
243.11284 11.056 0.1604669151 0.2667452159
255.82207 3.971 0.1617218421 0.0643915747
307.24774 12.579 0.1641109392 -0.1345674256
198.04960 1.023 0.1674004282 -0.1701785992
321.89737 5.269 0.1654911562 -0.0545248773
188.94916 1.43 0.1654911562 0.0920019332
156.96584 6.254 0.1641109392 -0.0177401838
197.06686 8.384 0.1659561692 -0.3084008448
150.05492 9.579 0.1678169619 0.0624117658
278.17495 7.936 0.1678169619 0.0321437281
226.95144 0.643 0.1678169619 0.0663184799
689.95621 12.574 0.1659561692 0.1023268801
260.16772 11.756 0.1678169619 -0.1798015719
219.19531 12.438 0.1696933796 0.3028268063
143.10651 6.511 0.1696933796 0.1388055136
179.05607 7.974 0.1712685413 0.3566746009
195.99212 3.004 0.1712685413 0.0740679376
397.11301 1.167 0.1734933360 -0.0631656583
145.04935 0.994 0.1754169960 -0.1131085390
145.04945 1.0 0.1754169960 -0.1131085390
278.19036 9.315 0.1773565237 -0.3049460740
296.20090 9.244 0.1773565237 -0.3026842992
186.11247 5.226 0.1793119782 -0.3024729448
223.98822 12.487 0.1812834177 -0.2470702508
117.09095 7.027 0.1852744815 -0.0311260858
179.09099 9.09 0.1852744815 0.0596020260
508.35937 12.585 0.1832708998 0.2170686356
85.02830 0.999 0.1852744815 -0.0677217721
98.98413 2.329 0.1852744815 -0.0775169877
81.52054 0.787 0.1852744815 0.0821964675
247.03088 1.446 0.1874115211 0.1667917773
295.07913 5.605 0.1874115211 -0.1206761297
612.85868 0.702 0.1895058707 -0.0363397886
384.11905 1.015 0.1893301676 -0.0666745168
176.12800 11.055 0.1893301676 0.7280108207
130.08616 0.963 0.1913823821 -0.1944213824
320.13331 1.017 0.1913823821 0.0960473360
440.22751 8.348 0.1913823821 0.4240573518
227.89438 8.954 0.1916174180 0.0859877135
269.08932 8.607 0.1934509164 -0.1032770008
250.17998 6.152 0.1934509164 -0.0424243013
180.06532 8.396 0.1955358237 0.1188587383
414.30011 11.739 0.1955358237 -0.0449404788
374.59629 1.031 0.1955358237 0.1449881639
173.09307 1.007 0.1958923386 -0.1246859966
288.21670 9.624 0.1976371562 0.0129502998
642.31799 0.711 0.1976371562 0.0295986535
267.84787 4.643 0.1980558263 -0.0427070975
209.13823 7.93 0.1976371562 0.0393041785
159.07629 1.01 0.1997549656 -0.0377002331
259.09244 5.411 0.1997549656 0.1534564041
178.08377 9.047 0.1997549656 0.0572771202
173.92615 11.13 0.2024351359 -0.0007899889
211.10753 8.605 0.2040402170 0.2717113496
426.21209 8.442 0.2040402170 -0.0688164942
440.29200 12.712 0.2040402170 -0.7973462646
307.85583 8.541 0.2046510668 0.0776584521
137.04564 10.098 0.2062077581 0.0157386347
447.89196 1.202 0.2062077581 0.0539588143
101.01674 5.642 0.2062077581 -0.0005110078
487.28036 11.49 0.2083919741 -0.1038529806
233.07664 7.143 0.2083919741 -0.1022531482
255.82197 4.751 0.2114045980 0.1054738674
551.22772 8.55 0.2105929122 0.1033301849
349.60466 1.028 0.2105929122 -0.0764170662
174.12357 5.985 0.2105929122 0.1277314207
231.93157 9.376 0.2114045980 0.0575989996
309.18077 10.914 0.2128106192 -0.0839366938
522.20241 6.584 0.2150451404 0.1765982894
257.11322 8.472 0.2150451404 0.0969329928
160.07973 4.375 0.2150451404 -0.2099934864
780.21934 9.608 0.2150451404 0.0469771831
196.14204 0.68 0.2172965208 0.0353949581
412.19637 8.44 0.2172965208 -0.0692704198
294.20602 6.275 0.2195648041 -0.0418876551
217.04941 1.246 0.2195648041 -0.0721392390
711.06927 2.468 0.2195648041 0.3481016560
134.89444 9.219 0.2183178014 -0.0246270972
275.05621 0.754 0.2230159565 -0.0168050319
487.30560 11.514 0.2230159565 -0.0750132069
97.02831 0.999 0.2241522502 -0.1293250147
204.01919 9.981 0.2264714960 -0.0388116652
180.08652 1.003 0.2264714960 -0.0717695243
168.12286 3.898 0.2264714960 0.0883396878
112.98560 0.672 0.2277860221 0.0736185117
179.09351 9.273 0.2288078107 0.0806938325
232.15429 4.856 0.2288078107 0.1184033680
93.07378 0.817 0.2311612335 -0.0164081378
672.85934 0.671 0.2301981309 0.0630525731
146.05992 10.774 0.2311612335 -0.0877811744
190.92833 2.326 0.2326283465 0.1345254684
314.34186 10.586 0.2335318025 -0.1097714122
103.04006 2.128 0.2350767097 0.3966672627
437.23557 9.826 0.2359195548 0.0053843920
146.96129 2.582 0.2359195548 0.0633750812
279.17010 9.088 0.2383245266 0.0679196044
310.21667 9.245 0.2383245266 -0.3112162237
220.98079 11.494 0.2375432602 -3.1320668458
245.21100 12.02 0.2407467530 0.0400521593
169.09472 0.91 0.2407467530 0.0013852047
99.09158 0.871 0.2407467530 0.1434089106
325.20100 11.795 0.2481172965 0.0172128774
375.16199 11.717 0.2456431054 -0.0154359241
102.12759 12.537 0.2481172965 -0.2340822653
185.09192 7.552 0.2481172965 0.0188661810
279.11602 12.082 0.2456431054 -0.1606047466
258.91731 1.113 0.2450524158 -0.0673765435
312.21699 8.835 0.2481172965 0.3898721145
507.57935 0.991 0.2481172965 -0.0277740715
287.07730 9.604 0.2450524158 0.0148774028
308.20098 9.244 0.2481172965 -0.2166625208
242.98245 7.562 0.2481172965 -0.1334506030
261.18080 11.062 0.2431862683 1.7658656178
346.08652 8.44 0.2450524158 -1.0088257014
206.02797 12.026 0.2450524158 0.0525107424
92.04305 1.438 0.2527265770 0.0825568627
102.95662 5.572 0.2527265770 0.1042723340
319.00836 0.533 0.2553214542 0.0150807324
326.70016 9.515 0.2556442978 0.0728208495
133.06070 0.894 0.2556442978 -0.0758651994
652.35148 0.688 0.2581882039 0.0635444623
153.12730 10.118 0.2581882039 -0.1097743745
130.04974 4.011 0.2607496081 0.0881801693
397.17136 10.833 0.2605666277 -0.1494143230
107.07014 1.305 0.2607496081 0.0820907417
154.12262 4.195 0.2607496081 -0.0383967869
297.98584 10.886 0.2633285361 0.0642313321
451.21470 10.875 0.2659250122 0.0648255006
140.07027 1.006 0.2659250122 0.0678805882
189.14840 10.117 0.2659250122 -0.0255470656
150.12764 10.599 0.2685390599 0.0361429244
564.35886 10.759 0.2711707013 -0.0141742234
190.92843 10.84 0.2767474412 0.0203711468
90.05492 0.83 0.2764868481 -0.0374184859
197.80798 4.227 0.2767474412 0.0592133511
255.04329 11.107 0.2764868481 0.0885608044
311.00018 10.361 0.2795094316 0.0360907262
105.05448 1.968 0.2791713921 0.3600843007
261.94159 4.797 0.2822901020 -25.3633481921
204.12297 0.92 0.2818736070 0.0651419524
209.09206 9.067 0.2845935091 -0.0323901871
297.98564 9.851 0.2845935091 0.0314677819
102.95672 6.736 0.2850894699 0.0636612107
138.05484 4.812 0.2845935091 0.1671316315
153.06571 9.803 0.2873311135 0.1657601166
348.10080 8.211 0.2873311135 -26.8761916658
434.21735 8.685 0.2873311135 0.0177694526
104.10691 0.751 0.2873311135 0.0233759720
269.02976 10.317 0.2900864342 -0.0318774003
201.02649 10.16 0.2907443621 0.0707728670
415.25378 9.765 0.2928594839 -0.0059218518
132.99174 11.641 0.2935999147 0.0409848298
176.06577 1.113 0.3041291842 0.0444810173
408.08248 9.042 0.3012851159 0.0295257239
171.02739 2.092 0.3022791404 0.3132313151
97.02825 1.049 0.3012851159 -0.1138332411
113.09592 6.146 0.2984588151 0.1728499460
166.94304 3.234 0.3041291842 0.0153917258
118.06085 1.015 0.3012851159 0.0945114475
114.09122 5.331 0.3041291842 0.2277548191
198.09718 1.002 0.3041291842 -0.0451261232
227.17524 7.949 0.3041291842 0.0380835951
780.21936 9.632 0.3041291842 0.0404721295
147.11269 2.171 0.3069910266 -0.0097583750
196.09662 9.84 0.3069910266 -0.0352730343
308.20093 9.228 0.3098706483 -0.1007603137
332.24300 9.924 0.3098706483 0.0337182306
360.02505 8.292 0.3098706483 0.0673707868
393.11557 10.785 0.3127680533 0.1053720984
409.06754 1.095 0.3141144106 0.0933381301
401.24885 9.151 0.3156832441 0.0936796926
236.58849 1.017 0.3156832441 -0.0816851031
365.10514 4.803 0.3156832441 -0.2449858179
231.93170 11.761 0.3141144106 0.0283957488
125.87298 8.404 0.3171202211 0.0402714703
173.10430 1.503 0.3171202211 -0.0234251628
129.06569 0.987 0.3186162223 0.0279364197
199.06869 9.063 0.3215669878 0.0573668308
199.09645 9.587 0.3215669878 0.0895300998
200.07224 9.616 0.3215669878 0.0247365241
197.12923 6.244 0.3245355394 0.0522363323
255.82195 4.296 0.3231882447 0.0643413328
87.05520 0.896 0.3245355394 -0.0459406854
632.05529 1.0 0.3245355394 0.0109196260
246.16996 5.941 0.3245355394 0.0307053377
322.12982 12.527 0.3275218746 0.0302583482
116.92850 12.983 0.3293314598 -0.0563122593
199.06892 9.647 0.3305259895 0.0580712318
108.04423 11.408 0.3305259895 0.0058186282
198.12756 10.512 0.3335478789 0.0003575395
396.31046 11.517 0.3335478789 -0.1021746463
367.10513 0.988 0.3355498319 -0.0902280874
193.10697 8.321 0.3365875362 0.0824575194
367.10526 0.978 0.3386871844 -0.0902897108
583.16022 8.649 0.3396449534 0.0686289375
190.92831 11.975 0.3418433023 0.1039433160
459.28007 10.076 0.3427201214 -0.0054817327
324.99643 2.073 0.3450181745 0.0503913869
89.05968 2.623 0.3489236657 -0.0478213291
272.17023 7.569 0.3489236657 0.0206921498
553.88232 12.299 0.3520520167 0.0443659899
239.01644 1.016 0.3514241296 0.0482296482
726.82403 0.698 0.3520520167 0.0642636388
582.15788 10.23 0.3551980676 0.0956468858
191.08147 10.173 0.3551980676 0.1154017266
190.92842 8.022 0.3546551826 0.0678689471
111.02000 9.054 0.3551980676 -0.0404721762
322.94348 10.845 0.3579049302 0.1068753103
582.15797 10.491 0.3615432035 0.1115947392
249.10805 2.365 0.3615432035 -0.0604174458
239.01650 0.999 0.3611733534 0.0481615881
119.07014 6.478 0.3647422519 0.0121418798
368.27930 10.977 0.3647422519 0.3060880563
421.20432 9.899 0.3647422519 0.1022988311
128.04530 10.421 0.3647422519 -0.0830375365
209.06660 1.251 0.3677661439 0.1945083463
91.00367 9.096 0.3677661439 0.0101256789
191.98266 0.935 0.3711932082 -0.0879187485
165.07559 2.494 0.3777144914 0.0701244273
333.09137 11.511 0.3777948366 -0.0352166296
230.24769 11.321 0.3744450711 0.0139046096
551.22836 9.747 0.3744450711 -0.0091834474
235.96117 3.8 0.3777144914 0.0101114897
508.08591 1.012 0.3777144914 0.0041346880
416.28513 11.536 0.3777144914 -0.1518425346
225.93234 3.726 0.3777144914 -0.0134537396
133.09701 9.684 0.3744450711 0.0090780250
111.02004 12.395 0.3777144914 0.2588171002
233.12847 10.953 0.3810014433 0.1771254331
180.06885 1.005 0.3810014433 0.1282349356
213.03271 11.009 0.3843058992 0.0516616105
659.33848 0.69 0.3843058992 -0.0171194239
328.24829 9.581 0.3843058992 0.0087447767
190.11859 1.167 0.3876278303 0.0272433890
520.33185 10.388 0.3876278303 -0.0148335412
227.03508 9.688 0.3876278303 -0.0452399170
300.20181 8.715 0.3876278303 0.0035010581
183.09899 6.515 0.3876278303 0.1570213094
206.10211 8.266 0.3909672062 0.0602835157
220.14418 9.691 0.3909672062 0.0189024998
317.05572 7.921 0.3909672062 0.0909932683
344.22784 9.107 0.3909672062 -0.0229549980
202.01221 0.86 0.3948794833 -0.0449028020
328.24808 10.663 0.3943239951 0.1169211893
258.15462 8.299 0.3976981639 -0.0137350400
115.03993 0.99 0.3983516457 0.0809255228
473.97051 0.82 0.3983516457 -0.0766130461
189.15960 1.36 0.3976981639 0.0886249787
175.09635 5.995 0.4010896778 0.0290727964
221.15347 12.88 0.4010896778 -0.0899927107
437.21277 12.146 0.4010896778 0.0246877501
317.05589 8.206 0.4079245952 0.0728773437
209.94902 5.841 0.4053509096 -0.0010896494
454.24306 9.525 0.4079245952 -0.0001136876
284.17015 9.68 0.4044985008 -0.1847990903
252.12307 9.556 0.4044985008 -0.0324864196
209.10183 7.667 0.4079245952 0.0425003045
118.08623 0.915 0.4079245952 -0.0524071251
447.08203 1.032 0.4079245952 -0.1152910365
117.08494 1.011 0.4044985008 0.0367635960
371.12243 11.684 0.4148284406 0.1056570623
307.11093 11.428 0.4148284406 -0.1657488461
458.98352 1.44 0.4159865348 0.0961259590
86.05991 1.918 0.4183061091 0.0364246854
190.92841 8.49 0.4231675852 0.0678137119
549.21370 9.63 0.4231675852 0.4980545872
199.10770 8.742 0.4253127203 0.0615737878
199.03354 0.882 0.4267851572 -0.0705227814
426.35752 12.401 0.4288415718 0.0448596010
582.15784 9.692 0.4288415718 0.0665366867
130.05081 0.9 0.4304206928 0.0807564393
582.15729 9.277 0.4323873904 0.0512988632
387.11466 5.628 0.4340741393 -0.1445640453
311.12905 0.991 0.4340741393 -0.1180730963
176.10292 0.994 0.4359501267 0.0078310046
294.14084 3.52 0.4395297300 0.1574968908
486.24869 9.759 0.4395297300 -0.0537662540
147.05113 9.687 0.4395297300 -0.0792336236
275.21163 9.852 0.4431261479 -0.2815613510
201.03806 1.449 0.4414345456 0.0474820166
101.02432 0.988 0.4414345456 0.0487382561
324.19171 10.394 0.4431261479 0.1910272013
149.11722 7.029 0.4431261479 0.0037154136
321.13092 8.71 0.4467393266 0.0029397419
163.06002 1.001 0.4467393266 -0.0509667114
219.96644 7.563 0.4467393266 -0.1017290946
780.21894 9.092 0.4467393266 0.0391455755
167.09123 2.306 0.4467393266 -0.0535646108
221.05066 7.947 0.4503692107 0.0556940776
179.05488 1.986 0.4503692107 -0.1012260243
171.09920 7.29 0.4540157436 0.0610679061
719.96772 12.469 0.4540157436 -0.0513791106
126.10252 0.936 0.4576788668 0.2752355893
126.97144 0.943 0.4576788668 -0.0021483408
208.10014 4.098 0.4613585206 -0.0012392013
379.14947 11.1 0.4613585206 0.0910798355
140.07022 1.01 0.4613585206 0.0532223122
352.16861 12.568 0.4613585206 0.0191445744
140.07021 1.019 0.4650546437 0.0526357157
135.10161 5.036 0.4650546437 -0.0078718066
410.56647 0.991 0.4650546437 0.0084281682
217.05670 5.627 0.4687671735 -0.0083347008
263.17526 10.779 0.4687671735 -0.0901215436
515.56788 1.001 0.4687671735 0.0212125901
303.20673 9.547 0.4687671735 0.0051500911
131.07020 9.176 0.4724960457 0.0037399339
383.24276 12.069 0.4762411945 -0.0282257816
201.98379 6.282 0.4762411945 0.1371985545
291.20654 9.885 0.4762411945 -0.0331407531
418.95567 10.374 0.4837800518 -0.0196044289
221.05068 9.929 0.4837800518 -0.0145871269
128.95069 2.586 0.4837800518 0.0540287214
506.20748 7.308 0.4837800518 -0.1857644071
504.99520 10.63 0.4875736214 -0.0444860064
89.02439 1.449 0.4870695510 0.0500796922
214.03322 0.96 0.4870695510 -0.2044196128
126.97134 0.92 0.4913831900 -0.0023949606
161.09203 4.717 0.4913831900 -0.1277753726
219.13381 10.095 0.4913831900 0.8878597865
202.17990 9.685 0.4952086844 0.0185363079
237.08673 7.957 0.4990500299 -0.0105359952
348.89496 2.036 0.4988639531 0.0794910634
189.08695 10.311 0.4990500299 0.0133494721
180.10164 9.656 0.5029071506 0.0126518694
345.07263 11.048 0.5028288857 0.1248900096
145.07600 10.718 0.5029071506 0.0043521742
250.18018 7.42 0.5145723800 0.0224772244
91.05396 9.695 0.5106684054 0.0136335648
159.07617 9.025 0.5106684054 0.0176296085
305.09646 11.916 0.5108084461 0.0083688924
196.09682 7.784 0.5145723800 -0.0433338207
421.16730 12.055 0.5145723800 0.0031996426
271.09953 11.391 0.5145723800 0.0158180375
490.28535 11.201 0.5106684054 0.1181456790
145.12218 6.4 0.5106684054 0.1000990292
265.11811 10.779 0.5106684054 -0.4381832010
439.68412 3.58 0.5068104120 0.0482941464
303.22939 0.639 0.5106684054 -0.0234291805
220.11785 6.676 0.5145723800 0.1304712389
269.08792 0.988 0.5148229004 0.0579138692
95.01369 0.988 0.5068104120 -0.0504490741
209.83376 3.865 0.5188536858 0.0134335494
159.07624 9.146 0.5224266138 0.0193056250
190.92835 1.975 0.5229007114 0.1042638928
317.05597 8.648 0.5224266138 0.0364313573
152.03747 0.922 0.5224266138 0.0464161031
187.94177 12.093 0.5269638849 0.0924123563
302.06729 10.869 0.5263767046 0.0083572410
146.96114 0.743 0.5310431122 0.0280276935
87.04396 1.983 0.5303419967 0.1026725820
120.08070 7.05 0.5423281958 -0.0253720114
129.05452 7.943 0.5423281958 0.0435850244
76.07560 0.762 0.5423281958 -0.0072913042
256.16943 9.741 0.5423281958 -0.0514711370
370.07357 5.901 0.5423281958 0.1585447305
377.14150 10.798 0.5383178323 0.3069859798
250.17998 7.782 0.5383178323 0.0076702183
419.04828 1.448 0.5392493440 0.0374760503
162.07594 1.02 0.5423281958 0.0049199639
349.08928 10.373 0.5383178323 0.0110384962
314.23240 10.038 0.5463534006 0.2477967374
313.01459 8.756 0.5463534006 0.0299327073
178.09031 10.06 0.5463534006 0.0537206631
450.01277 1.949 0.5463534006 0.0514535346
276.19543 8.459 0.5503933534 0.0336343755
200.07205 9.032 0.5503933534 0.0609850303
270.19113 8.84 0.5585171210 -0.0050482404
247.08243 10.759 0.5558501355 0.1182425313
385.90170 1.566 0.5585171210 -0.0056009815
207.01410 0.908 0.5585171210 0.0579459298
412.30566 11.373 0.5544479590 -0.0434382513
184.04007 6.249 0.5585171210 -0.0122913913
177.14837 10.693 0.5585171210 0.0085686233
169.97727 2.61 0.5544479590 -0.0168117517
279.01201 9.316 0.5585171210 0.0042803640
172.13321 4.594 0.5544479590 -0.0550367577
87.00860 1.205 0.5600389705 -0.0634987252
258.10995 0.974 0.5666987216 0.3165383643
783.57184 12.247 0.5666987216 -0.0309404200
161.04539 1.564 0.5726965010 0.0445599953
567.39009 0.618 0.5708109602 0.0383262699
125.02431 1.208 0.5726965010 0.0475234283
203.01723 1.563 0.5726965010 -0.0051062599
229.11827 0.988 0.5708109602 0.1367081620
399.49400 1.286 0.5708109602 -0.0398075264
181.06275 0.995 0.5854882430 -0.0719510202
652.33835 11.955 0.5874004396 0.0090500417
131.04616 0.888 0.5769456529 -0.0273236092
209.83377 4.275 0.5812096052 0.0024339419
223.96317 2.425 0.5790778039 0.0149482898
277.15562 9.231 0.5812096052 -0.0114089841
231.17020 3.973 0.5832322007 0.2391303876
145.07600 11.109 0.5749373555 -0.0006479195
524.15241 10.436 0.5874004396 0.0096404565
179.08471 6.26 0.5790778039 0.3019126511
297.04541 6.041 0.5854882430 -0.0019950005
343.12322 5.46 0.5790778039 -0.0240858763
509.38014 12.432 0.5874004396 0.0044223311
427.21881 10.726 0.5812096052 0.0069189350
113.02429 0.991 0.5769456529 0.0253253926
328.10279 10.232 0.5749373555 0.0002122152
243.75525 3.939 0.5854882430 0.0363177667
706.32819 8.954 0.5874004396 0.3280679730
332.19155 8.904 0.5832322007 -0.0133386503
226.08222 7.649 0.5915824130 -0.0529042792
382.58487 0.991 0.5915824130 -0.0179402908
635.06930 10.43 0.5915824130 -0.0477445607
244.15546 11.136 0.5984111006 -0.0072430997
449.11725 0.993 0.5999871262 -0.0246878883
297.98553 8.106 0.5957780120 -0.0546644253
172.09669 9.97 0.5957780120 0.3168027939
127.03885 1.001 0.5957780120 0.0023132812
183.07790 9.596 0.5999871262 -0.0423795707
444.99817 11.416 0.5984111006 0.0073116164
116.07055 0.913 0.5999871262 -0.0021821197
245.09525 8.796 0.5999871262 0.1376510940
188.06636 9.702 0.6042096440 -0.0610110449
182.10223 1.084 0.6042096440 -0.0114497105
213.12320 2.188 0.6042096440 -0.0402651574
102.05483 8.933 0.6042096440 0.0223232931
249.02274 11.666 0.6114618538 -0.0170775920
617.28564 8.799 0.6126944369 0.0229903725
311.00024 10.987 0.6114618538 0.0131855110
347.84913 2.085 0.6126944369 0.0025839915
584.16293 9.677 0.6084454523 -0.0005310625
635.06932 10.199 0.6084454523 -0.0437127340
256.93816 2.426 0.6126944369 -0.0242133855
632.05540 0.993 0.6126944369 0.0612938678
147.07643 0.914 0.6084454523 0.0988176735
307.11091 10.806 0.6126944369 0.0034726876
417.03007 9.815 0.6169564820 -0.0107617200
290.26883 12.224 0.6169564820 -0.0987481941
187.04184 1.45 0.6158399520 0.0194516498
132.10186 1.065 0.6169564820 -0.0236637039
360.96807 11.999 0.6212314707 0.0119467556
180.13815 10.712 0.6255192847 -0.0091911447
233.16465 9.864 0.6255192847 -0.0798927847
476.30655 10.048 0.6298198044 -0.0090139994
158.11745 10.092 0.6298198044 0.3629887290
309.11905 9.619 0.6290560138 0.0083536825
493.13580 8.792 0.6298198044 -0.1904636728
229.56254 1.202 0.6341329088 0.0200416564
206.10331 0.816 0.6334881913 0.1479503232
502.85944 1.678 0.6334881913 0.0801440695
793.36499 8.806 0.6341329088 -0.0022509988
296.95007 11.91 0.6334881913 0.1868582638
111.08028 10.089 0.6384584759 -0.0386856425
88.07557 0.874 0.6384584759 0.0672675345
298.05252 1.172 0.6384584759 -0.0040450483
440.02592 5.068 0.6379335609 -0.0253686542
177.08682 8.887 0.6427963821 0.0261217234
261.14441 5.814 0.6515087122 0.1206515386
206.10339 0.808 0.6513474758 0.1412102889
185.00655 4.81 0.6468633392 -0.6586281660
319.20160 9.052 0.6515087122 -0.0047797368
409.08652 10.494 0.6515087122 0.0522930490
108.94851 0.711 0.6515087122 0.1075097312
725.33099 11.1 0.6515087122 -0.0162988780
209.06651 1.5 0.6513474758 0.1782480192
147.07632 5.289 0.6558828829 -0.0250927716
104.07053 0.875 0.6558828829 0.0019866965
286.17993 9.975 0.6558828829 0.0183603722
233.10721 6.699 0.6558828829 0.0052258796
388.25410 9.464 0.6558828829 -0.0123501246
165.01913 9.687 0.6603535533 0.0187283169
115.03881 4.262 0.6602688865 0.0097746513
265.15854 9.744 0.6646665935 -0.0025707722
725.33091 10.798 0.6646665935 -0.0051551993
149.04551 1.551 0.6648752137 -0.0215489247
327.93213 5.808 0.6648752137 0.0584676871
276.14394 5.173 0.6690758729 -0.0278988108
217.03298 1.411 0.6694090995 0.0544735068
135.02986 1.549 0.6694090995 -0.0794508937
333.11538 10.392 0.6690758729 0.0269669028
90.52582 0.761 0.6690758729 -0.0325194533
316.04492 9.022 0.6739550669 0.0356479767
177.11198 6.256 0.6734965928 0.0060443904
157.01166 1.778 0.6739550669 -0.0252130187
88.11195 0.79 0.6734965928 -0.0668642292
171.14906 0.951 0.6734965928 0.0193807695
161.04543 0.992 0.6785129712 0.0048833688
612.36945 9.954 0.6779286199 0.0461432460
196.09681 9.124 0.6779286199 0.1580772144
179.08727 9.381 0.6779286199 0.0575882285
105.01920 1.397 0.6785129712 0.0552734174
434.87184 1.655 0.6830826662 0.0735478173
138.05490 5.226 0.6823718199 -0.1478529241
130.08608 3.859 0.6868260571 0.0579901515
101.07077 0.99 0.6912911949 0.0289443699
281.02414 3.841 0.6912911949 0.0166461170
426.21226 8.517 0.6912911949 -0.0017774838
116.07153 0.909 0.6922568369 0.0299341600
166.05314 0.939 0.6912911949 -0.0336605432
96.04426 4.377 0.6912911949 -0.0250876040
281.24847 0.429 0.6922568369 0.0195073342
175.10759 1.012 0.6868260571 0.0087790388
281.15950 9.565 0.6912911949 0.0166094650
247.18027 8.894 0.7002536196 -0.0029424495
471.19640 11.271 0.7002536196 -0.0156061450
279.13378 10.427 0.7002536196 0.1812896986
168.07780 1.032 0.6968610138 -0.0731114449
283.10376 10.507 0.7002536196 -0.0035361275
283.16937 12.138 0.7002536196 -0.0120100174
228.12846 0.972 0.7047506276 0.0030399693
205.08172 2.444 0.7047506276 0.0344082467
90.50677 12.471 0.7047506276 0.0422774258
315.04161 9.833 0.7061027943 0.0284654665
349.24438 10.041 0.7137755288 -0.0266096503
244.07913 1.192 0.7137755288 0.0497443884
161.96956 5.914 0.7137755288 -0.0141103161
315.04150 8.971 0.7107400916 0.0064373091
146.11750 0.877 0.7137755288 0.0882507310
190.92842 5.012 0.7107400916 0.0470130911
269.08780 10.595 0.7137755288 0.0000314734
203.04007 4.18 0.7183031364 -0.0784161217
635.06921 9.54 0.7183031364 -0.0177596977
131.08252 0.985 0.7200467256 -0.0077271798
90.52578 1.842 0.7228406565 -0.0009581193
366.11176 6.382 0.7273879438 0.0217252694
199.10043 1.206 0.7273879438 0.0188545302
119.08140 9.653 0.7273879438 -0.0235107151
137.04578 8.857 0.7273879438 0.0193694650
438.97194 1.517 0.7340844151 -0.0981945596
315.04162 10.418 0.7340844151 0.0118123371
261.09446 1.214 0.7319448516 -0.0075826519
303.91345 1.715 0.7340844151 0.0193525292
180.05942 1.204 0.7340844151 0.0382034245
160.13313 0.929 0.7319448516 0.0109424213
132.99174 11.311 0.7340844151 -0.0450320131
423.12576 9.396 0.7340844151 -0.0119347498
191.13902 0.914 0.7365112326 0.0185894397
310.20133 9.1 0.7410869382 -0.0058188348
315.04139 9.462 0.7387837378 0.0217108757
165.11209 5.944 0.7410869382 -0.0522028534
277.11832 10.94 0.7410869382 0.0950673135
223.09228 0.991 0.7410869382 0.0278491741
635.06859 9.138 0.7456718189 0.0073417129
163.09646 8.511 0.7502657243 0.0042800943
269.13839 11.789 0.7502657243 -0.0019713924
698.16820 9.398 0.7456718189 -0.0461013016
172.09674 10.106 0.7456718189 0.5550063974
189.12341 0.99 0.7502657243 0.0053592703
241.03105 1.001 0.7502657243 -0.0035093074
445.07303 5.714 0.7482115530 -0.0807285765
665.37395 0.645 0.7482115530 0.0475826010
293.09537 12.356 0.7502657243 0.0268852543
569.31421 11.238 0.7502657243 0.0465062189
226.09353 10.051 0.7548685030 0.0050638039
110.54142 0.75 0.7548685030 0.0039614741
222.99521 11.996 0.7548685030 0.0665402181
228.99405 11.33 0.7529397183 -0.0472662498
228.99393 11.618 0.7576771691 0.0171830731
318.05966 8.714 0.7594800026 0.0158348054
237.08688 10.308 0.7594800026 0.0445700229
725.29382 9.519 0.7624237391 0.9036611108
269.08778 1.414 0.7624237391 -0.0473467475
464.08922 11.123 0.7624237391 0.1163656048
191.08138 10.787 0.7641000698 0.0216085121
92.52214 1.525 0.7641000698 0.0396454693
471.24462 10.798 0.7671792610 0.0096563032
298.18579 10.238 0.7687285504 -0.0754884536
437.29077 11.98 0.7671792610 0.0136219155
205.06813 0.998 0.7687285504 0.0468394217
235.07137 9.931 0.7733652894 -0.0310152396
237.12318 6.91 0.7733652894 0.0259189758
174.08828 0.997 0.7719435668 -0.0108719944
217.06176 9.907 0.7719435668 0.0237738904
225.04926 4.79 0.7767164872 -0.0046708180
99.04488 1.009 0.7767164872 0.0212616275
397.15988 10.063 0.7780101306 0.1187284712
420.92733 9.22 0.7814978520 -0.0052972391
154.06217 1.055 0.7814978520 -0.0089754566
363.06231 1.036 0.7814978520 0.1081086807
264.17474 9.936 0.7873234917 0.0307592536
145.09707 0.931 0.7873234917 -0.0396031310
463.48311 1.347 0.7873234917 -0.0115452669
283.01366 7.055 0.7826629173 -0.0355240269
88.03921 2.029 0.7873234917 -0.0409157079
165.01160 11.331 0.7873234917 -0.0384946769
310.17598 10.833 0.7873234917 -0.0145007770
132.03019 2.166 0.7910852294 0.0650220464
480.15680 12.579 0.7919916953 0.0012891292
225.06165 1.205 0.7958908969 0.0401168065
178.08624 9.139 0.8013503517 0.6905372732
194.92729 4.977 0.8007043186 0.0224209210
311.00842 7.066 0.8013503517 0.0250829631
210.06989 1.178 0.8007043186 0.0670234418
195.05086 2.523 0.8007043186 -0.0124237626
342.26364 10.588 0.8013503517 0.0843454987
205.12233 10.874 0.7966673687 0.0191390927
318.22760 10.422 0.8013503517 0.0484721985
186.07591 5.789 0.8013503517 0.0419351495
73.07600 9.618 0.8060404835 0.0538247857
356.27935 11.065 0.8107376021 0.0965843218
241.08692 11.965 0.8103537250 0.0052287496
168.09294 7.024 0.8107376021 -0.0130110837
307.16514 10.397 0.8107376021 -0.0431228674
309.18085 10.921 0.8107376021 0.0215147983
143.03486 0.991 0.8151893575 -0.0022253416
143.03486 0.991 0.8151893575 -0.0022253416
143.03485 0.992 0.8151893575 -0.0022253416
269.05336 10.389 0.8154415452 -0.0309993870
480.85041 0.749 0.8201521495 -0.0136832795
101.05956 10.514 0.8201521495 0.0188016169
187.07130 10.882 0.8248692511 0.0328740253
363.16229 10.301 0.8248692511 0.0355749111
272.07651 7.249 0.8295926852 -0.1479602624
208.09662 10.549 0.8295926852 -0.0626514260
272.20084 10.484 0.8295926852 0.0278039754
237.89749 2.487 0.8346006024 0.0273790607
432.14178 9.674 0.8343222867 -0.0065958023
183.11264 6.732 0.8343222867 0.0985857434
131.03477 0.991 0.8346006024 -0.0068425776
102.01944 2.648 0.8346006024 0.0972244168
149.08072 5.991 0.8390578894 -0.0424272954
219.07643 9.969 0.8390578894 0.0195535386
71.01366 1.245 0.8443449412 -0.0008928581
441.19742 11.281 0.8737153671 -0.0180480043
255.04659 1.162 0.8771386281 0.1152836125
396.03459 4.792 0.8532990353 0.0070217887
314.18103 9.221 0.8771386281 0.0481333220
176.12802 0.894 0.8723610663 -0.0039733588
100.07559 1.37 0.8675881556 0.0610566545
793.31830 11.544 0.8771386281 -0.0467407738
295.12886 9.271 0.8771386281 0.0020591947
388.25419 9.449 0.8771386281 -0.0044709735
372.25923 10.504 0.8771386281 -0.0075333829
211.14407 9.009 0.8437993267 -0.0501539186
270.08905 11.955 0.8628200668 -0.0752242628
201.01679 2.458 0.8492261563 0.2963253241
133.10515 1.114 0.8580569702 -0.0080244576
149.04539 1.234 0.8688070542 0.0125581286
86.09634 1.065 0.8628200668 -0.0568385671
86.09628 1.047 0.8771386281 -0.0528663523
419.14191 9.659 0.8737153671 0.1251210342
203.05259 1.204 0.8771386281 -0.0119192995
203.05260 0.997 0.8485464313 0.0189230986
146.08105 6.033 0.8580569702 -0.0345445975
78.91870 3.875 0.8639037918 0.0108585458
210.05010 7.041 0.8485464313 0.0131680654
229.91606 11.99 0.8639037918 0.0768209874
377.91455 5.802 0.8443449412 0.0353177559
210.05015 7.025 0.8485464313 0.0124731155
102.95673 6.96 0.8737153671 -0.0494986516
180.08653 1.783 0.8532990353 0.0236990391
157.06169 4.523 0.8590057651 0.0454163825
346.00940 8.557 0.8771386281 0.0745669935
75.00862 7.446 0.8688070542 -0.0468648828
349.10883 0.973 0.8628200668 -0.0674846547
305.06317 10.048 0.8580569702 -0.0054717274
131.08142 4.505 0.8723610663 -0.0734449177
197.12844 8.684 0.8532990353 -0.0405651255
640.16271 9.119 0.8532990353 0.1156663769
185.03049 9.821 0.8771386281 0.0083038248
161.12841 1.01 0.8485464313 0.0053462921
279.18024 10.347 0.8675881556 -0.0144272773
200.23726 9.743 0.8437993267 -0.0070940855
315.04155 8.621 0.8737153671 0.0473077656
203.05251 1.003 0.8485464313 0.0189230986
365.10535 5.437 0.8580569702 0.0403437327
360.23904 9.879 0.8786285451 0.1057835667
152.05663 10.045 0.8819206699 -0.0143009788
167.08539 12.572 0.8819206699 -0.0463287674
150.05495 10.804 0.8867070200 0.1783781570
185.12834 7.4 0.8867070200 0.0747051691
314.18103 9.232 0.8914975061 0.0417879552
310.99992 9.847 0.8933954034 -0.0064632414
334.12581 1.044 0.8933954034 -0.0204909485
182.98867 11.912 0.8933954034 0.0597644009
608.38342 11.87 0.8914975061 -0.0037600124
193.03524 2.468 0.8884687503 0.0592856036
141.01566 3.755 0.8914975061 -0.0507101652
248.16462 9.682 0.8962919555 -0.0413949725
406.07755 8.931 0.9010901952 -0.0043169028
255.13494 9.538 0.8983261734 0.0175816597
133.08579 6.236 0.9010901952 0.0195306776
311.00019 10.587 0.8983261734 0.0155555430
158.04011 0.897 0.9010901952 0.0505507887
195.05092 2.207 0.8983261734 -0.0096849320
389.16269 10.288 0.9010901952 0.2758424851
211.08237 1.037 0.9032608720 -0.0028489908
164.95691 2.482 0.9032608720 -0.0113831619
233.00668 11.007 0.9058920518 0.0244183201
88.07559 0.78 0.9058920518 -0.0662598186
707.35472 0.668 0.9081993103 -0.0040413777
548.29046 12.305 0.9106973512 -0.0303191491
264.09794 10.479 0.9155059192 0.0483969428
144.06298 0.713 0.9155059192 0.0004887237
358.25885 9.566 0.9203175812 -0.0330485344
705.32528 9.119 0.9203175812 -0.0325613489
226.92738 2.457 0.9180866494 -0.0174609282
96.96958 2.479 0.9180866494 -0.0282381377
261.12341 10.988 0.9203175812 0.1258356652
316.04490 10.475 0.9230351706 -0.0264319866
174.95605 1.643 0.9230351706 -0.0302713484
101.02426 1.2 0.9230351706 -0.0091244062
407.18846 10.548 0.9251321622 -0.0242172705
335.22869 10.076 0.9251321622 0.4209920553
177.08678 6.573 0.9299494869 0.0029076248
204.05581 1.036 0.9299494869 0.0049664669
214.08938 9.197 0.9347693797 0.0294171290
134.04472 2.01 0.9395916647 -0.0395429028
246.97734 4.126 0.9395916647 -0.0162424350
314.18100 9.212 0.9395916647 0.0576107110
307.14011 10.363 0.9444161658 -0.0158464743
85.07597 9.659 0.9444161658 0.0172719651
257.02774 4.803 0.9428571545 0.0000000000
284.17018 9.876 0.9444161658 0.0893849615
191.06619 1.892 0.9540711105 -0.0517628443
241.10289 0.989 0.9540711105 -0.0011875367
705.32525 9.166 0.9540711105 -0.0231072068
72.08071 0.917 0.9540711105 0.0027846111
131.08129 8.998 0.9540711105 0.0636144470
129.06566 9.317 0.9540711105 -0.0083695094
205.06814 1.161 0.9540711105 -0.1569137082
150.02283 0.922 0.9527822089 0.0698021560
146.08114 0.943 0.9540711105 0.0705532145
85.02931 0.991 0.9577475805 0.0194981288
205.08168 1.646 0.9637328001 -0.0173475103
321.89743 5.763 0.9577475805 0.0235180630
307.11085 12.348 0.9637328001 -0.0458772159
432.27996 10.695 0.9637328001 0.0000000000
118.04970 3.758 0.9637328001 0.0372373156
344.22801 9.105 0.9589012006 -0.0032568933
418.95567 10.153 0.9637328001 0.0086773885
175.05762 0.989 0.9637328001 -0.0568712564
376.21774 9.262 0.9589012006 0.0012929743
487.03583 1.444 0.9577475805 0.0362464405
242.98246 7.374 0.9685657316 0.0420370305
317.14536 3.942 0.9685657316 -0.1158271576
348.98978 11.448 0.9685657316 0.0167695837
144.06544 5.699 0.9685657316 -0.1382629498
223.14409 9.125 0.9733998179 -0.0520973373
81.52049 1.948 0.9782348815 -0.0130160115
76.03924 0.818 0.9782348815 0.0592931290
219.07628 10.787 0.9782348815 -0.0375796032
304.15421 10.089 0.9782348815 0.0081503576
522.08875 9.141 0.9782348815 0.0198186318
162.07700 0.889 0.9776235410 -0.0366647395
91.05396 10.004 0.9782348815 0.0022114851
119.03487 0.991 0.9776235410 0.0029488246
146.06332 5.783 0.9830707449 0.3767833974
116.92850 11.957 0.9825951859 0.0955822466
242.98224 6.978 0.9879072305 0.0472622988
230.08427 9.943 0.9879072305 0.0024505849
181.07165 0.988 0.9875675070 -0.0035257384
430.36731 0.756 0.9927441605 -0.0123740960
245.21099 11.725 0.9927441605 -0.0383543811
88.07560 1.067 0.9927441605 0.0268968544
189.04672 0.935 0.9927441605 0.0321181668
241.15468 4.688 0.9975813572 -0.0273561394
247.07118 11.161 0.9975813572 0.0320156771
237.08701 10.015 0.9975813572 0.0261315148
127.03890 1.207 1.0000000000 0.0106132679
249.15572 1.016 1.0000000000 -0.0259563799
487.62840 3.778 1.0000000000 -0.0095912003
640.16250 9.308 0.9975813572 0.0532658765
